Fuel Mass: 142.3586810440171/150.0
-0.4573558412808931,0.5489887998720171,-0.6000000238418579,0.9330397079164966
0.5467939827727382,0.4923918028114842,0.6000000238418579,0.9494384528144238
0.6000000238418579,0.5977711979458811,0.6000000238418579,1.037945307959005
0.5369882195425271,0.5537897513176833,0.6000000238418579,0.9772612062300359
0.6000000238418579,0.5359646754677103,0.5715286584982422,0.9868653248768235
0.6000000238418579,0.5538605294631485,0.5437436243785221,0.9810293796618532
0.6000000238418579,0.5198501031208147,0.5963352244351783,0.9929047578832051
0.4858670569302346,0.6000000238418579,-0.6000000238418579,0.9777867120341266
0.18327216895947807,0.6000000238418579,-0.5421143708217167,0.8291421516101851
0.015829772722658286,0.552672927542275,-0.5697955580252858,0.7939552408592985
-0.3416762296671406,0.6000000238418579,-0.6000000238418579,0.9147364118367721
-0.3651547696996059,0.550148388455161,-0.6000000238418579,0.8921890403745234
-0.4573044184423979,0.6000000238418579,-0.6000000238418579,0.9639125418560544
-0.6000000238418579,0.6000000238418579,-0.6000000238418579,1.0392305258366357
-0.5443547647276163,0.6000000238418579,-0.6000000238418579,1.0081280509449773
-0.6000000238418579,0.4897343114068242,-0.6000000238418579,0.9797141179903331
-0.5318786503983595,0.6000000238418579,-0.6000000238418579,1.0014464319023961
-0.5951034229667501,0.6000000238418579,-0.5463599744494302,1.0063087668888484
-0.5758278507837233,0.5642509246231271,-0.6000000238418579,1.0049660931028896
-0.5396542868621012,0.6000000238418579,-0.6000000238418579,1.005597735950665
-0.45568738312570395,0.5251889676424566,-0.5794288562502166,0.9051034428885659
-0.4834225269909348,0.6000000238418579,-0.6000000238418579,0.976574317101756
-0.6000000238418579,0.598725156908148,-0.5560408536464295,1.013732347835841
-0.5825581372254276,0.6000000238418579,-0.5511181063824641,1.0015513861207437
-0.6000000238418579,0.6000000238418579,-0.6000000238418579,1.0392305258366357
-0.6000000238418579,0.6000000238418579,-0.6000000238418579,1.0392305258366357
0.4732995234777775,0.6000000238418579,0.6000000238418579,0.9716030548247321
0.579608250220309,0.6000000238418579,0.5949881933653827,1.0246739493994568
0.5517326743652835,0.5933131378153758,0.6000000238418579,1.008181259534626
0.545862477303585,0.6000000238418579,0.5461017748882524,0.9778512265546003
0.5890888684805735,0.6000000238418579,0.6000000238418579,1.032969385891074
0.6000000238418579,0.6000000238418579,0.6000000238418579,1.0392305258366357
0.6000000238418579,0.6000000238418579,0.5383332743915543,1.004889432493741
0.4546510439840208,0.5881373280647835,-0.6000000238418579,0.9553078650723927
0.11130502162975786,0.6000000238418579,-0.5394458724271655,0.8144879899230784
-0.09050003672419438,0.5833105777572638,-0.5839907080931711,0.8303533187202642
-0.3053922172944222,0.5839657542836141,-0.6000000238418579,0.8912241228615078
-0.4384668311706704,0.5711901419780347,-0.5799023257888172,0.9245528907450433
-0.5300757204993144,0.5236532547406674,-0.5757137353733417,0.941615264192806
-0.48718957394100165,0.5643649231932406,-0.6000000238418579,0.9570065183152919
-0.5566751608103119,0.4839558994058357,-0.49186614389040567,0.8865849371258883
-0.5067136950700625,0.6000000238418579,-0.6000000238418579,0.9883110977784355
-0.5128485299173136,0.6000000238418579,-0.6000000238418579,0.9914704593979641
-0.6000000238418579,0.6000000238418579,-0.5946952330999943,1.0361768562809712
-0.6000000238418579,0.5821793625861167,-0.5805435793970659,1.017823013303671
-0.6000000238418579,0.6000000238418579,-0.6000000238418579,1.0392305258366357
-0.4598898506175707,0.5829463112750597,-0.586768916968266,0.9463735195208931
-0.5994417766707392,0.6000000238418579,-0.573578357083215,1.023876263980508
-0.5756592074935205,0.6000000238418579,-0.5361956884516326,0.9893883808173706
-0.5077529095651895,0.5151613489128533,-0.6000000238418579,0.9397894770616748
-0.5245783322323875,0.6000000238418579,-0.6000000238418579,0.9975883338673188
-0.6000000238418579,0.4874827178512109,-0.5701905284149471,0.9606022420897996
0.6000000238418579,0.6000000238418579,-0.6000000238418579,1.0392305258366357
0.5660977399488702,0.5770539812106275,0.5860631192220689,0.9984627825405186
0.6000000238418579,0.6000000238418579,0.5319533523612998,1.0014861088946194
0.5939731231808054,0.5255132763844401,0.5897010719271807,0.9882892435666469
0.5734007021102816,0.6000000238418579,0.6000000238418579,1.0241037166229912
0.44398600303569613,0.6000000238418579,0.5851328624531678,0.948421881983161
0.566483663283692,0.6000000238418579,0.6000000238418579,1.0202469299085255
0.4426482339277469,0.6000000238418579,-0.6000000238418579,0.9570462456014408
0.23645873059998823,0.6000000238418579,-0.6000000238418579,0.8808591195517124
-0.00035911913493358316,0.6000000238418579,-0.599047050853283,0.8478546613145433
-0.33818605528129736,0.6000000238418579,-0.5431839303806315,0.877165103512848
-0.4366061764642864,0.6000000238418579,-0.5289901823215821,0.9112933638130009
-0.5129786575500952,0.5491682733524799,-0.6000000238418579,0.9616303469468255
-0.519571091491842,0.5397207591188751,-0.5141529274833007,0.9086285543485452
-0.6000000238418579,0.6000000238418579,-0.5744392931704386,1.0246855901976046
-0.6000000238418579,0.5902117202708326,-0.5383874045625223,0.9991050499055916
-0.5690340404558571,0.46540039535990263,-0.5541605380897433,0.9205928357176074
-0.5847890133699631,0.6000000238418579,-0.6000000238418579,1.030523288130198
-0.6000000238418579,0.5586608351085247,-0.5707511971327944,0.9989288695011784
-0.5364578129862554,0.5017827740452745,-0.6000000238418579,0.9484582046947546
-0.5611603069747138,0.6000000238418579,-0.6000000238418579,1.0173008145796478
-0.6000000238418579,0.5925697812773398,-0.6000000238418579,1.0349584546751307
-0.556354207511777,0.537497686542143,-0.6000000238418579,0.9789963206592982
-0.5503342316574107,0.6000000238418579,-0.6000000238418579,1.0113692815952107
-0.6000000238418579,0.6000000238418579,-0.5723541454645692,1.023518111735663
-0.6000000238418579,0.5348691685451574,-0.5577317428181575,0.9783403053219251
0.4400274217562343,0.6000000238418579,-0.6000000238418579,0.9558369050826083
0.6000000238418579,0.6000000238418579,0.5392585266644829,1.00538540659829
0.547808952598204,0.5283118112278016,0.6000000238418579,0.969127466868921
0.6000000238418579,0.6000000238418579,0.6000000238418579,1.0392305258366357
0.5712589650518243,0.5976780973407851,0.6000000238418579,1.02154585888408
0.5895714407862691,0.5999300814449873,0.6000000238418579,1.0332040529457946
0.6000000238418579,0.5655272358330508,0.5552838837561991,0.9940630134144259
0.4843034965339996,0.6000000238418579,-0.5962096855086636,0.9746875881325398
0.3049945975652216,0.6000000238418579,-0.6000000238418579,0.9016771937697169
0.1438155734248514,0.6000000238418579,-0.6000000238418579,0.8606294071085294
-0.2706608910927627,0.6000000238418579,-0.4834715192843114,0.8167019386143507
-0.41988433183860036,0.5334054339756549,-0.5778268086302399,0.8914639812634678
-0.5228058734382707,0.5667080875058479,-0.6000000238418579,0.976977004005887
-0.5431168627279057,0.5101329499502472,-0.5532535202571602,0.9280630425145073
-0.5610302462573126,0.6000000238418579,-0.5391674440875552,0.9825764594115197
-0.45307106152642884,0.5849118562135835,-0.6000000238418579,0.9525729866745828
-0.5988674763084568,0.6000000238418579,-0.5671425041115384,1.0199475000019347
-0.6000000238418579,0.6000000238418579,-0.6000000238418579,1.0392305258366357
-0.5446803529673855,0.6000000238418579,-0.6000000238418579,1.0083038947307184
-0.550657950404671,0.5981724721240831,-0.6000000238418579,1.0104625244714127
-0.5582569319765086,0.6000000238418579,-0.6000000238418579,1.0157021508888737
-0.5569895822831713,0.5189094102965246,-0.5619594189095041,0.9462043961889927
-0.6000000238418579,0.5740210636440466,-0.6000000238418579,1.0244511890409922
-0.5987329026163898,0.6000000238418579,-0.6000000238418579,1.0384994684138782
-0.6000000238418579,0.6000000238418579,-0.6000000238418579,1.0392305258366357
-0.6000000238418579,0.6000000238418579,-0.5962156619237451,1.0370502267217483
0.23438906506321477,0.5962377114583588,-0.6000000238418579,0.8777457895065855
0.5679366978024847,0.6000000238418579,0.5033665288012348,0.9674347438656652
0.5385512389241072,0.5900498643240222,0.5860140229741158,0.9907616839875244
0.6000000238418579,0.5895828401634409,0.6000000238418579,1.0332511711271608
0.6000000238418579,0.6000000238418579,0.6000000238418579,1.0392305258366357
0.6000000238418579,0.5361913373618905,0.5100381978109343,0.9527014968490333
0.5438047062786289,0.5422738885944172,0.526305421257939,0.9310112379921054
0.6000000238418579,0.6000000238418579,-0.3462930756799041,0.9164709223343138
0.364093575259265,0.6000000238418579,-0.6000000238418579,0.9233440251420563
0.18751324474345754,0.6000000238418579,-0.6000000238418579,0.8690001577529661
-0.009527619190196401,0.5885374911874377,-0.5792133031497074,0.8258057910951168
-0.22461562472954394,0.535352200263288,-0.5008476247807412,0.7667480032239387
-0.4065651702379408,0.5881718263279088,-0.5160906972746805,0.881811171821938
-0.3058725304592156,0.6000000238418579,-0.6000000238418579,0.9019745351782299
-0.41966926723082115,0.5965354378902714,-0.5848933881435908,0.9349209046818246
-0.5618032267152695,0.6000000238418579,-0.6000000238418579,1.017655601256215
-0.5011386843663557,0.6000000238418579,-0.549238862565633,0.955407419759268
-0.42598905102463325,0.542918551328673,-0.5413782666191554,0.8771075490139472
-0.6000000238418579,0.5722780707713218,-0.5309706529324055,0.984597406644686
-0.6000000238418579,0.5335955277593942,-0.5672917419558567,0.9831297657717251
-0.585168454841823,0.6000000238418579,-0.48226225274200957,0.96695347849418
-0.555844041718682,0.5883125136719118,-0.48716055034597994,0.9446690501284147
-0.5325498219212476,0.530862002616558,-0.6000000238418579,0.9619895047559746
-0.5899054574374734,0.6000000238418579,-0.5145204434571012,0.9862655646731446
-0.5285303277224657,0.5616006212417544,-0.5743147259165553,0.9615492548518507
-0.6000000238418579,0.6000000238418579,-0.6000000238418579,1.0392305258366357
-0.5267888711323011,0.5719076414220063,-0.6000000238418579,0.9821328289370824
0.6000000238418579,0.5899999826521338,0.4370131214919226,0.9481985427619377
0.6000000238418579,0.5970895396440168,0.5527739569707235,1.0109772472551524
0.6000000238418579,0.6000000238418579,0.6000000238418579,1.0392305258366357
0.6000000238418579,0.5265350321434517,0.6000000238418579,0.9986186445759792
0.6000000238418579,0.5197619362853041,0.4522252631570782,0.9135973881632802
0.5214627275909118,0.6000000238418579,0.5408658758990701,0.9614880657547715
0.6000000238418579,0.6000000238418579,0.3584241057375185,0.9211231713480016
0.5454881177837285,0.6000000238418579,-0.5918097912407784,1.003890504119806
0.3488117704492931,0.6000000238418579,-0.6000000238418579,0.9174255874044666
0.25932697358468004,0.6000000238418579,-0.6000000238418579,0.8872713995441583
-0.10522122715191651,0.5450673309294354,-0.5473419837625069,0.779585241701618
-0.149999654184646,0.5943775007096461,-0.539832164595715,0.8168251193110151
-0.33728356900275835,0.5726285617264097,-0.6000000238418579,0.8953567469083623
-0.41504532493978097,0.544498765452321,-0.5435672776345276,0.8741892887976159
-0.5070002911266097,0.6000000238418579,-0.6000000238418579,0.9884580681156521
-0.5252420487042945,0.5721952676246782,-0.41308367476218977,0.8797299337718344
-0.48757188035470905,0.6000000238418579,-0.5838608841042514,0.968823977361138
-0.6000000238418579,0.6000000238418579,-0.552736637821614,1.0126785511754468
-0.5236132636239791,0.48593666916003864,-0.6000000238418579,0.9329015622709277
-0.5785984591522078,0.5169045650628419,-0.6000000238418579,0.9807989268582755
-0.5378561599675445,0.6000000238418579,-0.5320802988053749,0.9656079545043527
-0.6000000238418579,0.6000000238418579,-0.5823655169818563,1.0291499660350794
-0.5652168247270845,0.5759899064065763,-0.5073927069589103,0.9532480214046682
-0.5782494185137351,0.6000000238418579,-0.6000000238418579,1.0268263958585857
-0.6000000238418579,0.6000000238418579,-0.5758730615203704,1.025490048808522
-0.6000000238418579,0.5872156857210753,-0.5755087746679054,1.0178568857589247
-0.4687280491154573,0.5989638266657991,-0.5486924547994555,0.9378310400256394
0.5403001104521983,0.5086160449628498,0.35646692895489895,0.8232151371220322
0.6000000238418579,0.4981454149937514,0.5088766682890988,0.9311843784227377
0.5464420262002487,0.6000000238418579,0.6000000238418579,1.0092566300095795
0.6000000238418579,0.5801951192317727,0.6000000238418579,1.02792335978945
0.6000000238418579,0.5230241878240831,0.6000000238418579,0.9967719690428207
0.6000000238418579,0.5329367126457776,0.45640958236280205,0.9232178914906847
0.6000000238418579,0.4729222304440177,0.33709343952154946,0.835037395346366
0.4761931386962157,0.6000000238418579,-0.49477802767152057,0.9119019852035104
0.3172214441232126,0.6000000238418579,-0.6000000238418579,0.9058860313704349
0.1569889453942913,0.6000000238418579,-0.6000000238418579,0.8629284942545772
0.15115180715867704,0.6000000238418579,-0.6000000238418579,0.8618856803705431
-0.13644674587868483,0.6000000238418579,-0.5631097421141911,0.8340925156929675
-0.13673381815543256,0.6000000238418579,-0.5708673766158942,0.8393960491459952
-0.2491733587037544,0.6000000238418579,-0.5455700908888564,0.8483714489363813
-0.23434900179316903,0.5931206706794112,-0.5914703624736602,0.8697981227350242
-0.5423248924689315,0.5267331302719702,-0.6000000238418579,0.9651756877003153
-0.5197076904962301,0.5995163300834481,-0.6000000238418579,0.9947441591725388
-0.6000000238418579,0.568156764210421,-0.5086808337668709,0.9703392849771904
-0.5503283174053315,0.5517291952037788,-0.6000000238418579,0.9834970210369844
-0.5686828651921583,0.5982924982912132,-0.5765037901628146,1.0068320290628396
-0.6000000238418579,0.5988935663215096,-0.4942798558335021,0.9813185559614748
-0.6000000238418579,0.6000000238418579,-0.6000000238418579,1.0392305258366357
-0.6000000238418579,0.5154338192639272,-0.6000000238418579,0.9928101929681518
-0.5579724443169474,0.5999103717118355,-0.5974461793576773,1.0139860156498943
-0.5407170365983751,0.5920598912745749,-0.5134463006701316,0.9521223304784072
-0.5832558355546534,0.5731309204358552,-0.6000000238418579,1.0142319509256439
0.193524958374087,0.5596626950975778,-0.6000000238418579,0.843014988246239
0.6000000238418579,0.5113924882919845,0.6000000238418579,0.9907180902264415
0.5910077065180839,0.6000000238418579,0.6000000238418579,1.0340648753266042
0.5679153423415086,0.6000000238418579,0.6000000238418579,1.0210425521433146
0.5170114463471782,0.6000000238418579,0.5385807786757926,0.9577944035247096
0.6000000238418579,0.6000000238418579,0.5819911795801214,1.028938185864205
0.5692867256887455,0.4840228462095768,0.3367001710212757,0.8195928848300167
0.5520270312948794,0.4567825736906357,0.27422375373083263,0.7671915210805624
0.49609855514252565,0.5846937727789552,-0.6000000238418579,0.9736429596886222
0.4329977151707387,0.5879146022881523,-0.6000000238418579,0.9450558869913178
0.187143593503724,0.5704965122545489,-0.6000000238418579,0.8488162484862797
0.07240572220413588,0.5323322100899466,-0.6000000238418579,0.8053696040436215
-0.05553406321999699,0.5197420248465363,-0.5915353940977826,0.7893857910044486
-0.027896577924710342,0.6000000238418579,-0.5498905540778316,0.8143450553261585
-0.22520272648215023,0.5558258295028857,-0.5908332270405174,0.8418684712784277
-0.26226279218843457,0.4679047508179106,-0.6000000238418579,0.8048084595819524
-0.43191630092837774,0.6000000238418579,-0.6000000238418579,0.9521301109764952
-0.5114524211604519,0.5544024243044394,-0.5964755545792296,0.9616281580715738
-0.55899517155866,0.6000000238418579,-0.5851703717331911,1.0074224508072505
-0.5072086036492777,0.591450785492672,-0.5550386359414452,0.9566307995582669
-0.6000000238418579,0.6000000238418579,-0.5383826664003978,1.0049158933467328
-0.5699387573110636,0.6000000238418579,-0.6000000238418579,1.0221693814166708
-0.5306233333325129,0.6000000238418579,-0.5469560333862665,0.9699082703765216
-0.6000000238418579,0.5704437783775198,-0.5256219460127088,0.980655170296898
-0.48379517160466734,0.6000000238418579,-0.5272070111273819,0.9338120952633281
-0.6000000238418579,0.6000000238418579,-0.5394225528703465,1.0054733948571797
-0.6000000238418579,0.6000000238418579,-0.5952087651716482,1.0364716741704127
0.03250981984230594,0.6000000238418579,-0.5386727101778472,0.8069852574159928
0.5567914360450237,0.597138692661001,0.44127915076657387,0.928072524335915
0.5704749986715629,0.5970332424845277,0.6000000238418579,1.0207303489909265
0.6000000238418579,0.5366160315434316,0.5393683329320227,0.9689556194633068
0.6000000238418579,0.5340608889043541,0.5708411549893266,0.9854342625954748
0.6000000238418579,0.5897006432889673,0.4883914974835606,0.9727657128619854
0.6000000238418579,0.43143789131560273,0.485369039452094,0.8841503193076007
0.5047039749018329,0.3698319826705023,0.06749071908389226,0.6293304337549279
0.39352248578755233,0.560107330893366,-0.5319859451395302,0.8669424518195565
0.3344175190902481,0.6000000238418579,-0.5386354969278733,0.87290509463254
0.30546316039038823,0.5603174853496824,-0.5622028357072667,0.8504913022609741
0.15421530351488977,0.574209588175733,-0.6000000238418579,0.8446887234960371
0.12242768551425365,0.5794604195452133,-0.5468688764295587,0.8061193981087539
0.0016397420497489268,0.48662599351514646,-0.5924276438815698,0.7666668504335251
-0.0693896367603758,0.5618502518082191,-0.6000000238418579,0.824918575228444
-0.1764576302140623,0.5289624639205266,-0.6000000238418579,0.8191084251232356
-0.24667823755768686,0.6000000238418579,-0.6000000238418579,0.8836572922264755
-0.4882974127047006,0.48401086334371546,-0.5613014737500739,0.8875585746996298
-0.40476679835515395,0.49287758729237785,-0.6000000238418579,0.8756509040228688
-0.6000000238418579,0.5396705250923148,-0.5604876331384822,0.982542971663236
-0.585588865324703,0.6000000238418579,-0.5338266638552245,0.993924169564913
-0.5351267959040323,0.5316232886755885,-0.594330397228013,0.9603190250255232
-0.44088828884231357,0.5929012842558663,-0.582408677989295,0.9408051255747905
-0.6000000238418579,0.6000000238418579,-0.6000000238418579,1.0392305258366357
-0.6000000238418579,0.6000000238418579,-0.6000000238418579,1.0392305258366357
-0.6000000238418579,0.6000000238418579,-0.48390451725619643,0.9768130010608032
-0.517707015399037,0.5429903103861926,-0.5931269848076215,0.9563778808994136
-0.18096635265754574,0.5151309844331589,-0.5109231298265859,0.7477641316010316
0.6000000238418579,0.2214272742235669,0.3495065765019978,0.7288243364477175
0.6000000238418579,0.6000000238418579,0.5546522466560022,1.0137253927671985
0.5894823998420031,0.5796839941967855,0.5244107814810599,0.9790453005785801
0.5862853299669286,0.6000000238418579,0.6000000238418579,1.0313731358508862
0.48625093296820654,0.6000000238418579,0.5410757820135108,0.9429756096019736
0.5345551677923148,0.538201465590306,0.3703565197727915,0.8441409815399542
0.5541019692220572,0.33619347875864547,0.38029935376196744,0.75145368847812
0.535074891852539,0.5047911381184245,-0.47784030408000183,0.877183327028717
0.45182563565634837,0.4749319400456846,-0.6000000238418579,0.8886544780295945
0.42166130503037547,0.5181507871993853,-0.58405916711592,0.887357653444993
0.30763134736476605,0.4179944940207918,-0.6000000238418579,0.7933199049080952
0.27612888325857543,0.6000000238418579,-0.6000000238418579,0.8923268556925137
0.29347253480223345,0.4957645130639896,-0.5834321809313326,0.8199400532009118
-0.03318765621834752,0.5688086626524773,-0.6000000238418579,0.8274326219360686
-0.04074069620062626,0.5993485774364282,-0.581582573125367,0.8361320535448361
-0.08090830366953394,0.4023789116256564,-0.5213497164962202,0.6635212649300838
-0.24294929545942595,0.49516429653182725,-0.5536937126981025,0.78152976156094
-0.3433959001591922,0.5615120690047211,-0.6000000238418579,0.8906270692575735
-0.45948255389764003,0.5973580205728664,-0.6000000238418579,0.9633072462559704
-0.5187072559528553,0.4434659526861764,-0.6000000238418579,0.9086909800257891
-0.5924974652217389,0.6000000238418579,-0.5806413868349735,1.0238152641028835
-0.5652216119842167,0.6000000238418579,-0.6000000238418579,1.019546726675387
-0.6000000238418579,0.48076633637356214,-0.5594056653795192,0.9508264811515241
-0.6000000238418579,0.5393753801545358,-0.510524596282509,0.9547571380914095
-0.6000000238418579,0.5070890536093751,-0.48937879899601605,0.9255435947633504
-0.5678716607524196,0.6000000238418579,-0.5205422370111913,0.9764437885554684
-0.4076661147092887,0.575216547264632,-0.5793664971727369,0.9125411088687558
0.41575070489172594,0.6000000238418579,-0.6000000238418579,0.9449067180618557
0.6000000238418579,0.559284796040747,0.44169146573167906,0.9316066029138957
0.6000000238418579,0.4998312627180854,0.6000000238418579,0.9848001565854952
0.6000000238418579,0.6000000238418579,0.490322250767129,0.9800081463017557
0.5470949902284961,0.5490916418341565,0.5307024652992869,0.9393932436099317
0.6000000238418579,0.470547303599564,0.24733679173032486,0.8016172915291314
0.5496685041310467,0.3273608348677609,0.4547116978861139,0.7848970052391921
0.5636853402843609,0.27078488938523737,0.07544289052980324,0.6298866952892106
0.5504723386626686,0.3545403586396253,-0.5990062200875317,0.8874272439138965
0.4116951440192189,0.4884975092393993,-0.4958813527202762,0.8087156633315528
0.32587364362847326,0.5795814739029279,-0.5844989601918833,0.8852950643534506
0.24583696163917168,0.46086572398752823,-0.6000000238418579,0.7955080489000461
0.20708130220533283,0.5101532019759791,-0.6000000238418579,0.8143334598428525
0.10677934975810677,0.36595098597353604,-0.6000000238418579,0.7108600300199733
0.17467987131931395,0.41620587406957577,-0.6000000238418579,0.7508264883875513
0.018557563073107075,0.43857391530342826,-0.3846155942087479,0.5836271220910996
0.021523882902625524,0.327765570819166,-0.5803752853984688,0.6668800633179656
-0.16372773517631511,0.3347268707898635,-0.5829258378308971,0.6918463570082544
-0.25481024215067005,0.5356775981723536,-0.5639459146875935,0.8184825858754792
-0.37244410345518897,0.42299208043054404,-0.6000000238418579,0.8231870619219726
-0.4610862283591267,0.3473061531126642,-0.48873071225308096,0.756359559384137
-0.6000000238418579,0.6000000238418579,-0.5803556039359739,1.0280139513840991
-0.43653820323268466,0.6000000238418579,-0.491243362918679,0.8898795834850374
-0.6000000238418579,0.5690133261476993,-0.5896183706342162,1.0155914616287625
-0.5809258132781246,0.5149321534712323,-0.5054508424438553,0.9263425270053051
-0.6000000238418579,0.5819917104696333,-0.5633933737363505,1.0080309882318235
-0.4711143519069926,0.6000000238418579,-0.6000000238418579,0.9705404627284767
0.17997381839194337,0.3171310181593687,-0.6000000238418579,0.7021130155435121
0.4851523024697526,0.4007234654498901,0.2767008918647573,0.6873975821259657
0.5950259673880336,0.5654812899078219,0.6000000238418579,1.0167718621756354
0.6000000238418579,0.5982978116955076,0.6000000238418579,1.0382486834569515
0.5380018448642443,0.6000000238418579,0.47237320521881654,0.9341212226987773
0.6000000238418579,0.5181061526052684,0.4948422079142998,0.9345067280181362
0.6000000238418579,0.46397247459701174,0.35312100367085864,0.8366390673566584
0.5796094503952309,0.26727257290244766,0.2881535337025347,0.7002957962165799
0.5923918300324429,0.2850863052780952,-0.27340526480564853,0.7120061239692738
0.3910422401254504,0.4254571528644935,-0.5965028067994068,0.8305079295259389
0.37838905229437225,0.4571304428420935,-0.6000000238418579,0.8438877563275058
0.3330895579471208,0.37061843865647315,-0.599025404736558,0.7791906802608507
0.22546233162490703,0.1836282540614862,-0.6000000238418579,0.6667477988577385
0.05979975132550719,0.2716062558326964,-0.530214413674344,0.5987263923814258
0.161614893748093,0.27188075488397745,-0.5381497588335256,0.62421445168313
0.1832407736518301,0.31153314171657653,-0.43256735796116014,0.5636883879323933
0.09605971218992937,0.19410113422446174,-0.53558167304506,0.5777113873855874
-0.011365201457922969,0.22789711811174607,-0.47708012835511565,0.5288399692904764
-0.0024544251507298,0.22849340166198573,-0.5667873487926618,0.6111163208075043
-0.10688360220366422,0.288587702831097,-0.4978445812734532,0.5852830031264368
-0.19892556994288685,0.38756743738998733,-0.5593365583042494,0.7089691716554304
-0.16696536016262048,0.4391731192681685,-0.556177376697272,0.7280684957693374
-0.4894230936678977,0.4743082607679525,-0.45680488913067363,0.8204718140081735
-0.540268538274421,0.5625123708327906,-0.5624537024034792,0.9615947317537092
-0.6000000238418579,0.5886614550237559,-0.5880745144505992,1.0258430541692152
-0.5717810297124901,0.5841872352467368,-0.6000000238418579,1.014006065255298
-0.5913812253115789,0.5767625027817063,-0.47705341818960173,0.9539217484010024
-0.49635064169155774,0.5636620260313754,-0.48682594935162815,0.8950298006544419
0.12221538153007883,0.16922595586560585,-0.4101981954140395,0.4602570837500551
0.6000000238418579,0.5088462984605515,0.2638969706767922,0.829798888405873
0.6000000238418579,0.6000000238418579,0.571266986001713,1.0229105662353584
0.5236175963476968,0.6000000238418579,0.5747287712237124,0.9820837929054159
0.44911434919758353,0.6000000238418579,0.5677135144571068,0.9402139978550833
0.5893163770924814,0.5314906120964684,0.3419534252341172,0.8641227968786793
0.5334403321184604,0.4565323771698111,0.23049815239302907,0.7389924205237642
0.6000000238418579,0.23870518466473012,0.28931615507745245,0.7075902991031275
0.42030798508744405,0.22734950132908294,-0.18072414530206227,0.5108892392466402
0.6000000238418579,0.33005040224150783,-0.5004847173068881,0.8481852680209476
0.4222174130980274,0.29862869247198776,-0.46104254211312506,0.6928252777784975
0.4318311902489833,0.20514480616049058,-0.47223426662143747,0.6719879246965422
0.31954103874402173,0.32175625116479767,-0.4157371513601312,0.615199918421865
0.22469217914474848,0.12994302658976964,-0.3362218377733851,0.4247550938174112
0.1799297304187566,0.1878354190894651,-0.31103387348761974,0.40546137055186166
0.11341885392169826,0.038680347176117236,-0.38299647098685785,0.40130574687009346
0.24843589981146919,0.17432085819753185,-0.3633120348264809,0.4733960208616211
0.22683651900912616,0.03603077085426054,-0.32516290877037696,0.3981004145244543
0.2306759332575754,0.05572187520061689,-0.42842920703858445,0.4897631049842738
0.08436440995580885,0.05308112148274047,-0.32224684363156614,0.3373099277453367
0.026246254747288034,0.10492771240622578,-0.34244641722028557,0.3591214827688161
-0.15788166372606732,0.3006643740775975,-0.5520549586679045,0.6481437826363887
-0.4078156575193632,0.4086772892407686,-0.3208250241143361,0.6604993817991791
-0.4832309939873374,0.5189107717980275,-0.3844926123001903,0.8066071854077665
-0.5552277471190062,0.5154316586244518,-0.442673762804077,0.8774438478662443
-0.4580526330655842,0.5170269550403988,-0.49509870723353067,0.8498539973436464
-0.48264104308903283,0.5300846237702548,-0.4044907191497943,0.8231311114944204
0.0029560245745261504,0.05343306358591415,-0.2763992503619261,0.28153219348077446
0.43761998424040627,0.06436767097995355,-0.4008032899509985,0.5969067975065296
0.5457036352462086,0.5346285011136132,0.2828220901867301,0.8146216461778477
0.6000000238418579,0.4675417626036602,0.4668956481406099,0.8925171564969537
0.5972677801721653,0.5597524559310096,0.5489588979412494,0.9856000633022778
0.6000000238418579,0.6000000238418579,0.29933245046876034,0.8997777354014118
0.5437512578441543,0.43059150085433995,0.1358388792551657,0.7067720085942797
0.6000000238418579,0.4379093898190827,0.11802442759565679,0.7521266035789678
0.5803805771000976,0.2821321727451477,0.24250662906423126,0.6893835233837815
0.4812385017150804,0.1524866327637201,0.010850772547332577,0.5049360434445803
0.5019144096829344,0.15360722112312364,-0.34632076974340475,0.6288492097348943
0.4253929722388836,0.23782491543406026,-0.28301901255760636,0.5635775303368047
0.4405444613891272,-0.033259097059125,-0.17996761156264574,0.4770470953788397
0.3720801823635681,0.11686559546493991,-0.11956845040378405,0.40791891822155446
0.29747412278987073,-0.05748819164649377,-0.11100967220627256,0.3226745934091049
0.19325137321245545,-0.14748534078722747,-0.16073569173834612,0.2914343521176407
0.1137124967024693,0.033026168318291305,-0.17523571736370275,0.21149188244485584
0.13656206731483356,-0.13611051650856992,-0.07215701865805924,0.20586866268363996
0.02682194746224431,-0.21869658725018065,-0.22328830792289056,0.31369616286402174
0.19195486883439772,-0.12344443758835871,-0.2457605895855477,0.33538555161809375
0.1942066230473104,-0.03249261086742461,-0.0296731697661341,0.19912930271658114
0.09348701486163913,-0.055374414297328145,-0.13308878299796045,0.1718102786983092
-0.10578701191373907,0.12026783848289746,-0.24201506242704124,0.29021808231836715
-0.17093545623779727,0.3271343029876034,-0.2231406141461686,0.43130907255927076
-0.4197267771603774,0.4976943432332652,-0.21619886676112965,0.6860117905259536
-0.46414769575477516,0.5377029766524899,-0.4463324859797976,0.8389101636148663
-0.519025569747323,0.5832089051155724,-0.5167523265113918,0.9362441647415348
-0.5675675493385088,0.4699186208185411,-0.35846233960596147,0.8194215533959917
-0.09716746904227491,0.14776961962677249,-0.18095626570831963,0.25302677254358374
0.42039982923313235,-0.054572799683509365,-0.152576670538437,0.45054838505663075
0.5722031661245401,0.5711592037028821,0.1728358161042567,0.8267475543513164
0.6000000238418579,0.6000000238418579,0.562839271574312,1.0182279228378892
0.6000000238418579,0.49627631742597833,0.6000000238418579,0.9830006309552148
0.5443131065181412,0.6000000238418579,0.4612692593829464,0.9322264296775495
0.6000000238418579,0.5491599705083525,0.2190124180419183,0.8423438377975663
0.6000000238418579,0.4614434560949652,0.14015307978686675,0.7697876184746284
0.5038039049677494,0.10374187343902908,0.2265704424515016,0.5620630893040939
0.5445327375553257,0.08320150727426834,0.010300826238990757,0.5509487272908553
0.5492012293805388,0.03540691124182416,-0.17503716099291272,0.5775064046789788
0.44853450556069485,-0.12500560203427158,-0.018831967929448412,0.4660088478072315
0.5615466546872028,-0.10487374934433696,-0.03202699469844372,0.5721528441608427
0.3971810945380466,-0.20823233114820044,-0.08132766085293952,0.455771559022352
0.3761924369834657,-0.048239550668030096,0.015192460069109459,0.37957688909516574
0.32144489154203837,-0.13911807755522027,-0.08655196092960626,0.3607934308463684
0.23322793493149507,-0.1001095979507251,0.11264263395082919,0.2776788868777135
0.3013822765634617,-0.27489742167558734,0.008074458063459966,0.40800130630119213
0.21010515430421972,-0.21536615766331924,0.06736859897017844,0.30832658960762105
0.18015971530973707,-0.29846544452791407,0.13326722033873661,0.373228209832194
0.21881264949989254,-0.2957799308299228,-0.03901335463448796,0.3699821413294878
0.07575441438232133,-0.23185605575369206,0.12295973721317566,0.27315757149235464
0.10770702659590137,-0.14651317862886787,-0.08691966259622363,0.20154885967404057
-0.1458685511776588,0.0947777751489568,-0.14134205981206704,0.22413843658947347
-0.2822860563019082,0.40680876783321307,-0.2625019260437506,0.5604338072824835
-0.459659290479035,0.5247680747430727,-0.3565885304940771,0.7834689372739461
-0.4497179726097732,0.5151787211313394,-0.4603956082177286,0.8243903721301817
-0.5571853725541045,0.5036732137307558,-0.3863431391568108,0.8446320304083091
0.0402146568218994,-0.0408127524206322,-0.07156459981416385,0.09167546743819951
0.22561364162682873,-0.15306108795883522,0.08937711966782802,0.28691023239922736
0.5885180925184006,0.3294282470239871,0.19127105435416558,0.7010428884116491
0.5387355877148514,0.4923628770008577,0.389435262222099,0.827234585580791
0.6000000238418579,0.5995934156221983,0.5975986407689813,1.037610923283221
0.6000000238418579,0.6000000238418579,0.4863269539954802,0.978015318593212
0.586535811290992,0.4865917226825831,0.20091534819228263,0.7881387819725738
0.5932837118286043,0.4761580342024714,0.10733764987444627,0.7682664949984852
0.6000000238418579,0.24883640561766562,0.13399314201482782,0.6632297848242005
0.5739543367109887,0.004401315849572374,0.15222038742366362,0.5938131006958073
0.6000000238418579,-0.17871030743258998,-0.03492301481110882,0.6270223437457215
0.44429525812318604,-0.21890589389135306,0.00573850105920326,0.49532918061176984
0.379365584826706,-0.1254502925596806,-0.09168337581101926,0.40995349035509226
0.3257507746960795,-0.05229262038444038,-0.06248656047997325,0.3357866221313537
0.3775078551534501,-0.2572505072284863,0.08566222695943515,0.4647881466856933
0.37290745481848986,-0.28686920223691476,0.1327348941511315,0.48884809621861064
0.16433463016184768,-0.1911275809370006,0.1402000035345431,0.28842965148601984
0.3613601890022514,-0.30649709979673034,0.23000408405450512,0.5267101072329081
0.20655991381607663,-0.22741746979608285,0.08774262017838741,0.3195066055028065
0.18115325763773704,-0.424332037432834,0.1616436255799114,0.4888791695657353
0.21664688516957775,-0.2727554322253083,0.06000932898816558,0.35345794407214115
0.11734812422265506,-0.05661441796461664,0.10631446090782704,0.16816224064328433
0.22522158245826374,-0.16836240312043538,0.08272504721513718,0.29311105988385894
0.05784287560268808,0.12052680525646409,-0.10711661217840202,0.17130813654901467
-0.1684491489142957,0.35165937019139215,-0.3347946690849829,0.5139327765973682
-0.4426086596998715,0.35276251764137556,-0.33925262942865525,0.6598758717124418
-0.39097021776818625,0.5478558521654135,-0.3328059103323883,0.750841874089188
-0.3849616995840821,0.3968168048343782,-0.36082880408541484,0.6601942991296886
-0.059833119091800224,0.08085153064479478,-0.16846746732965384,0.19620973394897545
0.2350690681503197,-0.26379388916012037,0.1980476063603428,0.4050525115887356
0.5166769766597441,0.27719325456903554,0.19585045538836365,0.6181816880696623
0.6000000238418579,0.5679597941355119,0.31432367741897105,0.8839557288410255
0.6000000238418579,0.6000000238418579,0.47032936609949694,0.9701596620330154
0.5985169952134104,0.6000000238418579,0.5385673180270014,1.0041301599973567
0.6000000238418579,0.4754124233812118,0.2074625041611391,0.7931315726588101
0.6000000238418579,0.37693453251442643,0.04221754134634903,0.7098323683866705
0.6000000238418579,0.2900352800230621,0.1649540756986405,0.6865350241305093
0.546138233866398,0.15509365388944674,0.05301231678630902,0.5702028741584348
0.5734507350658735,-0.05766767919888616,0.04385728187066962,0.5780093147561375
0.5997909914525541,-0.16108662532693346,0.11244481683998586,0.631143383963609
0.44659907226640083,-0.16664041850840333,0.026663643606231635,0.4774208943062985
0.4068434469947022,-0.24635290333095666,0.06871746847814741,0.4805553389737418
0.36197009556161697,-0.24471827022389225,0.025092465754525506,0.437651703641037
0.3487851269388421,-0.28040772984074114,0.0372713830064485,0.44907540092883697
0.3519737914582274,-0.21321165329479913,0.1300499554370802,0.43157589122119405
0.2558753456665953,-0.25688744027449617,0.14241819472238793,0.38954626384906643
0.2317438272801523,-0.21131864722129168,0.18472379585882692,0.36398303930593157
0.19928782151163404,-0.28254839635421014,0.22146549709570396,0.41060467421722807
0.30073579210570656,-0.279498102073986,0.13690716104132516,0.43278721845821927
0.28475534648606304,-0.26281888350185645,0.10475671835755662,0.40141417877125946
0.2518497601594307,-0.24447085043186195,0.06500050062150275,0.3569584898616176
0.030795824605236666,-0.1389468784491093,0.09080183835862432,0.1688182208565586
-0.06175590434515399,0.19552548317866458,-0.23972750546120436,0.31545726044646655
-0.29505076195103064,0.47791592040257114,-0.3203887604220381,0.6466123544341622
-0.4640496059968623,0.5134580467538183,-0.3189808187668786,0.7620564056179029
-0.3537788539491953,0.5247060830248171,-0.2878218588464101,0.6952103088236359
0.015933835033808075,0.14133871249508434,-0.14766427068901544,0.2050250121004058
0.2460241383910613,-0.29291587246263207,0.15432406943578691,0.4124845493092203
0.4894227788115839,0.11543839436239534,0.0858450088569187,0.5101274790268262
0.5369033452565684,0.45701169538039577,0.3982689544303164,0.8097796317055492
0.5408915625602837,0.5705069967802645,0.6000000238418579,0.9889600317679031
0.6000000238418579,0.5388667156609619,0.4908872922882359,0.94411212236023
0.6000000238418579,0.47516546461072995,0.17604193204328134,0.7853489728817962
0.507418620226836,0.462770586620012,0.16551997923514872,0.7064185271632817
0.5911589221810949,0.1753390361926912,0.2156323547709008,0.6532304044602787
0.518073327950539,0.0920762323222526,0.11611922905030325,0.5388521884966646
0.47079108493819377,-0.16305927001327475,0.007476719193176828,0.4982855331277813
0.4334061912599949,-0.11949796246413646,0.0469348076095254,0.4520216430890435
0.4674655378123671,-0.19580002717396777,0.05530698164351111,0.5098240303301207
0.516886449118884,-0.2573256912847226,0.18387996749327662,0.6059702592728603
0.42310322577389115,-0.2891587797414016,-0.0015293852840935207,0.5124758321922663
0.2829902445420768,-0.2554061523492214,0.1438453274469732,0.4074398843905013
0.3801693230161306,-0.3158921487719341,0.0855764327418973,0.5016372092051399
0.29726481456437726,-0.25490608472488985,0.1505769127632911,0.41954366717314434
0.2168570000976121,-0.2173361440010012,0.1962006672944392,0.3643578732885333
0.24419769386982515,-0.12755210855396687,0.20182702478605763,0.34152042694675777
0.105440552362566,-0.12572962211956817,0.07400471947416165,0.1800065178411654
0.1614475775662777,-0.26419694717358594,0.1518184975756125,0.3448393878372627
0.10703284713371941,-0.1789285279710771,0.058098221360641134,0.21644133573030067
0.1841617246911933,-0.14532940334886352,0.014546585851784699,0.2350484619794711
0.26859731303778167,-0.07519923044264887,-0.05753158068641695,0.28479698665287945
-0.02590392066098912,0.08961188950680776,-0.06563427643039688,0.11405771385194818
-0.1629950764354821,0.42505078152121567,-0.3488841589891571,0.5735466138053439
-0.42789376736426454,0.5678451402702638,-0.26942474877625294,0.7603491794766968
-0.2614540393410101,0.44419489774636545,-0.2798495244139441,0.5865007060407901
0.21597420233435238,-0.30700760141208266,0.1314962858882942,0.39773080921796344
0.5559107313962353,-0.07780662764771407,-0.01593222761929558,0.5615553832564694
0.5790419836593408,0.4422607389828641,0.13181307226983385,0.740445045973721
0.4957435255584357,0.6000000238418579,0.5969458687490081,0.9808700433593869
0.6000000238418579,0.5471974967257482,0.6000000238418579,1.0096658643548297
0.565525771192835,0.5705585156126258,0.43253008170562524,0.9123807808155586
0.5660378194842077,0.5304670583212725,0.07820294475714085,0.7796857146435024
0.5985671266702848,0.3632690001832496,0.09825814116081943,0.7070372224493121
0.6000000238418579,0.14455951164219139,0.01797993053143554,0.6174307725716092
0.5771924898997656,-0.06075549963326288,0.019545265604848483,0.5807102707374328
0.48307530898598805,-0.2546916996003075,-0.020689312112093683,0.5464958038566012
0.42847019325686797,-0.23131583270387068,0.02905280697080692,0.48778866998111575
0.42405092456685956,-0.27600804936360873,0.04611735133310568,0.5080614530088794
0.4017244440469714,-0.20858765108766253,0.08921407318151275,0.461357223835016
0.4368337984446222,-0.31042564573012715,0.021673688303510463,0.5363372052684775
0.372580801242826,-0.2829495351858545,0.21685560044224717,0.5156580692278604
0.26804629861058005,-0.15102546931878974,0.14254795876665638,0.339083221540573
0.19781346769636954,-0.36550817322843776,0.17788127310355661,0.452070945781516
0.2933362512683405,-0.27948398582188505,0.15228303319714243,0.4328366630020759
0.24351747661858314,-0.27307797559306535,0.149939003944203,0.3954162959166816
0.20398477868892406,-0.3096129586085913,0.08419022973726431,0.38020779694575957
0.25770679758138126,-0.20591197308357306,0.08212437325932631,0.339936680665765
0.18383785727425206,-0.10137166049648472,0.06290513944271237,0.21915662866386204
0.2662438063163748,-0.040677475921737205,-0.04227659349182744,0.27263112772841624
0.10240841521770128,0.11459678842537457,-0.07857337123281427,0.1726084647162497
-0.08942000984360399,0.3554938287336893,-0.2983398076355257,0.4726292852206371
-0.2162852618264467,0.3656907461402007,-0.18229378061412715,0.4623202988691961
0.04707544963589594,0.2811051305022787,-0.13519371580130957,0.3154576566597967
0.11060735367915464,-0.24493226901538012,0.06718323452177144,0.2770187540469697
0.43378535789698236,-0.3225544892319867,0.030401409606425234,0.5414197825676289
0.5036874678686079,0.2914974937295276,0.1286041836183076,0.5959957132250342
0.545499686966372,0.49216348775370466,0.143136916991225,0.7485205302221534
0.6000000238418579,0.5990814370705424,0.5295329894017757,0.9996518312480187
0.6000000238418579,0.5744548482379292,0.4338819793697113,0.9371509874593693
0.6000000238418579,0.5473805752705381,0.11425388585579199,0.8201703928007177
0.6000000238418579,0.33994717768967053,0.010734254508951269,0.68969510397658
0.4672593315246225,0.31506015002828547,-0.04819206982577262,0.565611754321615
0.5106301900552359,-0.02801523725400401,-0.009140295779351493,0.5114798036297997
0.5708738074337878,-0.1634897324704233,-0.028495435119310297,0.5945063384521975
0.4663816560079237,-0.22793705701700018,-0.04472754494020503,0.5210256272954743
0.4439095888232538,-0.11851703298649519,-0.029567321369737498,0.4604087712567318
0.4175612031361262,-0.18826244642045703,0.06440658092391827,0.4625454731840038
0.41422273565256296,-0.3143023976819464,-0.04080374939217246,0.5215663120683435
0.3093337085952891,-0.28561634417312415,0.11801360933664928,0.4372542181852555
0.29101166791429844,-0.21455135461723968,0.12637262226537171,0.38300145468206875
0.24591655624877906,-0.23598159952817893,0.1454033217069951,0.37054607529504974
0.2933897423747396,-0.21109634189481846,0.285352188740829,0.4605052422190999
0.22237947391671686,-0.27828219055162795,0.12161582013826955,0.3764093724996659
0.14680482565213393,-0.16196879940449904,0.0959635669064417,0.23873532413259543
0.1859613811255285,-0.26729987547398065,0.09499116420941733,0.3391963737665545
0.25859991235452584,-0.3343931480640216,-0.056761557046320466,0.4265144387945827
0.15612356740388644,-0.08647536443452297,0.006641989664308956,0.17859639688330844
0.22654932338099842,-0.03788191075022995,0.009062123872405792,0.22987335029436406
-0.01047261154137269,0.24143860872708156,-0.1497452292957221,0.2842989818367165
-0.12994703593129747,0.5240750251847797,-0.32196546932132986,0.6286514356979244
-0.08604816035437124,0.3665081099445201,-0.2731442483883596,0.4651239200289724
0.26963780212599986,0.09387270309836826,0.0083600442425531,0.2856335398059403
0.2558705293884129,-0.20472688328156363,0.1549645018587411,0.36248699477914714
0.4873533413258888,0.32316778082896835,0.03089782113303252,0.5855812234166984
0.582708054509657,0.5423112418034042,0.5518725154549062,0.9686141817521078
0.6000000238418579,0.5424271748142158,0.5642503628196605,0.9862077572850866
0.4697150714096987,0.5146982945236476,0.39499244855378524,0.8009779129972838
0.6000000238418579,0.4444226215020137,0.0012549339037440932,0.7466679784027537
0.5876303417459645,0.35008997351267945,0.007484855765560683,0.6840529447056118
0.6000000238418579,0.23703134821192173,0.0016915486545757696,0.6451253753978696
0.5671491330951595,0.03524757680690371,-0.08136352941942537,0.574038809455367
0.4811160009832045,-0.13327895239850363,0.03918512253740147,0.5007707653036313
0.3530311876406039,-0.308854640473668,-0.062210876333956944,0.4731726973561481
0.40004600445759153,-0.20110347875294798,0.011140309978508567,0.44788784461675
0.3579395636437812,-0.21880592910979452,-0.04898079709451253,0.42236936953230253
0.3937887951297847,-0.37309506976352014,0.09088117896251802,0.5500263038630341
0.32820492578116356,-0.2645386295273894,0.08482611688810004,0.4299937556820588
0.4209449349575791,-0.1283986108335307,0.08350147125854102,0.44794345316430506
0.3423680566461592,-0.3654662040066984,0.05232102368242009,0.5035066255789588
0.26090914797184916,-0.33135092180528375,0.12549902578004835,0.44001934315249003
0.34863671974352795,-0.3375513156512901,0.09569592517114622,0.4946171884860106
0.09372769972975137,-0.3025804935870241,0.2593857301741963,0.40941518512873765
0.1777021654020342,-0.19294382234839497,0.14669630904693076,0.3005414867517853
0.07845251865721914,-0.261812685984383,0.06685283783420015,0.28137160864682903
0.07698653676202538,-0.281385694667176,-0.017144952513601375,0.2922307057833477
0.20308357216813588,-0.072284411425657,-0.03090054440806911,0.21776780539014293
0.18046526575516686,0.04497232425692066,0.0319622260825444,0.18871090585682718
-0.05013149168450415,0.27804654806293827,-0.1993607534618443,0.3457857130783509
-0.1388562949131738,0.37113055778779647,-0.19851397252108055,0.4432005853414406
0.22194038050173437,0.08503010807705846,-0.005880598177827268,0.23774404979258668
0.10871241013303579,-0.22967636386930124,0.12582759869984872,0.28355282546948324
0.524111694292108,-0.23185019860074135,0.11001187597725837,0.5835667875581878
0.5628356203483273,0.42789168237028385,0.031265637259176415,0.7077095219422872
0.5570865000377969,0.6000000238418579,0.49037719545227976,0.9543663819279448
0.5334069233249548,0.6000000238418579,0.46151587655322945,0.9260236923383333
0.6000000238418579,0.5259546029373179,0.26364949884925515,0.8403209691568128
0.6000000238418579,0.50887367965083,0.1483319407082263,0.8005965370184125
0.45465110630609007,0.29946677935222266,0.05460155714772186,0.5471465164322079
0.6000000238418579,0.07429969393622426,0.03670275280080981,0.6056959346011859
0.5804745803056957,-0.09211503509577379,-0.009807947946066764,0.5878197971442285
0.4977614625153264,-0.2324488098637576,-0.07633234651522691,0.5546400182974491
0.3122805190964344,-0.11794569645721542,0.03311695266626935,0.33545050674252386
0.4886152191367994,-0.4138366226031338,0.07515215727081914,0.6447118963708743
0.40376970137724855,-0.22398262630207816,0.029161382840801386,0.462653839154758
0.3855601642699479,-0.20005608941492936,0.03537507717220545,0.4358101367210301
0.2821215970123576,-0.3013462809108844,0.13718111442521863,0.4349952122432725
0.2779064163114071,-0.39171032772239683,0.11674328517736265,0.4942650621937987
0.31109801091832656,-0.2594748949543875,0.1644148372675598,0.43719724635757695
0.28729754431794874,-0.35179737621434054,0.15531335191468887,0.48002448913091295
0.24363084000535262,-0.2591127126560913,0.16883007602739308,0.3936990965612281
0.3926923115748313,-0.26922067983764664,0.11550223805649262,0.4899263138659605
0.23853990337050313,-0.09815704972851724,0.09129413050555357,0.27362512709212333
0.2703164920316,-0.09412470910580162,0.18657530600454808,0.3416735452726954
0.18077509935525027,-0.07920550104177337,0.008763174508708227,0.19755996854031194
0.2557516422222036,-0.06946286357535303,-0.13011900669680704,0.29523710440797557
0.137905458840194,0.1868555329044188,-0.011274689062904408,0.23250811677957386
0.08995317246545342,0.14523109505883225,-0.11603109611724899,0.2065111606542306
0.12092270574461883,0.08733032862121459,-0.07213821818379174,0.16568889396824804
0.2379822718735305,-0.21277670405315663,-0.02904452568595961,0.3205512002568918
0.3857547412050839,-0.21923382049455287,0.08438983180718751,0.4516545495434364
0.6000000238418579,0.45322866383582583,-0.11760962506560818,0.7610836184288235
0.6000000238418579,0.5459878786985437,0.4816432280556038,0.9434420975490696
0.6000000238418579,0.5832712903240465,0.6000000238418579,1.0296627871962443
0.585715631282377,0.5131099038938336,0.15570989479023034,0.7940970630458453
0.5979489957535618,0.5572431966230327,-0.029544139426852523,0.8178849783923301
0.6000000238418579,0.31015354504167914,0.0011060918750239734,0.6754231810882618
0.5058426406361742,0.17547111587136854,-0.02622114982077184,0.5360545105573167
0.5586976629338907,0.028524322711529937,-0.011411633896248885,0.5595417240404194
0.42916060464335604,-0.09540158263595422,-0.044490034214064056,0.4418819408978651
0.4367096465504494,-0.2879699986923601,-0.10429923263146429,0.5334045045409803
0.41575425417761447,-0.30549523878446194,-0.06834515005944264,0.5204325127462807
0.39988313578935164,-0.2612338160602838,-0.045612491229536034,0.47982301768288244
0.4062196602462076,-0.13155351477914845,0.03933325794865239,0.4287981399238424
0.43632022235630186,-0.24933485670041283,0.11076594793727368,0.5145991667553601
0.3330771908602098,-0.28373770479667126,0.041642687214009655,0.4395243037569316
0.2127394945725707,-0.34202150883932936,0.061197348753901704,0.4074087880179206
0.280514215549705,-0.24753761219706177,-0.0013112970642732424,0.3741187165562291
0.234632227563625,-0.21995398939889804,0.1467703596643225,0.35351602246567815
0.19877619976505212,-0.2995328454353162,0.11364312302694701,0.37702342433717667
0.11100354083943342,-0.35501840556809966,0.16715785299615327,0.40780093451252786
0.2476267005184749,-0.24004656858921358,0.02874448871808699,0.3460745346493826
0.22724170453336046,-0.15251995805180513,0.002202820318470189,0.2736895728753782
0.12732276260768116,0.018212752468907634,-0.014507012504099248,0.12943432173245134
0.08594849059357101,0.1190269618825417,0.010946611015058005,0.14722224350625887
0.13943609948885927,0.1980838852512503,-0.17337247504014153,0.2978886814540661
0.20824296926278285,0.21630246580709256,-0.0859365097540139,0.3123091011647123
0.21014014284724947,-0.014728902939275978,-0.06374457110430765,0.22008905143811483
0.3137634786256809,-0.15929491090507575,0.1704868208970427,0.3910091370532464
0.5796727038512952,0.2789412266242607,0.08677902360068157,0.6491219072239098
0.5857282005544397,0.5620335690266016,0.3113358825960899,0.8694189378138758
0.6000000238418579,0.6000000238418579,0.571403472463462,1.022986796378019
0.6000000238418579,0.6000000238418579,0.46072215614286827,0.9655386902560631
0.6000000238418579,0.4792112402743296,-0.06518607162169576,0.7706443183135525
0.6000000238418579,0.37937660835627784,0.0871485846315656,0.7152073233555624
