Fuel Mass: 142.79380828736566/150.0
0.3992788068492463,0.5119614296947654,-0.43555803370649626,0.7818176717242553
0.5296223679421357,0.6000000238418579,0.19844479237493695,0.8245484927253198
0.458015936429796,0.6000000238418579,0.020614364295144294,0.7551182547450339
0.17077269410857188,0.5582222912749208,-0.015171096315620525,0.5839568491701593
0.6000000238418579,0.5958694460482401,0.22224648391382873,0.8743305581735814
0.5380682868537106,0.6000000238418579,0.23768688678615013,0.8402455391598395
0.6000000238418579,0.5634505764649165,-0.046375785987683216,0.8243951080973565
0.6000000238418579,0.5362093216569226,-0.12100868683630445,0.8137343347382202
0.6000000238418579,0.5327883794347228,-0.15870713680299336,0.8179556474180689
0.549403109439579,0.542298065710836,-0.29418757412425445,0.8261218418034388
0.5455658760263999,0.6000000238418579,-0.3338007717110574,0.8769635732968506
0.4790912220882346,0.4847721814132613,-0.34657159432836515,0.7646203874796139
0.5147922936976079,0.4649201430418213,-0.45277801981675403,0.8283536565294154
0.39209551468241954,0.5743703443811226,-0.4649768928220675,0.8365666118110531
0.14213659851404947,0.44696227462851956,-0.5225703940206582,0.7021808202202265
0.33155503833831634,0.3982220397803563,-0.45692856167254425,0.6908641305542575
-0.06862227370511553,0.09229399279388273,-0.5961107922762238,0.6071040060998479
-0.32766793602831445,0.18638508513935503,-0.6000000238418579,0.7085941750209991
-0.3988090346234814,0.08179007955451434,-0.6000000238418579,0.7250781280807448
-0.4789033156425536,0.22212220078002898,-0.6000000238418579,0.7991787574898527
-0.6000000238418579,0.38327545596189905,-0.4231997122402502,0.8282500227547611
-0.5715637153668359,0.5219132849088202,-0.3679259957486112,0.8569994725995248
-0.5796206607020018,0.5210328927406236,-0.434958492269914,0.8925381087819187
-0.5050622965876177,0.6000000238418579,-0.4127026555100921,0.886234412505896
-0.6000000238418579,0.28732663335363384,-0.4601945062150835,0.8089101349316302
0.22515828523973858,0.42725537269077574,-0.4425605777561664,0.6550597468087205
0.5802805299582123,0.5767945564984749,-0.2111211442650558,0.8449790479122206
0.3018280817989345,0.4942514477471889,0.022796233966766555,0.5795725604664906
-0.3758507948370533,0.39031558338584404,-0.1846917439803164,0.5724693135076913
0.5186411098205117,0.5298406617395248,0.09693158980351146,0.7477402361316835
0.5612011895810531,0.6000000238418579,0.2515503788816654,0.8591998585387038
0.5601991973679159,0.6000000238418579,0.16244932747473295,0.8367872808180585
0.6000000238418579,0.6000000238418579,-0.008038725193268204,0.8485662486354221
0.5659971917960638,0.6000000238418579,-0.0012939171117776205,0.8248360588339676
0.6000000238418579,0.510249211650089,-0.08656363249195032,0.7923683165485409
0.5761256911842043,0.5653369622473461,-0.33971805579917,0.8757482802503824
0.5063287350403691,0.43716200438646724,-0.2505682256731151,0.7143275451246067
0.38814595356521786,0.5559608085700625,-0.3825600929466557,0.7785254823384292
0.3907310853959671,0.5719883661648424,-0.40315907765335024,0.8014853174057129
0.42720486934164215,0.5448847588676267,-0.4557325108574196,0.8289122524657536
0.24975191075235803,0.5910659116151646,-0.5373672442899031,0.8369578747067524
0.14782251752477282,0.510571631540804,-0.3320565933047728,0.626734767488426
-0.11170979111423668,0.09366329776672067,-0.5630995874184637,0.5816640234105663
-0.3982636523429176,0.1063513047674951,-0.6000000238418579,0.7279591783977306
-0.35563032930528216,0.20154373550707738,-0.545372053583827,0.6815595977419516
-0.42576984621458325,0.17724512151110106,-0.5905754391131206,0.7493164513933549
-0.6000000238418579,0.4482196197871935,-0.39906941468674073,0.8486207951204261
-0.6000000238418579,0.4549300219928687,-0.4704643958753984,0.8878615327330414
-0.6000000238418579,0.4277159503831611,-0.3531179813494615,0.8170882887269401
-0.4850765533432144,0.5782404261067775,-0.42105844764681255,0.8642635415903088
-0.6000000238418579,0.45530030608367045,-0.4022397414425236,0.8538707202649956
-0.21986341278978144,0.1793462997834211,-0.4992253979181001,0.5742220941900964
0.6000000238418579,0.6000000238418579,-0.059369446931141545,0.8506026031287288
0.6000000238418579,0.6000000238418579,0.03335124236477549,0.8491833503947979
-0.3182772926453498,0.4620489972369666,-0.1220965072622241,0.5741927097647395
-0.13725495136707,0.46142198932874257,-0.15007468417272446,0.5042534925416124
0.6000000238418579,0.6000000238418579,0.09872742021850489,0.8542523987226851
0.6000000238418579,0.49680668732370137,0.21001281860131682,0.8067975564890176
0.5730056701947033,0.6000000238418579,-0.05455018545025114,0.8314512910677136
0.4539747873539546,0.5645585770751391,0.006622726378205268,0.7244745371694264
0.4743423582129387,0.5540093929186505,-0.10060447001549522,0.7362393222480053
0.536097883262971,0.6000000238418579,-0.3952771399089829,0.8964624846494659
0.5274270378375108,0.6000000238418579,-0.346584056622444,0.8708041210037711
0.30822326869889516,0.4913233730603004,-0.48806059780507205,0.7580259806976452
0.4381018699594428,0.4835720350670609,-0.4785572493725551,0.8091923148967032
0.2626185682044053,0.5636249101959008,-0.4850737490997787,0.7886305179390308
0.3777637709464474,0.5193393824607249,-0.5377772244633662,0.8376295147413854
0.06750571302530406,0.4839288475824033,-0.491208919255345,0.6928422281944798
-0.329082344109033,-0.02246947893256701,-0.6000000238418579,0.6846897803370714
-0.4464049701790618,0.02123828904979741,-0.5941572631608851,0.7434724713727907
-0.3713702960705407,0.08769707492855694,-0.5784278988850979,0.6929541889354411
-0.3419369239717627,0.23493850152800133,-0.6000000238418579,0.7294634933193872
-0.5234413683297602,0.38169823645489276,-0.5073393211035383,0.8228472498158489
-0.5796241292961397,0.4860286509599514,-0.302982744986013,0.8148536829244363
-0.6000000238418579,0.46523436149728004,-0.47386297440017866,0.8949799764438288
-0.5000037390875245,0.5313872840257967,-0.47229135046927184,0.8691578133192537
-0.5847555614796376,0.3450273579901847,-0.41922988709072784,0.7979577950450498
-0.47612689919553763,0.15560910567295472,-0.5750607623916818,0.7626309057128466
0.5272137473865937,0.5692456133814143,-0.04015687962013703,0.7769217970736976
0.6000000238418579,0.592098193954326,0.15505496187721557,0.8571011265288067
0.15639201120543988,0.44189024058497917,-0.06468005167821844,0.4731901890130756
0.4241062072309758,0.6000000238418579,-0.05682323972729397,0.7369497840390341
0.6000000238418579,0.5633364261656859,0.20187876548770067,0.8474095784272181
0.6000000238418579,0.5781858968960651,0.20479766106479447,0.8580448950709676
0.6000000238418579,0.6000000238418579,-0.07515352415357879,0.8518498162312196
0.6000000238418579,0.6000000238418579,-0.07746134601522736,0.8520565223897714
0.5385921520658283,0.6000000238418579,-0.03555270854977699,0.8070598056912237
0.39505603379960286,0.5783573937174593,-0.2002431980434317,0.7284668029991389
0.5111301456881714,0.4557188660693554,-0.3039774581710072,0.7492236020033384
0.47311725551805717,0.5668145281825214,-0.3433933710427016,0.8142712411130479
0.2731206858480649,0.4341806343619492,-0.4219248836752925,0.6641749315936812
0.2211019700402289,0.4204202412968685,-0.4874701542945648,0.6806367693386497
0.2984860846421099,0.5308776942412672,-0.40781783358335366,0.7329668848976202
0.12172593507244833,0.4811640561304449,-0.48573047745267706,0.6944567293270111
-0.4417150636036719,0.011191200826739078,-0.5862762492661486,0.7341370994875028
-0.5485678858905922,0.048321804655059974,-0.5969593093612104,0.8121712499643218
-0.37002883501161543,0.08360765116563895,-0.5524233577665753,0.6701366608980486
-0.47864682066587677,0.21447514470565765,-0.6000000238418579,0.7969331184235569
-0.5719469840636944,0.32703070365766196,-0.46018389742833304,0.8036427397586019
-0.5957857259943734,0.5356503767266878,-0.4034741214681554,0.8970358544008066
-0.6000000238418579,0.4363340203376549,-0.47837849051272485,0.8827419702832103
-0.6000000238418579,0.5017499600165365,-0.4080969496494784,0.8822109562344116
-0.5196746019581729,0.5012868584081964,-0.4651293534483078,0.8588920314989454
-0.6000000238418579,0.04060124358844519,-0.5669265634446832,0.8264709419757943
0.5581888922393425,0.6000000238418579,-0.08274255900011518,0.8236632801694524
0.6000000238418579,0.6000000238418579,0.23395650167316806,0.880190719046507
0.2578332590142909,0.5752134046881825,0.012128427190789992,0.6304724808689302
0.23135368933445632,0.5527673473838048,0.019230982445527678,0.5995382394711886
0.5466463299130497,0.6000000238418579,0.10097057159684664,0.8179347742615121
0.6000000238418579,0.5989067306892144,0.1845924652017662,0.8676195473157221
0.5684895086334905,0.5690344777846805,-0.027663554204718,0.8048265841566548
0.5551879831823945,0.503577399978498,0.09940106153570805,0.7561114107548335
0.5300507632920637,0.5840242204937058,-0.0894036043093156,0.7937449881752179
0.5096154053366595,0.5709029084418928,-0.10297370264170064,0.7721668055929375
0.5061624301783971,0.46983497614309466,-0.39165042688167073,0.7939366268211071
0.421599348542554,0.4645678482805706,-0.33994336305801026,0.713534012107857
0.4266433772591063,0.5013486072254763,-0.39282510773491475,0.7666071761945151
0.3367972611566049,0.5036845728522212,-0.4910460831442447,0.7799081996127617
0.23667533437090826,0.5230437312314973,-0.5383675590437257,0.787038491632301
0.22274387874796575,0.40872063992401775,-0.5096367240489867,0.6902151747962153
-0.16736573082902462,0.1632705007096723,-0.5790220910318572,0.6244478570391806
-0.5474636713392567,0.1040051064006623,-0.6000000238418579,0.8188611373144417
-0.5358559517990286,0.07428622637290838,-0.6000000238418579,0.8078737977663343
-0.28008987237173155,0.04216070693251761,-0.6000000238418579,0.6634967147051238
-0.6000000238418579,0.34595329013093645,-0.37590543320422964,0.7880283004277889
-0.49925127819028886,0.4463316155427792,-0.3277831881244552,0.7455907511662793
-0.6000000238418579,0.4971113880183826,-0.4385001203100174,0.894092901336149
-0.5256391177998931,0.4647999810563155,-0.47321043781084215,0.8463235923714582
-0.4307446657805356,0.5494978259359455,-0.3970863343920453,0.8032225001627054
-0.47663305378881443,0.2692139225647754,-0.3435561178370379,0.6462863221282192
0.3530070393228405,0.49583798856589323,-0.4601831058180782,0.7630450652464249
0.6000000238418579,0.5993686476985576,0.22720950967027786,0.8779902993421032
0.007537355930356093,0.41546267829984873,-0.11110319010097885,0.43012785034814793
-0.32742811862701415,0.3955098738796664,-0.16504614874737938,0.5393305706338903
0.6000000238418579,0.5432188574910306,0.09954492602428366,0.8154728370959212
0.5641895632744132,0.5427582796685575,0.1975264914295598,0.8074113748722005
0.5787573404990562,0.6000000238418579,-0.044729214128514605,0.8348417756607087
0.5011514698677477,0.5813997927820109,-0.126848754827675,0.7779904378582689
0.557174291892865,0.509315972470318,-0.05637164166671005,0.756983297929288
0.5812609752863098,0.6000000238418579,-0.2490052968070111,0.8717040712529509
0.4904325623854544,0.5518171628580055,-0.3625329768967728,0.8224697190840872
0.3865506034111501,0.5102133482190245,-0.35947757542450753,0.7341411015135131
0.36035205350617894,0.5050598919450751,-0.5578669925690637,0.8343588426544917
0.47519150265907184,0.4452180175810563,-0.43290148218678515,0.7819397295557425
0.30679296577645754,0.41099359921818035,-0.4505327174880799,0.6826546652410888
0.3139625777043682,0.5576351144663105,-0.41021913902359225,0.7601375948510137
-0.27073458182979304,0.11506968558869468,-0.5073214520670419,0.5864412179131391
-0.4296839863771743,0.1712761223607676,-0.4779014086897778,0.6650966806920589
-0.6000000238418579,-0.018834970146223817,-0.6000000238418579,0.8487371874266316
-0.31829203027167563,0.08757488648898804,-0.6000000238418579,0.6848205647381322
-0.28610855869197227,0.1829004748125278,-0.6000000238418579,0.6894278204813582
-0.5385771536461174,0.4806072409826656,-0.32810587376581535,0.7929073936558749
-0.6000000238418579,0.4729213193377393,-0.3434777670021434,0.8376345141642366
-0.5964297999991005,0.38428048314637886,-0.4180387899219831,0.8235025354749171
-0.6000000238418579,0.554330075001708,-0.3232237480514513,0.8784961308771128
-0.5029597113990907,0.4658720919101964,-0.3810985240128175,0.7843732289644944
-0.2714964602849626,0.12874289148214602,-0.5362387686151735,0.614684534554405
0.5716855752707977,0.6000000238418579,-0.19465948149344625,0.8513029656463263
0.5264554050700678,0.6000000238418579,0.18308767813986193,0.8189483622453646
-0.3691663212259831,0.4461605582363857,-0.09504129362072133,0.5868354658219195
-0.16519865462898575,0.437307825700038,-0.10678468578969408,0.47951193835912514
0.5188711547220144,0.4762325746881537,0.03034829005103057,0.7049437985440301
0.6000000238418579,0.5109037805984791,0.2818769554187063,0.8369452309656638
0.6000000238418579,0.6000000238418579,-0.15022132092079116,0.861722984769263
0.6000000238418579,0.6000000238418579,-0.07632443998059901,0.8519539173915525
0.5834984844525697,0.5866931069977965,-0.0016782869947362666,0.8274551950434599
0.5814762704675414,0.6000000238418579,-0.21264263002010142,0.8621667877092791
0.48757842288345477,0.4818783516562495,-0.20817846010130925,0.7164340412812708
0.4317320137883005,0.6000000238418579,-0.34072989833645195,0.8139345329695137
0.4707784264899453,0.34979716093384594,-0.39563033301622974,0.7074699577001561
0.2062465657577468,0.5056593693551314,-0.4360102576845204,0.6988089785553816
0.25858981979297224,0.4647440488586885,-0.48469495363816284,0.719572737068623
0.028412772941830755,0.36108210386775685,-0.5458915700243433,0.6551222615843947
-0.4295427262332288,-0.1443692922324878,-0.6000000238418579,0.7518972501677434
-0.504066041667093,-0.054088786256004995,-0.5768971060897888,0.7679963816160544
-0.5475854526146416,0.17641249847998863,-0.6000000238418579,0.8312467901564277
-0.25007632967314114,0.12048226568916931,-0.6000000238418579,0.6611007303116638
-0.5425655724384564,0.3425871021645651,-0.4235550047435036,0.7688577014040071
-0.6000000238418579,0.44549217367781213,-0.37821013650506063,0.8375596771416284
-0.5158826150938112,0.3489437465698869,-0.41613039913870453,0.7490401323784971
-0.6000000238418579,0.41201605042931333,-0.4030397591681921,0.8319845562821192
-0.5684351593217462,0.5299830780163057,-0.3927952596449491,0.870797743070295
-0.5737090344320807,0.34725372524926446,-0.4608012151785737,0.8136737465339116
0.28866069271366124,0.508833736719644,-0.4371471006046683,0.7302974426280533
0.6000000238418579,0.6000000238418579,-0.03880889234456342,0.8494152031518344
0.6000000238418579,0.5532014920217381,-0.07286520566972443,0.819354171028987
0.5803995525605858,0.6000000238418579,-0.053007859689776504,0.8364648841473559
0.6000000238418579,0.6000000238418579,0.09705447273125434,0.8540606699161377
0.6000000238418579,0.6000000238418579,0.1433113492950263,0.8605452922753231
0.5874851281196227,0.6000000238418579,0.10369015385919,0.8461030979610594
0.6000000238418579,0.5633451727507215,-0.14104801951539353,0.8350163807261419
0.5846330323880142,0.6000000238418579,-0.14752199280568973,0.8506224482876036
0.5619219502453143,0.6000000238418579,-0.16140821137200834,0.8377403640007078
0.5685140468208139,0.4807932732847746,-0.27631011447181997,0.7941773557763384
0.41465942478013296,0.49895751215934814,-0.31740614233748893,0.7222518235994999
0.3788557103509448,0.53353512235671,-0.3775026640793936,0.7554466476467732
0.3048037679799467,0.44117054638573094,-0.4479192341430179,0.6986905096595525
0.2329140164495096,0.3999085479317348,-0.4575690954664119,0.6508035516908781
0.3170503367984535,0.46639423293756144,-0.5184157573416154,0.7660283245686871
-0.24365917318958952,0.14514658534838465,-0.4873619022096648,0.5638784865936571
-0.4131908508378671,0.019768150851093402,-0.6000000238418579,0.7287780784398102
-0.6000000238418579,0.07187835555006761,-0.46295126955517607,0.7612426712879155
-0.5318620863837038,-0.02282154967171235,-0.6000000238418579,0.8021210199664854
-0.30157378080985786,0.25784960410140345,-0.6000000238418579,0.7193282923793786
-0.5521327914891773,0.297042910349847,-0.43613020599312163,0.7637373020917213
-0.5484866858763833,0.5454711136552779,-0.42041013029940993,0.8804095967641166
-0.6000000238418579,0.5374204120541113,-0.3768509645688096,0.8892903785598285
-0.5127600073213981,0.5322413116591551,-0.39320642958043295,0.8371469018089299
-0.6000000238418579,0.39383360951839785,-0.4281972274328779,0.8357378812628536
-0.6000000238418579,0.3082684523152608,-0.4776453749942731,0.8265437505398586
0.4225602638738821,0.35086484469268553,-0.40349424441763,0.6815210349831774
0.6000000238418579,0.5665900636576504,0.23025698127852356,0.8567628646675279
-0.12324302581896213,0.48009767545516135,-0.12330757178373336,0.5107713565282057
-0.21227850045888286,0.36612576913564154,-0.12550508208248667,0.44143149662294007
0.6000000238418579,0.5671860911010274,-0.010274870128486824,0.8257152435948183
0.6000000238418579,0.542197583822156,0.15971231290187493,0.8243095725546806
0.6000000238418579,0.5945285329391146,-0.007120616585734374,0.8446981166485024
0.6000000238418579,0.5694977467218516,-0.03386140929288717,0.8279337577190561
0.6000000238418579,0.6000000238418579,-0.12685734870536292,0.8579585328796574
0.5372176983931638,0.5887927041377943,-0.07156970357710135,0.8002511645620134
0.528258028370914,0.5337507459795476,-0.3199210678653528,0.816269497798464
0.2835756445280998,0.38308671047446285,-0.27971043787046573,0.5526377683124452
0.43236898336158824,0.34936454907480785,-0.4736562928101986,0.7303073391676123
0.30929210147317787,0.3670584773726131,-0.45490108562714643,0.6613081940741035
0.2596928044971917,0.406394854636307,-0.28840534040227966,0.5619384049475854
0.03620180394015249,0.3248835275601256,-0.4332831217526999,0.5427652721796017
-0.2950833083883248,-0.0762864888367003,-0.5125366856965925,0.596311698236148
-0.4875846640924187,-0.08930318890086875,-0.6000000238418579,0.7782762316916861
-0.5332889291785599,0.08651699141354585,-0.6000000238418579,0.8073922840837016
-0.5448315550488945,0.028318341591011542,-0.6000000238418579,0.8109521443696242
-0.2545816737236872,0.10664574096481061,-0.5528574475035319,0.6179292030014506
-0.5518166024560855,0.4365145663027541,-0.478290470699247,0.8507692423344689
-0.44158522425351365,0.42244684887210626,-0.37241473091984667,0.7156476662486225
-0.6000000238418579,0.4464331569934332,-0.42797159873648893,0.8616625102662989
-0.5028041208228158,0.2572426087108569,-0.37881029529505295,0.6800610145231801
-0.5871486305083481,0.4794935858429592,-0.42520738902615374,0.8691714082129064
-0.36458712875252364,0.3131514506462888,-0.5146632518960362,0.7041774409522696
0.4450442618739743,0.4120280017115143,-0.21026148365562064,0.6419044794440969
0.6000000238418579,0.6000000238418579,0.014329150842744887,0.8486491511716336
0.5948389099821181,0.6000000238418579,-0.01583713893045513,0.8450350125340648
0.198786057394576,0.6000000238418579,-0.12412678568845203,0.6441454681592168
0.5809195018820452,0.58642395397802,0.049106587508690236,0.8269050600902422
0.5520243264382094,0.6000000238418579,0.13851263929773616,0.826992525259457
0.6000000238418579,0.46390334395845145,0.021677757180157964,0.7587333301644428
0.5568100887037144,0.6000000238418579,-0.14616284083593634,0.8315053093839507
0.5228464544930906,0.6000000238418579,-0.04226645652870631,0.796966057579442
0.579904633126991,0.5300368758774985,-0.2111309776572089,0.813513837029597
0.4705650247351534,0.5428750276415621,-0.3019394124088988,0.7793023462730325
0.37328750113765163,0.5730523184848435,-0.248139886244849,0.7275341375990912
0.4858580794100287,0.2845575154323412,-0.3590491833239684,0.6677929087394067
0.2714089565809962,0.4887126898883618,-0.3658612425128689,0.6680998157037341
0.11284577021352449,0.32993313738649266,-0.3320384557839597,0.4814972264927124
-0.25384267678585865,0.03226590010453245,-0.5575624077311964,0.6134761864835296
-0.41958515161818166,-0.05970125362086842,-0.5639564696740932,0.705452222924857
-0.4795712729138053,0.04041051013171271,-0.520928450392858,0.7092165152913298
-0.49955759955246914,-0.06026975993522132,-0.6000000238418579,0.7830646638966059
-0.5651334902697874,0.20525385591707612,-0.5605802014511719,0.822043289281274
-0.2903960325372613,0.11195802056766624,-0.5105535408515491,0.5979375988837519
-0.6000000238418579,0.42546927211127006,-0.333834316813981,0.8077558301886663
-0.6000000238418579,0.5497758067488228,-0.3843239283937019,0.8999768598316938
-0.5828163490926177,0.5312512623711254,-0.4219124938865306,0.8943785289451632
-0.5776538831487958,0.6000000238418579,-0.4150089495393525,0.9305463263722391
-0.5692711203390954,0.5169289815761593,-0.3967300814293795,0.8652629299562394
-0.20399793130765043,0.09385909721021934,-0.6000000238418579,0.6406439843759936
0.37130891298933766,0.4409237777721795,-0.43586301687191537,0.7226760381712551
0.6000000238418579,0.5544937656794613,0.03638852320872976,0.8177942830620251
0.5294603174621832,0.5336435143038512,-0.02267584574078063,0.7520756757838802
0.39889634506533755,0.6000000238418579,-0.10684494422434238,0.7283777624440615
0.6000000238418579,0.6000000238418579,-0.019846109350097785,0.8487602283783071
0.6000000238418579,0.5471417377082815,0.0937422528358558,0.817405480602748
0.6000000238418579,0.5537359361595091,0.06985600111782242,0.8194530959712406
0.6000000238418579,0.5575262624532167,-0.1548288285147717,0.833551155043612
0.6000000238418579,0.6000000238418579,-0.24196033374643044,0.8823518914396592
0.5061263706678438,0.5650159864356723,-0.1653645506296949,0.7763713046076861
0.5132553145932996,0.5611870479376426,-0.2057897557383021,0.7878523619930723
0.4342172310711654,0.39797571823225575,-0.42671905846724556,0.7273365320955371
0.3769104170079466,0.4456192198650355,-0.4359869047805259,0.7285070574142233
0.30085499803055993,0.33825955368648075,-0.4089111031024618,0.6100340529352583
0.04443036031564218,0.4086945048352406,-0.39957714448537063,0.5732949935202496
-0.20008439370191078,0.10095052203787602,-0.572048412127764,0.6143811181348896
-0.4547785671039959,-0.19692652846905323,-0.46056112339470756,0.6765501837222658
-0.5442427205401594,-0.10256123700562642,-0.6000000238418579,0.8165286123629156
-0.6000000238418579,-0.0517535843970518,-0.6000000238418579,0.8501049880564181
-0.5724129765180859,-0.055380814669007905,-0.529912270692417,0.782004261465429
-0.1952935389036226,0.07524850944986716,-0.6000000238418579,0.6354541156701699
-0.5868483897848189,0.28546492183243133,-0.4179815314248748,0.7749772995398733
-0.5438248594712676,0.46770672550627324,-0.3679485633646994,0.8061520974015329
-0.5705123575192843,0.46586547109292753,-0.4789030983015129,0.8785574339800645
-0.6000000238418579,0.5304649023151686,-0.46388042224650217,0.9255150389605047
-0.5914347359242412,0.5158793574128189,-0.3939441015496215,0.8781335396214965
-0.5553630640467537,0.3160160644698211,-0.6000000238418579,0.8765239954049306
0.2228557597337083,0.36691997001382703,-0.4027386908680209,0.5886369060494961
0.6000000238418579,0.5636197115708304,-0.004002722528705149,0.8232151782304903
0.4734362857360921,0.6000000238418579,-0.13059306463331932,0.7753686180083245
0.08599014646439052,0.6000000238418579,-0.15735496490017958,0.6262227390297593
0.6000000238418579,0.6000000238418579,0.05215626346973701,0.8501295977905867
0.6000000238418579,0.6000000238418579,0.1336261404301038,0.8589854496012758
0.5630856376694322,0.5212148113993507,0.013843403383332786,0.7674125062760481
0.6000000238418579,0.5908651500092257,-0.14290469961240693,0.8541331320566877
0.5525488077186471,0.6000000238418579,-0.09866110706881026,0.82161075185855
0.5306581693920198,0.6000000238418579,-0.1246861575290068,0.8106446565740553
0.44992890080405945,0.6000000238418579,-0.19602261276548627,0.7751521844801749
0.40248145204953945,0.4436707394675228,-0.35991683251015383,0.6988384438678988
0.3168268724982405,0.437015494380387,-0.4465885893271144,0.7005734633732086
0.16808893509511802,0.41079858764483146,-0.43262915209062497,0.619820419921006
0.008133726122447338,0.3805840533292053,-0.4476255460278591,0.587604466121439
-0.20405934809667575,-0.0905762291260489,-0.6000000238418579,0.6401908304861644
-0.5234822819666292,-0.2719467987795546,-0.6000000238418579,0.8414206971008421
-0.4718837000622961,-0.1923014998511094,-0.6000000238418579,0.7871811239096751
-0.5033741742349235,-0.13038383161815126,-0.6000000238418579,0.7939682181575983
-0.6000000238418579,0.027711213836561277,-0.6000000238418579,0.8489805466515448
-0.5589507778828323,0.014743336180838229,-0.5782553026376822,0.8043771087532029
-0.27292325607491774,0.13735526191933334,-0.6000000238418579,0.6733153795166822
-0.5521251122958858,0.4696112350243269,-0.3229435051664953,0.7935170818690926
-0.5426201907029523,0.46415046252349135,-0.3891421205332666,0.8132059475879445
-0.6000000238418579,0.547189676368866,-0.36741189734514834,0.8912957269311103
-0.4970902855141965,0.46784583363433074,-0.4380860505177284,0.8111090331514061
-0.44295179262038187,0.4833602724715327,-0.3440263195235975,0.7404036413432314
-0.5113287411679034,-0.04011032286685412,-0.591208932559971,0.7826837940596038
0.6000000238418579,0.5047062553429711,-0.012011914360870013,0.7841382013900147
0.5837055358844403,0.6000000238418579,0.029799226906837673,0.8376157682115452
-0.23492690607492822,0.45113057345607577,-0.11804539243018775,0.5221533875967319
0.28095531875411994,0.6000000238418579,-0.03803077490009654,0.6636130345208425
0.6000000238418579,0.6000000238418579,0.016344180652683282,0.8486855657201127
0.5833759390316169,0.5975348834228331,0.21047751989638142,0.8612062526072899
0.6000000238418579,0.5589274166559843,-0.13138812581716536,0.830459345968067
0.5524916074221773,0.6000000238418579,-0.182198490620399,0.8357291994818196
0.588226751272007,0.5933382763099122,-0.09233021728309743,0.8405866344821225
0.5212894868158835,0.5988495669599918,-0.024314305139080505,0.7943265816698653
0.4139256652063703,0.4633804246587969,-0.2834845302809301,0.6829490121393417
0.2298354640776813,0.3727546744767568,-0.25627132398784014,0.5073907561146109
0.24875615464354506,0.3159056467886864,-0.31746194064946265,0.5123066326985671
0.11023726649550836,0.2874690580957955,-0.5100467649931849,0.5957670826479915
-0.3841404216046519,-0.13484483479003678,-0.6000000238418579,0.7250841479375908
-0.359247064660096,-0.2782191563410147,-0.564972094821892,0.7250226343704299
-0.5062590974876993,-0.24144413800064402,-0.5460260288455894,0.7827758106513117
-0.5540100146380678,-0.016474650914058864,-0.515880362029916,0.7571862771934852
-0.6000000238418579,0.045159879898190924,-0.5676437164653306,0.827199390839489
-0.5281025424819754,0.03045995468602891,-0.5844915652624714,0.7883213139820434
-0.36752413683560803,0.0727004582747014,-0.5738021031400199,0.6852796519363612
-0.6000000238418579,0.3513206056171839,-0.3397944776285873,0.7738775636806764
-0.5620113476757669,0.40304535936450714,-0.37215222433760975,0.7853658986109767
-0.6000000238418579,0.4755714812556877,-0.4338491161954483,0.8799962034108617
-0.6000000238418579,0.40632529770976133,-0.45093728159657376,0.8534897234898988
-0.6000000238418579,0.47548730977632925,-0.4941504469652629,0.9111931050027376
-0.4910374481016419,0.029182319375710253,-0.6000000238418579,0.7758668776359439
0.40661942147481955,0.36970520989373834,-0.32902981783611246,0.6405325262376262
0.5532612954202456,0.6000000238418579,-0.02777242020113957,0.8166207179248803
0.511333104763108,0.6000000238418579,-0.019721021564975016,0.7885749750838381
0.6000000238418579,0.5660091605820157,-0.14486133760821862,0.8374671370308392
0.6000000238418579,0.5514065486409807,-0.08198001666085375,0.8190054539660295
0.6000000238418579,0.6000000238418579,0.11768603504777009,0.856650488860962
0.6000000238418579,0.5573956858846238,0.09550372446758704,0.8245064830795457
0.5316524084923226,0.5020607305234497,-0.1384518215040435,0.7442366340534542
0.5026728207795657,0.5502594047396447,-0.128993796813002,0.7563760816360784
0.6000000238418579,0.6000000238418579,-0.03590802797212922,0.8492876095253641
0.4897107089035384,0.6000000238418579,-0.1279101369341658,0.7849698148053549
0.35310429866116866,0.4396411859062528,-0.25264044785701706,0.6178949862002817
0.3108442881311305,0.37080573109661585,-0.39930676790864705,0.6273491504541113
0.23193611877952003,0.2877622335607791,-0.501826567100355,0.6232426250715873
-0.06780388323035147,0.009953216877723214,-0.4737933925003626,0.4787239412065505
-0.36847054529857404,-0.32514345574618686,-0.4605835565610712,0.6735176479808429
-0.515983225432027,-0.11651476618138606,-0.6000000238418579,0.7998839967618875
-0.6000000238418579,-0.17090223887686562,-0.6000000238418579,0.8655678092868203
-0.5746230281408843,-0.04878767289293107,-0.5408318951252375,0.7906143182872817
-0.6000000238418579,-0.1550421354874661,-0.545842220282418,0.8258219068477074
-0.2817943321790039,0.05509604324071893,-0.5858256981294917,0.652407363706067
-0.44753833954968425,0.18859618968367997,-0.6000000238418579,0.7719191128222704
-0.5601639226903967,0.33951897927148644,-0.39392755157172193,0.7643531078348125
-0.5914086197404823,0.429154572458343,-0.2882408179594788,0.7855065701209603
-0.5047629854575977,0.5566423527915101,-0.402378105829855,0.8523758094060137
-0.5918293742864915,0.5336949680966456,-0.3616311444529161,0.8751396527859685
-0.5465831434031921,0.4171244697267633,-0.29276418311198626,0.7472996874150133
-0.4916958894631427,-0.06169134075189808,-0.5430757477535789,0.735188368404198
0.5619009786626816,0.5795484778083961,-0.1765721325876496,0.8263091830293664
0.5866916516893748,0.599318166094764,-0.05420815370368848,0.8404331515957474
-0.27681160711583086,0.46671631714582107,-0.16854748342197262,0.5682051044227673
0.564062601085177,0.6000000238418579,-0.059681861133363046,0.8256685600781634
0.6000000238418579,0.6000000238418579,-0.09290125991480569,0.853598676963723
0.5945961637806136,0.6000000238418579,-0.06872622708633502,0.8475068854483572
0.502756345432039,0.6000000238418579,-0.13238120028129746,0.7939072701961651
0.5484186954126327,0.6000000238418579,-0.021982262786735207,0.8131705319092356
0.5982628369260126,0.6000000238418579,-0.0371124056194041,0.8481130710629626
0.6000000238418579,0.6000000238418579,-0.20262206283542494,0.8723850970575684
0.40246251675378164,0.4926449415656433,-0.21200832853579504,0.6705390720983719
0.40588426409953815,0.44151267071700295,-0.3215847247045963,0.680508787166349
0.17023407128555312,0.36118002976724495,-0.37176916305533814,0.5455666444422619
-0.0743697540467777,0.15352483586875842,-0.43719609984705204,0.4692985886053579
-0.23984031703799946,-0.42739275323483283,-0.5324938074148213,0.7236971729457506
-0.3649633440428211,-0.2715461887895262,-0.6000000238418579,0.7529512625338148
-0.501071684344839,-0.27316562994307375,-0.5950471641507645,0.8244837304630317
-0.5798635191132606,-0.2515918997497287,-0.5623717057029082,0.8460508969283649
-0.6000000238418579,-0.11856270977351135,-0.6000000238418579,0.856771365866821
-0.5902850699807285,-0.12403360905991351,-0.5387254955884202,0.808731079911963
-0.2913083930729303,0.1442157053807155,-0.6000000238418579,0.6823919534720645
-0.48146053197045147,0.2666439146621008,-0.3960302122621918,0.6780436196116268
-0.5507641901883128,0.41699744852636944,-0.2891907142652238,0.748905424261649
-0.5292018255499609,0.6000000238418579,-0.4360281627871149,0.9111394841181827
-0.4791681419989627,0.4365765738468723,-0.36104182473559243,0.7419921915674166
-0.6000000238418579,0.47297635124059845,-0.3606219791718075,0.8448401442313757
-0.6000000238418579,0.3188761417520243,-0.2684499205686612,0.7305801682513752
-0.4546084354274268,-0.3964822988708151,-0.4717073065912548,0.7657511514658241
0.6000000238418579,0.5828787669272784,-0.06630750064830504,0.8391331063586512
0.5566692983227359,0.5814496917598404,0.04510152507471321,0.8062249061563439
-0.16697951676767614,0.42555684074604216,-0.18283886583190417,0.4923523480033542
0.576983791637705,0.6000000238418579,-0.08872926914186452,0.8371279517644253
0.6000000238418579,0.5828909900087378,0.10676147454804452,0.8433029985072206
0.5415811320289934,0.6000000238418579,-0.0030029074699043923,0.8082816146822275
0.6000000238418579,0.6000000238418579,-0.12668410511605577,0.8579329342725548
0.6000000238418579,0.6000000238418579,-0.16007002825237976,0.8634943376566969
0.4860224861236975,0.4780301779484861,-0.06974805236834836,0.6852703837584833
0.5321923205007602,0.6000000238418579,-0.14260530373320418,0.8145949712974254
0.46688030629836774,0.3788659099696492,-0.28616950763714216,0.6658900699422333
0.13310798284879954,0.30313007073561304,-0.44816400505414805,0.5571862797201924
0.027048151877628657,0.09262945990063698,-0.5210224404666044,0.5298831973475431
-0.40493337372549376,-0.2827839492808401,-0.6000000238418579,0.7771343691652102
-0.42368203151130657,-0.3158569928955904,-0.6000000238418579,0.7995449533308449
-0.5503096836247361,-0.3156544270416618,-0.597712722874766,0.8716300616021246
-0.41290314860276867,-0.2492702954655771,-0.46724852328349664,0.6715250351537048
-0.40574556138231155,-0.05794467192047115,-0.6000000238418579,0.7266271906525713
-0.5379116574396112,-0.03599260810178506,-0.5029321686493397,0.7372822968915815
-0.5543031827494056,-0.12818545269720494,-0.6000000238418579,0.8268515932738706
-0.3037970263352326,0.17677318821795351,-0.6000000238418579,0.6953714272912715
-0.4983724529440563,0.3595748115638132,-0.42838757446547304,0.7491228610321798
-0.6000000238418579,0.4594801777562427,-0.43075356147282545,0.8698682044325231
-0.5151963146095465,0.5100691997258373,-0.3909066603111061,0.8236539614254261
-0.5027610738075143,0.5487240107293763,-0.3100759284084483,0.8062343447567702
-0.4174054474972,0.4617577017287471,-0.30217780783379444,0.6919240639357688
-0.3167013033151437,0.1081674321197772,-0.536688655121338,0.6324829020841968
0.1182165998108422,0.37453755091932217,-0.3399110948471023,0.5194161086447324
0.6000000238418579,0.565688937926726,0.12314148009410497,0.8337672500300454
0.4482628676152003,0.6000000238418579,-0.07720745927558326,0.752928030332663
0.48545546498869774,0.5900174096690178,-0.1697840445550562,0.7826967318095839
0.6000000238418579,0.6000000238418579,0.05485815953782258,0.850299638297193
0.6000000238418579,0.6000000238418579,0.11733403016736099,0.8566022016407472
0.5355472835699147,0.5423491943631791,0.030369170814512403,0.7628078579180114
0.6000000238418579,0.5259151813317657,-0.15159844198497457,0.8121384698299458
0.516285081420107,0.6000000238418579,-0.0016008352489789157,0.7915509311350034
0.5527890088685121,0.6000000238418579,0.021087402817418166,0.8161007263160879
0.4174938227270486,0.545683355995221,-0.18139679695709104,0.7106167848930558
0.4755674288177918,0.3773568685621804,-0.1856594782497118,0.6348480349401543
0.20143642183456967,0.3610620918326547,-0.3206820398387844,0.5232393686213326
0.07131732346824249,0.13215367115530285,-0.49876278054042184,0.5208791267452659
-0.4454835753642017,-0.41553264467465856,-0.5227287970278786,0.802725600658034
-0.36795268909310697,-0.2724929343120185,-0.5339371022802812,0.7033707485048594
-0.4651960097173745,-0.2896545771176247,-0.5742296839331918,0.7937548937878564
-0.42963210276948377,-0.129069302667441,-0.5562641056750178,0.7146134506735898
-0.511277444896221,-0.19773161201584466,-0.5953271697755848,0.8092693341051548
-0.6000000238418579,-0.15331406769338224,-0.6000000238418579,0.862267511027263
-0.571900774831792,0.0006633225811012444,-0.4987486438437789,0.758828798864447
-0.4105415386890342,0.20574776068983458,-0.5365538614972292,0.7062340563195951
-0.5452704304460673,0.4345595029978975,-0.33201366073382543,0.772266064823837
-0.56923320406821,0.4605425553186522,-0.32162397260853476,0.7997298704123097
-0.6000000238418579,0.5307788822050108,-0.37249484216198,0.8834470317128861
-0.496327400887029,0.5784126660360953,-0.33732440347924303,0.8334805662310816
-0.6000000238418579,0.33131205218419624,-0.4146737529860147,0.8010755432218861
-0.45647374230962423,0.02936821555422442,-0.6000000238418579,0.7544738551555135
0.41688648817380836,0.5676706534440898,-0.3053147472756757,0.7676336428971444
0.5394022359509354,0.6000000238418579,0.1435165274107617,0.8194826382536378
0.462498975925312,0.6000000238418579,-0.33186620025707103,0.827067413343833
0.347996245472025,0.6000000238418579,-0.15914418652124385,0.7116377502468263
0.6000000238418579,0.580542953961622,-0.020550558651924233,0.8351362017453334
0.5460653346611213,0.5584301618277137,0.09454396610351912,0.7867465645835844
0.5204694164414498,0.6000000238418579,-0.1370082627189289,0.8060147058921396
0.5800125933785476,0.5121420559539234,-0.09490660882369384,0.7795584380614666
0.5737648307191636,0.5256773019784391,-0.09455010778294515,0.7838892968189374
0.4653924102832503,0.592835779615517,-0.08574395477044627,0.7585488665348248
0.4132963244688437,0.5982562270601808,-0.19473538725298356,0.7527590823658707
0.3126058735910743,0.3738828077704136,-0.24175157591411067,0.5440171050682899
0.1304467475372333,0.23030574471231957,-0.5123023827947721,0.57663751300773
-0.2869327785098357,-0.2510766836561709,-0.4899297921370418,0.6208068312145094
-0.49894039934113,-0.33740887709457196,-0.5703429626429191,0.8295042902078376
-0.441236936909401,-0.2693947127788451,-0.5629071583394053,0.7642826798221529
-0.42959732282739405,-0.31292096789354673,-0.4852024747537909,0.7196491043801149
-0.4453284985637687,-0.1827754986938187,-0.6000000238418579,0.7692362336539178
-0.4849715038989182,-0.22662299642105,-0.4327024396739133,0.6883216859874387
-0.5992600365252118,-0.018209312768293517,-0.5603497470977961,0.8206314699792201
-0.6000000238418579,-0.09199910738309569,-0.5916796593014153,0.8476725096406956
-0.33219519413463144,0.1482219960076704,-0.6000000238418579,0.7016576342610927
-0.5309288567058315,0.3930279579815932,-0.3709234526622661,0.7575886973635751
-0.6000000238418579,0.5186614828079317,-0.437025366370259,0.9055390290925132
-0.5468667509140036,0.4897091554383479,-0.36055581057521735,0.817850104062432
-0.5498909498186545,0.5745932471903303,-0.438332533705543,0.9081150073167555
-0.44273713112809776,0.5495362492950437,-0.350328500907665,0.7878682092310964
-0.5121313547214631,0.29047451796477053,-0.6000000238418579,0.8406271460558105
0.431112876975295,0.4837293860020315,-0.35199794124157313,0.7373974384374578
0.5917804235988215,0.5243665305917744,0.15733747930147646,0.8061757938270024
-0.3523408911906195,0.5066365315320434,-0.1046414588208302,0.6259189353198789
-0.33482063256603334,0.5580445099216345,-0.21007012945354853,0.6838479292461348
0.6000000238418579,0.5659180277892106,-0.07545965256478793,0.8282254535766564
0.5906878516841625,0.6000000238418579,0.028820668678391614,0.8424623419955047
0.6000000238418579,0.5799646562680789,-0.03421634801108231,0.835182488802056
0.6000000238418579,0.4255109678577915,-0.08867739919011175,0.7408935777185729
0.585881349925482,0.590154972476953,-0.03646413268395021,0.832387818689204
0.5564853199382025,0.5544181935350307,-0.15128058413799916,0.7999632865116403
0.46301817037026294,0.5657328098825334,-0.13451622194500829,0.7433263430263798
0.3386929204846657,0.30946656291894714,-0.38688974840564105,0.6001384218433935
-0.07503702581199634,0.08317611985627515,-0.44228173059027365,0.4562476864280881
-0.427572291930585,-0.2838875973211803,-0.570867535717417,0.7676587627817729
-0.35213055777375724,-0.29629752813929555,-0.4926699659232137,0.6741749403695562
-0.3600139748423765,-0.30008261498309663,-0.5143230399000424,0.695836063501254
-0.47823474692736717,-0.3477496729429453,-0.5762636598536124,0.8256622274686473
-0.5339303165228925,-0.3111945346143393,-0.6000000238418579,0.8613498998004826
-0.5043398771552419,-0.19101411047227096,-0.6000000238418579,0.8067497323821728
-0.6000000238418579,-0.1401329913894389,-0.5408561914475407,0.8198552943740264
-0.5859043688915762,-0.20045400099595506,-0.6000000238418579,0.8622446083402044
-0.18999409083849028,0.142389243554348,-0.5738671800910392,0.6210442750876665
-0.6000000238418579,0.28424012331310666,-0.38166258929847197,0.7658059861226565
-0.6000000238418579,0.44275559671076725,-0.4181395061994426,0.8549112197612401
-0.5646311245942655,0.4834852134956704,-0.37109781275155085,0.8308308162065994
-0.522701254883264,0.4098299260815206,-0.4698608521325438,0.8136008791386866
-0.6000000238418579,0.4306414945076662,-0.39600867816703783,0.8380184953720478
-0.24336927839405986,0.13395647335026306,-0.6000000238418579,0.6611905708861214
-0.37938242281527146,-0.37188220797600113,-0.5879862307977747,0.7924362478824812
0.6000000238418579,0.5998225891598017,-0.14199841771373672,0.8602038814779919
0.5659289556633518,0.6000000238418579,0.030939151079636962,0.8253683072047113
-0.06337208505893999,0.5380879188706169,-0.19446467366002368,0.5756484507934757
0.5336774659683023,0.5886094731071838,-0.11196031746943746,0.8023763843743922
0.582375695082618,0.5973877464134427,0.07461466865504174,0.8376162119768192
0.6000000238418579,0.5675279653116774,-0.08933368386117135,0.8307036337306165
0.5186689622879646,0.5487537610524458,-0.18936673679922023,0.7784651204235575
0.6000000238418579,0.6000000238418579,-0.056248504497863006,0.8503904700069882
0.5803169348363324,0.555153186907432,-0.1566718042423475,0.8182352107040289
0.5570475763833087,0.5916722147366082,-0.18966558815474294,0.8344765109791442
0.33919753012444653,0.45962110160215186,-0.2512593412046585,0.624049499657759
-0.043336689430285125,0.150839349885578,-0.39522156076456705,0.42524188436448873
-0.45869457256686874,-0.337319389672785,-0.44400170836884756,0.7220267298279045
-0.36812799964120935,-0.41365848843188235,-0.5941797338494967,0.8122075629351445
-0.4155869365392182,-0.3867308073385875,-0.6000000238418579,0.8259983340037907
-0.4199522029261368,-0.34106618018085444,-0.5783868438826749,0.7919705380771661
-0.5795124298755069,-0.28853608877604237,-0.6000000238418579,0.8826594810665213
-0.6000000238418579,-0.25749179195190214,-0.5129866130558679,0.8303356650821175
-0.5594977967003916,-0.21730403107172158,-0.59126510529254,0.8425278934072217
-0.5350239600909327,-0.2341640903239317,-0.5344879473631874,0.7916822752500726
-0.17416752160068782,0.02187747458842504,-0.6000000238418579,0.6251503643805412
-0.6000000238418579,0.3889502561967153,-0.3312056791892485,0.7880225455740032
-0.5789510075175268,0.38669893378676323,-0.44053779362889656,0.8238894841620417
-0.5772930074872837,0.4794167351692078,-0.42321953706970505,0.8615233014907436
-0.48409305035865835,0.5675839410360892,-0.37412234119680265,0.8345448686021538
-0.426951490297071,0.5885332868153501,-0.309184321299823,0.7900974302541436
-0.6000000238418579,0.4841379229327152,-0.38004540071194737,0.8595487558214125
-0.4462711667262057,-0.2530355005139101,-0.48626685441031614,0.7068524403788937
0.6000000238418579,0.5716699105353711,-0.09170412376022519,0.8337962350217107
0.4815062901411058,0.5185767445412699,-0.11542699339809848,0.7170031647276022
-0.028886666209291367,0.49900285202405126,-0.1850494315631166,0.5329930374166785
0.5713946101133973,0.6000000238418579,-0.048695337487080215,0.8299777496835997
0.5112214928727663,0.6000000238418579,-0.08850510743395557,0.7932090502680778
0.6000000238418579,0.6000000238418579,-0.08531130519334928,0.8528060013943692
0.6000000238418579,0.5287915754871431,-0.1757712292278446,0.8188504649450182
0.5639002775883297,0.6000000238418579,-0.16868239082659403,0.840498245476694
0.6000000238418579,0.5798179095286238,-0.09038514982689239,0.8392605746307896
0.46438783201639344,0.6000000238418579,-0.20354049015972192,0.7855474640463019
0.134576703154767,0.4165343960427432,-0.3813249604788337,0.5805346825150787
-0.004047525629518933,0.1891406531248787,-0.35660075164112026,0.40367643626949445
-0.3787532666563881,-0.21464800429256808,-0.45647764400403634,0.6307928679250766
-0.2745964736911278,-0.34585797267484675,-0.4958178098820565,0.6639700755475327
-0.507539313035839,-0.29413100110861584,-0.6000000238418579,0.8391121669361481
-0.4302057846943683,-0.38072634583847204,-0.6000000238418579,0.8306802009258696
-0.5421347008833142,-0.35198502681564153,-0.5877615112581114,0.8736515822229519
-0.524050261523736,-0.29084479503102506,-0.5927844509096611,0.8429785149338052
-0.43381723070029315,-0.1829314034741547,-0.6000000238418579,0.7626672384727992
-0.6000000238418579,-0.13805175185674257,-0.6000000238418579,0.8596850256990497
-0.49001687684248085,-0.18292840909625802,-0.6000000238418579,0.7959769915362988
-0.3590095400072736,0.18047278508313802,-0.6000000238418579,0.7221206994555195
-0.6000000238418579,0.41309793501217373,-0.36373069060101704,0.8142173836308366
-0.48543010261242087,0.5212686981423287,-0.3329298880400146,0.786260612351681
-0.5299273868729557,0.4337113015945635,-0.410841160311297,0.7985730946474359
-0.41953970155800224,0.49135577215672654,-0.42273738015769347,0.7721081197589498
-0.492203052991358,0.4706362971324709,-0.3326709959927315,0.7579131619963945
-0.6000000238418579,-0.26155319688168,-0.5691634429831067,0.8673852248209218
0.5860079221908396,0.6000000238418579,-0.11273574049689655,0.8462355822500249
0.6000000238418579,0.5780465773107006,0.022630789338215718,0.833456673605123
-0.35967329162522865,0.37812906030865323,-0.23545955916772504,0.572527437737172
