Fuel Mass: 141.8508806045744/150.0
-0.4967198831083756,-0.11198013581451344,-0.48123123082518454,0.7006095136477646
0.5739982504440855,0.5355816537421796,-0.3404489658335069,0.8557027507699058
0.5632421764162492,0.6000000238418579,-0.3242893211328819,0.8845367949979066
0.6000000238418579,0.6000000238418579,-0.2496005120267878,0.8844775140298903
0.6000000238418579,0.6000000238418579,-0.4442640450456926,0.9577946538485278
0.5422078626999844,0.48504892011518574,-0.37175276589834394,0.8169834393864186
0.6000000238418579,0.5496970786813664,-0.1763131434283624,0.8326182987820101
0.6000000238418579,0.6000000238418579,-0.04024971800637345,0.8494822523278828
0.6000000238418579,0.5671882293917148,0.15380550190686593,0.8398563261579693
0.5651890452368484,0.6000000238418579,0.1334772432716702,0.835017880010587
0.5512197780039376,0.5474209054524257,0.20178231994183093,0.8026387705750148
0.5745329866284734,0.6000000238418579,0.16621917280812593,0.8471817955689801
0.13707506830930638,0.5013579041677201,-0.5826543084782384,0.7807914994489271
-0.4748481175904852,-0.1346828166401406,-0.48428442255569004,0.6914850669446501
-0.44688960198905703,-0.10810244463138802,-0.41430247625311445,0.6189046749950129
-0.5244896693590082,-0.003238003330707895,-0.5040554536781007,0.727441955287518
-0.5642924041418158,-0.05861812077424833,-0.5469759331691588,0.7880638761683768
-0.591290666217094,-0.15605873052996233,-0.4421734451736756,0.754649809479096
-0.6000000238418579,-0.3566563997079987,-0.3473219491268022,0.7796386037185067
-0.5312695807388307,-0.37285622803477847,-0.2754316044350734,0.7050756717717712
-0.5295428199384292,-0.21451316569378437,-0.1999611637733782,0.6053230240309023
-0.6000000238418579,0.39502341993984724,-0.5738977473627417,0.9194575331896696
-0.6000000238418579,0.6000000238418579,-0.5422009550699448,1.006966699002117
-0.5842668135062936,0.5986148876970259,-0.5218247158721485,0.9859049280901123
-0.5288454106294737,-0.08474337174423252,-0.24296971912821502,0.5881268501026641
-0.6000000238418579,0.00865160614087035,-0.5346726661320792,0.8037099842653646
0.6000000238418579,0.5892018297482635,-0.23747115031349464,0.8738142663175889
0.5941482397864994,0.6000000238418579,-0.2810767368507654,0.8899529714823701
0.30839482554717956,0.5283417407061681,-0.1472501085299358,0.6292336274062099
0.6000000238418579,0.5835136514697434,-0.3413893509482219,0.9038998279691348
0.6000000238418579,0.5865732972429833,-0.3689135433769084,0.9166054026328022
0.6000000238418579,0.6000000238418579,-0.41952051107358335,0.9465714534211882
0.5482712337225193,0.6000000238418579,-0.1412846409647151,0.8249622561731972
0.5390255254658294,0.5761155209121063,-0.052565018793512164,0.7907089804348395
0.5525395420933463,0.6000000238418579,0.042052040360957665,0.8167425226382391
0.6000000238418579,0.6000000238418579,0.2722078189595195,0.8911212902423321
0.5783077198281257,0.6000000238418579,0.296543326075019,0.8845212217141378
0.6000000238418579,0.6000000238418579,-0.03510689885031215,0.8492541148368644
-0.2954923158720303,-0.1567436067569823,-0.5128209908041753,0.6122659843629885
-0.6000000238418579,-0.022421070345156058,-0.5635641060723409,0.8234726678273961
-0.5262580509920851,-0.060915399985341456,-0.4514425288027698,0.696030587690801
-0.42473639035000393,0.10812223347000538,-0.544987070854701,0.6993585103914015
-0.49529109856702835,-0.0076234568543097625,-0.40982406070617095,0.6429052419663714
-0.5717899353012744,-0.18342612244358347,-0.5354664186058602,0.8045577406010772
-0.6000000238418579,-0.26895355662984816,-0.3582436014031195,0.748782025812821
-0.6000000238418579,-0.2743955652393589,-0.37839496387413923,0.7605759025360772
-0.6000000238418579,-0.18908525319972386,-0.1074211843388791,0.638194776249854
-0.5497475687520894,0.3992901105828963,-0.4723281229704456,0.8274955211400962
-0.5877208176253158,0.5991584569485617,-0.4922298995836621,0.9729834993705152
-0.6000000238418579,0.548291285355184,-0.5937290752243013,1.0065473545608143
-0.5409010188230696,-0.25791705545165133,-0.26792342143530407,0.6564130402500277
-0.5739840649966707,0.03257490892793802,-0.4532697199607217,0.73210127072355
0.45954912526048,0.5686774828841159,-0.09000735779996205,0.7366687196598052
0.4962477414240456,0.563351159907902,-0.39765636047546676,0.8495627883003347
0.2093214121023742,0.6000000238418579,-0.23542892989715097,0.6776741571044891
0.5225169628525357,0.6000000238418579,-0.16044899440694804,0.811645171786951
0.5664662852134246,0.6000000238418579,-0.31170997772736736,0.8820698334647449
0.6000000238418579,0.5433269593320513,-0.23159050414234394,0.841925397500365
0.6000000238418579,0.6000000238418579,-0.17119905009307423,0.8656264621493679
0.5016419118804971,0.6000000238418579,0.07151599302760725,0.7853401642753765
0.6000000238418579,0.45535369730665365,0.11830327899311055,0.7624583162911868
0.6000000238418579,0.6000000238418579,0.1885234903016193,0.869218708735589
0.6000000238418579,0.537449824578679,0.13075540132652286,0.8160571778533309
0.5280606217625283,0.6000000238418579,-0.36977942377235434,0.8806729649034722
-0.42919051476039827,-0.1385223415813413,-0.5010518898106759,0.6741260515365974
-0.472910258638899,-0.08101029689788075,-0.5196413643006916,0.7072721742170247
-0.5230486675079684,-0.005283199746275669,-0.558870607624693,0.7654699059063093
-0.5224132293609335,0.148589310739055,-0.6000000238418579,0.8093172394601864
-0.5022513524190628,-0.06833658572775414,-0.42157470544071496,0.6592810798310004
-0.5295027748782766,-0.052956528018657356,-0.4548825059490037,0.7000683371514749
-0.5613585611425175,-0.27542060631304854,-0.324908989060154,0.7046600568514836
-0.6000000238418579,-0.2364422345867206,-0.2878080448695395,0.7062141527881034
-0.5615301700282034,-0.22465866422451886,-0.1633137045076033,0.6264654925397287
-0.6000000238418579,0.4871183140758357,-0.5498191794743559,0.9484647650999845
-0.6000000238418579,0.46387038706765593,-0.5522506322909408,0.9381665766132744
-0.6000000238418579,0.5530076159926172,-0.6000000238418579,1.0128264809760348
-0.6000000238418579,-0.15431310095375128,-0.14147540170945094,0.6354745085564355
-0.6000000238418579,0.02043197731386215,-0.44249793099474233,0.7458028648656507
0.6000000238418579,0.5226374052110196,-0.1472056811809298,0.8092091191452795
0.6000000238418579,0.6000000238418579,-0.24261643145260936,0.8825320334306618
0.5878635488398705,0.5583118703422048,-0.18600616381121826,0.831801652796737
0.6000000238418579,0.6000000238418579,-0.26734154478592903,0.8896468730844767
0.6000000238418579,0.6000000238418579,-0.37568565356456407,0.9279761675359415
0.6000000238418579,0.5983887367061289,-0.3784076253247989,0.9280417230550253
0.6000000238418579,0.5904946977594763,-0.15864991697908615,0.8566526792404003
0.6000000238418579,0.5492903617641034,-0.03697561384803705,0.814301618662648
0.6000000238418579,0.6000000238418579,0.14338346070754826,0.8605573043237348
0.50119786498388,0.6000000238418579,0.0627005839323832,0.7843026786261103
0.6000000238418579,0.6000000238418579,0.11706291581151507,0.856565107553859
0.5559070083940694,0.6000000238418579,-0.0530221233200453,0.8196608909501782
-0.3722087738124711,-0.026449908453149873,-0.4433004785093717,0.5794430802130622
-0.42097841150185605,-0.12361392976649016,-0.5406021997984168,0.6962427486227977
-0.4697792083101187,-0.022347114184873895,-0.6000000238418579,0.7623594471659046
-0.4872383156664449,0.08573419557076145,-0.48321335149539363,0.6915538096251445
-0.5807746907810368,0.047313182731160364,-0.4720662135026092,0.7499228551275472
-0.6000000238418579,-0.05490247724179376,-0.49365080479112644,0.7789129782513851
-0.5843427637377516,-0.2064876072900017,-0.3576330882350773,0.7155382752149478
-0.6000000238418579,-0.31951882012996463,-0.23785477847585706,0.7201855321174355
-0.5437886155919446,0.0012156970069577833,-0.24729531229460516,0.597379701571373
-0.6000000238418579,0.46242224282700617,-0.5508060997368772,0.9366011524543089
-0.5905791885160248,0.5333559513786825,-0.6000000238418579,0.9966204781106677
-0.6000000238418579,0.6000000238418579,-0.5732550388491947,1.0240221661597233
-0.5667868185238656,-0.15859294157978387,-0.2528433357127887,0.6405690994621143
-0.5094743234204252,0.025643970769348212,-0.439763843992922,0.6735086769633709
0.5680906136727004,0.5944437702816108,-0.12648503804067623,0.8319187497693469
0.6000000238418579,0.5815102236198031,-0.23106325309663667,0.8669166025150192
0.5314281195847028,0.5829174988831822,-0.12456184662898417,0.7985764274164249
0.5602963559917191,0.5283186534929722,-0.28934792800769293,0.8226632540770079
0.5977484114598217,0.569019147305692,-0.24530516602697167,0.860964910947454
0.5560094566822114,0.5895740073732545,-0.29791569917111244,0.8634221388769338
0.6000000238418579,0.5315683777558233,-0.18269731699830005,0.8221576968432304
0.5055695295142371,0.6000000238418579,0.03733676771898531,0.7854900457721782
0.5283218309037039,0.5808005688664801,0.07982588178518757,0.7891928973374327
0.6000000238418579,0.5409271097922546,0.25159514040272457,0.8461100882229797
0.5421502354110235,0.6000000238418579,0.11156468830449351,0.816317086702794
0.6000000238418579,0.6000000238418579,-0.0031811199070203022,0.8485341341067683
-0.25915884306872966,-0.2030956483111696,-0.5572936391581603,0.6472923207869861
-0.4237794172584361,-0.2621339120119765,-0.5157785813491328,0.7171685487367152
-0.4743249616729931,-0.06933588503816057,-0.5377750234016239,0.720412111235457
-0.5241130335642512,0.09674068357416088,-0.39019932408667146,0.6605367092963215
-0.4888288705045962,0.07494600642862925,-0.45643397325201235,0.6729803418057753
-0.5832204008291696,-0.12603065607487057,-0.46597666766108803,0.7570759651570849
-0.6000000238418579,-0.09826480490157885,-0.4201680621697509,0.739051555008214
-0.6000000238418579,-0.3834938865418216,-0.3412772975120827,0.789644086549334
-0.5023051900593347,-0.2180736991188269,-0.21841875016565565,0.5895535536589023
-0.6000000238418579,0.26919011562091655,-0.53538975717801,0.848000907457864
-0.6000000238418579,0.5878052886598575,-0.4860861842429076,0.9704611607367697
-0.6000000238418579,0.5016372161662921,-0.5612836676861345,0.9626418237665016
-0.5795983226255762,0.49350996923417334,-0.6000000238418579,0.9692710322371789
-0.6000000238418579,-0.08787599807689661,-0.4584609121401585,0.7602030173635376
0.5781307783598841,0.5700877207834816,0.02446216321269079,0.8123014241672575
0.4764556424689017,0.6000000238418579,-0.4593231503767601,0.893301608821296
-0.0758421912477022,0.46396828039009375,-0.319950564232105,0.5686712290364583
0.46273175899300223,0.5821104658932958,-0.05935884070486985,0.7459870959025323
0.6000000238418579,0.6000000238418579,-0.3130703236365845,0.9044407580170057
0.5578187152979461,0.6000000238418579,-0.2102172182832387,0.8457854495140147
0.6000000238418579,0.6000000238418579,-0.29299699586921757,0.8976899781154106
0.5251274327773559,0.5220277740786647,0.012051588638047561,0.7405518606779424
0.6000000238418579,0.6000000238418579,0.09276613064116301,0.8535839807626391
0.5025360209354253,0.5757831614125559,0.1388431110984384,0.7767535714776862
0.6000000238418579,0.5680942548798256,0.1951565123929394,0.8490095260755735
0.6000000238418579,0.6000000238418579,0.05012533757830129,0.8500074156663568
-0.23904207730732124,-0.1932563246736922,-0.6000000238418579,0.6741581048685931
-0.3272704942288425,-0.16591099726453812,-0.540201931789454,0.6530318235087493
-0.5380700734747939,-0.07643117795383059,-0.6000000238418579,0.8095437959386819
-0.5175711112198251,0.030824680229171397,-0.4425769284221581,0.6816922719615849
-0.561160941624879,0.006457597665520787,-0.54611977663312,0.7830645652835655
-0.6000000238418579,-0.04952371363145569,-0.34473087222520316,0.6937521178974734
-0.5395536128147183,-0.123210835118777,-0.4053957607293244,0.6860355193496828
-0.6000000238418579,-0.20330763771970584,-0.3250634107353625,0.7120394969131306
-0.5852514576371264,-0.18242678559049086,-0.31207057205191924,0.6878857773701039
-0.6000000238418579,0.2048692734966988,-0.23188760957980864,0.675087632318896
-0.6000000238418579,0.4991437300055399,-0.46012286107705724,0.9060118868424466
-0.49811756563670806,0.6000000238418579,-0.5233436033274619,0.9391536961274454
-0.6000000238418579,0.5045008120680055,-0.5485357927750609,0.9567719759393414
-0.5591939841987691,-0.1828914494667232,-0.3534753549238105,0.6863614359728014
-0.40124076168590894,-0.19051025070431749,-0.4778353844746943,0.652391722140762
0.6000000238418579,0.5444226766446536,-0.2929321326802295,0.8615133857414792
0.5597444839142092,0.6000000238418579,-0.17616358224888745,0.8392541472005812
0.07967533264507143,0.5323257871555267,-0.2996185596721375,0.6160277458060311
0.6000000238418579,0.5919696242756616,-0.26709884193368594,0.8841775025624743
0.5874057468824785,0.6000000238418579,-0.3544779140119937,0.9114275240539353
0.5979168657910992,0.6000000238418579,-0.2826135512715654,0.8929585804336094
0.43151600582824967,0.6000000238418579,-0.08150255356791247,0.7435380004641905
0.5653720781005827,0.5909889257267367,-0.04955035513392192,0.819370938416363
0.5974300001835309,0.5503391039153038,0.1156650464044856,0.8204718992002986
0.6000000238418579,0.5705057995944729,0.1745823938438038,0.846141777848956
0.5683028380162369,0.5850019029672091,0.07454675288068724,0.8189948476868578
0.23378504286563018,0.6000000238418579,-0.5441873687204924,0.8430868087883049
-0.3413153229134323,-0.18829057090783258,-0.5142145120272402,0.6452643281072578
-0.43725895690378425,-0.06604529232420076,-0.6000000238418579,0.7453572329031259
-0.37781245438974526,0.04351124697201536,-0.6000000238418579,0.7103770181497239
-0.6000000238418579,0.010446473001462508,-0.39289453946790637,0.7172693193996929
-0.5423446950934843,-0.02916301039779956,-0.3968452033012633,0.6726621476303892
-0.5992921698002625,-0.10275951556973367,-0.43626719422978066,0.7483579942682232
-0.6000000238418579,-0.13026279020599052,-0.43295158824096963,0.7512759152820341
-0.6000000238418579,-0.30627223778773016,-0.3667142997011107,0.7669954953290209
-0.4852332896409525,0.13627249405149944,-0.151971758316843,0.5264189902888282
-0.6000000238418579,0.43704777077346346,-0.5749575649045647,0.9389286362601104
-0.5574288877654369,0.45759283681494356,-0.596587172137639,0.935967105821003
-0.4433955146462542,0.6000000238418579,-0.454352665183828,0.8735192930773162
-0.6000000238418579,-0.16887494014469856,-0.3061034060792356,0.6944192316118664
-0.47509400970746385,-0.10563281393623453,-0.6000000238418579,0.7725753283986183
0.5957013783880867,0.5958589215110055,-0.17467350761646777,0.8604759269269334
0.5674156912154955,0.5633145406071294,-0.4149999074123769,0.9008378108456934
0.5695332499428307,0.5925963385080717,-0.1421758134510674,0.8341178005138655
0.6000000238418579,0.6000000238418579,-0.27471610535588054,0.8918906859937283
0.6000000238418579,0.6000000238418579,-0.36890880622267813,0.9252533515362706
0.5881491257410298,0.5078801229951362,-0.28771954556415025,0.8286399401085695
0.6000000238418579,0.6000000238418579,-0.13448108216102228,0.8591188617878552
0.4946038657709384,0.6000000238418579,-0.0649926835910758,0.7802929331771218
0.5337379899017864,0.6000000238418579,-0.025107847316495846,0.803434300034233
0.6000000238418579,0.5520631771054922,0.12081156574076024,0.8242385665223232
0.6000000238418579,0.6000000238418579,0.2371498045770266,0.8810448836644942
0.6000000238418579,0.44789178119884676,-0.2207508823819611,0.7806010686311672
-0.27345123234611624,-0.17793468870128348,-0.6000000238418579,0.6829614619618463
-0.1682226054451057,-0.28679730605337345,-0.5468428797297038,0.6399911521679712
-0.37509428170701653,-0.0947464018719435,-0.528819748433316,0.6552273858517043
-0.4813615002808749,-0.130962642236314,-0.5710110502194633,0.7582306555969007
-0.520831324138485,0.06427671584732375,-0.5638209862194863,0.77025376916019
-0.5222144274350444,0.012723975151857081,-0.4437189802461383,0.6853877305552305
-0.536349936880143,-0.030583067838255706,-0.35481416991897374,0.6438164909390122
-0.4654004998111191,-0.11600057146410214,-0.3545009702009533,0.5964266054409837
-0.5871880843956686,-0.20363169604459674,-0.3087235944461605,0.6939495456140966
-0.5433544629606359,0.42270885301791217,-0.5055136709409339,0.8540848425930171
-0.5950929669378252,0.6000000238418579,-0.4502634260820834,0.9575347621764284
-0.6000000238418579,0.5683754935859968,-0.44444609698832027,0.9383938743659332
-0.6000000238418579,0.5579395173930639,-0.4839533308250727,0.9515815047045194
-0.5380255112908926,-0.28933428545258544,-0.33351681323314813,0.6960023306335829
0.5284134300944903,0.6000000238418579,0.14194582643960063,0.8120156398481966
0.6000000238418579,0.6000000238418579,-0.31129602881426705,0.9038281223639775
-0.02000774942410455,0.49412342478367943,-0.2466057604263942,0.5526053474519138
0.18086784901446518,0.570750912280017,-0.18960711320850054,0.6280291713406728
0.6000000238418579,0.6000000238418579,-0.2799005177068458,0.893501179088769
0.6000000238418579,0.6000000238418579,-0.29377961233241506,0.8979457209891053
0.5467893012263385,0.6000000238418579,-0.22679684411066975,0.8428614222067451
0.5843949220533242,0.5172781781229194,0.0004921882590332993,0.7804449889218074
0.6000000238418579,0.6000000238418579,-0.04043897550495923,0.8494912406613448
0.6000000238418579,0.6000000238418579,0.13436541009909808,0.859100762804666
0.6000000238418579,0.6000000238418579,0.2637003834299103,0.8885594799683034
0.6000000238418579,0.6000000238418579,0.005787624381157652,0.8485479089694568
-0.2729740377564087,0.5459909186269496,-0.6000000238418579,0.8559327877364948
-0.299239006265924,-0.35945503894102193,-0.6000000238418579,0.7607574754817329
-0.3535193124266749,-0.18593826552883325,-0.5287194940833884,0.6626411142317492
-0.39749228854406504,-0.17792127009429282,-0.592241096316106,0.7351228563782164
-0.5398841617862246,-0.1318929467073417,-0.47746925907302695,0.7326988132230768
-0.5300073396723275,-0.024211827419866938,-0.5364063133677519,0.7544704936008632
-0.6000000238418579,-0.10595072107585157,-0.5792744124450573,0.8407047215403809
-0.5761402943142689,-0.07333111746698895,-0.5423511273388839,0.7946444719792921
-0.6000000238418579,-0.1572941812757882,-0.28980229104355204,0.6846362946612911
-0.6000000238418579,-0.14426706305181924,-0.3096173623619726,0.6904172109440876
-0.6000000238418579,0.49386905379968526,-0.4973886688701513,0.9226603702509648
-0.6000000238418579,0.5733482886678074,-0.5538901146197429,0.9977587623278512
-0.5223240454100972,0.6000000238418579,-0.5179001315378553,0.949232839334337
-0.556124344261733,0.34741307633972496,-0.4976310660890921,0.8231687614513444
-0.5270667670808673,0.019133925313354783,-0.4605822413225831,0.700215313372043
0.6000000238418579,0.5275187666047876,-0.10050220744551114,0.8052184619293616
0.4608350873202458,0.5978624421431664,-0.249368796727868,0.794980046424031
0.34337918857991656,0.6000000238418579,-0.1131727073400896,0.700512210776313
0.47850024994238693,0.43667865738568334,0.014099442595910672,0.6479579718566669
0.4989940937219346,0.6000000238418579,-0.2196800486423004,0.810712315159384
0.6000000238418579,0.5672224826591099,-0.1720996578768354,0.8434214045692213
0.4109793303689846,0.5409270518474478,-0.2762467225261664,0.7333609869071024
0.4568513239130543,0.6000000238418579,-0.1171161131964723,0.763170586921161
0.6000000238418579,0.5827894321355038,-0.018023532129731956,0.836641140830096
0.5549211200636288,0.6000000238418579,0.13226641291917485,0.8279081362623562
0.6000000238418579,0.5403916827708712,0.23340282899705844,0.8405355911572062
0.6000000238418579,0.6000000238418579,-0.21990504389584747,0.8765604859627741
-0.289250207982108,-0.16941929756816992,-0.6000000238418579,0.6872907753028662
-0.287914157697789,-0.25097231735225123,-0.5500304982856778,0.6696381226635603
-0.34568887870919546,-0.08152609414291834,-0.5651118819284489,0.6674569229441957
-0.4645438966859526,-0.09854833034959076,-0.5175256691271491,0.7023856658334967
-0.5104632564827422,-0.07611343421343875,-0.3808428280570906,0.6414103606656599
-0.5102631452642973,-0.07974505697539158,-0.5000746206296165,0.7188896839744445
-0.5917806046917656,-0.04426884036272127,-0.44560546312950355,0.7421106676818972
-0.6000000238418579,-0.15807915127377736,-0.3435243160433197,0.7092235207539993
-0.5863439321727149,-0.18443262139156302,-0.3917091399123025,0.7288694320109471
-0.6000000238418579,0.378153924559537,-0.401765364346485,0.8151170635304318
-0.5910125364639653,0.5897839338486195,-0.5334863928374569,0.9908322957121675
-0.6000000238418579,0.46577040811987147,-0.4923075291195016,0.9051567847163996
-0.5771998666980086,0.488973734165427,-0.45096599615738364,0.8806959341964182
-0.581305611102098,-0.0585712436438256,-0.37576613272502213,0.6946560232114071
-0.38458906393045666,-0.3337091146718429,-0.5732478922047485,0.766735721893246
0.5654473400450648,0.5805273310076464,-0.257172599585119,0.8502237484264178
0.5171415032535831,0.5907878410211735,-0.10404073079372639,0.7920164652012783
0.42206809313230065,0.6000000238418579,-0.1608100720556523,0.7510002550765948
0.5845635038999395,0.6000000238418579,-0.15469026708458372,0.8518471678844184
0.6000000238418579,0.6000000238418579,-0.2431347687538502,0.8826746699647885
0.6000000238418579,0.6000000238418579,-0.2738383697665655,0.8916207209216654
0.5804840792040356,0.6000000238418579,-0.017471957855337616,0.8350251877224338
0.6000000238418579,0.6000000238418579,-0.08184338564353555,0.8524660679429161
0.47452598324094986,0.6000000238418579,-0.08348924967760718,0.7695098389187431
0.6000000238418579,0.6000000238418579,0.026026562808759146,0.848927228443109
0.5435651979526512,0.6000000238418579,0.15206101562383745,0.8237631367742113
0.6000000238418579,0.5290611852484433,-0.25555458831962347,0.8397701554341699
-0.1118427015353386,-0.2698810920666799,-0.5746370319935273,0.6446334712688728
-0.23893407787208382,-0.28980530401625776,-0.5025517062067696,0.6274032397237632
-0.3163184566109332,-0.05762543093351524,-0.592992856734886,0.6745506537107478
-0.3584158214776539,-0.1726594226883662,-0.5297051901205028,0.6624656713892271
-0.49351943010426935,-0.07705856770212005,-0.46470645168983316,0.6822400874977227
-0.5429108605484637,-0.1417679923656277,-0.36071451465148685,0.6670572143685366
-0.5706092476205187,-0.06218607936248455,-0.5335115528332127,0.7836431579124759
-0.5389597275423877,-0.11559888287688991,-0.33178463860908947,0.6433674968879869
-0.5598678920882965,0.03411899287097553,-0.39125182240956513,0.683881678950919
-0.6000000238418579,0.48889384478949793,-0.5521905353741112,0.9507531790323056
-0.45190489420118823,0.577734518564109,-0.5427892120830002,0.9124775811477092
-0.5398455703588346,0.6000000238418579,-0.3560140532208578,0.88214470158644
-0.5446161441903299,0.5684399989208122,-0.4621562100315243,0.9128631547809001
-0.5376301427100906,-0.1321892793100376,-0.5832369141531777,0.8041675658380538
0.5728255868159677,0.5690724181756135,-0.015962774470288155,0.8076059560256397
0.5288203660608046,0.5355008369367915,-0.23263867394977772,0.7877390929348362
0.5409136817300042,0.528779210064164,-0.10904925133454868,0.7642557185232016
0.43106037307748535,0.5792115633648067,-0.14222333196466708,0.7358848799427369
0.5085624098568278,0.5795284484125369,-0.22872663659831166,0.8042417680824608
0.5200018787313907,0.6000000238418579,-0.13666997527117847,0.8056554254984141
0.49158297429878295,0.6000000238418579,-0.25032331289873977,0.8150555871910016
0.5313604868557511,0.5932380664426791,-0.1134172764821817,0.8044494074041356
0.6000000238418579,0.6000000238418579,0.01455633230746467,0.8486530174521891
0.563497566171127,0.6000000238418579,-0.06123652107580013,0.8253965393703081
0.5941034330329393,0.5864715430791254,0.06770776667714706,0.8375512531490485
0.6000000238418579,0.6000000238418579,-0.0075176540421600935,0.8485614723417259
-0.13308035723475714,0.5506059797921712,-0.49080389857313717,0.7495103690538362
-0.32165095816166767,-0.1304112373370983,-0.6000000238418579,0.6931568785782494
-0.34021344211111854,-0.2628587834095108,-0.5763471702478625,0.7190382374125468
-0.3567002550830787,-0.16493145163009693,-0.6000000238418579,0.7172429743980588
-0.3518455142111648,0.0024251886099175834,-0.5263175289386679,0.633096587163774
-0.5365816648223972,-0.09063007369704856,-0.4223738403336341,0.6888638140300956
-0.5667981173221064,-0.020191879855564476,-0.6000000238418579,0.825631786223263
-0.6000000238418579,-0.013349397051714451,-0.5910285875532895,0.8423140900620806
-0.4955194822016794,-0.020468227617605916,-0.35769141325742015,0.6114749812554208
-0.5221403015430532,0.03459374720693509,-0.3849999482582575,0.6496554332876381
-0.5452997480167632,0.4185393397004096,-0.3610349374214651,0.7764491097959488
-0.5020681385911648,0.48243551368195914,-0.4408890336901009,0.8241356567205206
-0.5837824281182382,0.5346991913657726,-0.5155468715820896,0.944718860521434
-0.5749230588511678,0.6000000238418579,-0.5316118731128063,0.986482506607958
-0.6000000238418579,0.00611066802703597,-0.4543092646350657,0.7526182809414217
0.061117233966804574,0.435564871609859,-0.6000000238418579,0.7439436149860392
0.6000000238418579,0.6000000238418579,-0.12758821662200653,0.8580669031265826
0.12963128781786415,0.5714462096723829,-0.20597691942573298,0.6211131399884934
-0.08718101064722694,0.4690740336233161,-0.25730627589619687,0.5420677976532914
0.5427726288141168,0.6000000238418579,-0.08969366153419434,0.814031392588411
0.6000000238418579,0.6000000238418579,-0.22046407918877264,0.8767008996419551
0.6000000238418579,0.5816711900107223,-0.18955590529366667,0.856897218533484
0.6000000238418579,0.6000000238418579,-0.11706963581318891,0.8565660259722497
0.5941820441303989,0.5596924241013794,-0.09804311761473361,0.822143761196954
0.6000000238418579,0.5678010432853691,0.025787912385494827,0.8264762971745684
0.5655489028788256,0.5549767449604546,0.11042419807353876,0.8000239074643513
0.5646902686140474,0.4699472879020783,-0.18720749913442503,0.7581373230530796
-0.2352476487461428,0.20138777413186737,-0.4212765036765146,0.5228502504162018
-0.34847742267810994,-0.16441978869140056,-0.6000000238418579,0.7130711112083653
-0.2027656451708016,-0.23163714883625952,-0.6000000238418579,0.6743661499458236
-0.33136238005042223,-0.07903908114321723,-0.6000000238418579,0.6899624858431613
-0.4295903085240459,-0.18392221058225744,-0.5782517427152533,0.7434717820310847
-0.45532970417614493,-0.015788167600088054,-0.5311812742259197,0.6998056528991287
-0.6000000238418579,-0.0733201445476025,-0.4664616585316669,0.763519712310576
-0.5320746888883087,-0.12448226390542999,-0.4531381742253284,0.7098827463200355
-0.5343594183382092,-0.005104333505694836,-0.4691795746639782,0.7111227147751351
-0.5383666896852515,0.043252479445515024,-0.31886617853282967,0.6272042006818601
-0.42457359888088886,0.42606997964975624,-0.6000000238418579,0.8495871921325342
-0.47958231292053616,0.5692110108018062,-0.5143403245015589,0.9047355078102075
-0.5235096370731278,0.534811861790722,-0.44674920189289613,0.8715910262344583
-0.5579172293924004,0.5529787092139649,-0.42549056562870735,0.8933640406552484
-0.4570893945192871,0.07065073861458893,-0.5416242632227051,0.712235272898172
-0.3141119924265845,-0.2507548172633517,-0.5909738861343293,0.714698857043781
0.6000000238418579,0.5693549124016979,-0.22424439482424258,0.8570009296939333
0.6000000238418579,0.6000000238418579,-0.08260535650789702,0.8525395604570247
0.48656131586595697,0.591843379794333,-0.13897312800623268,0.7786745344567442
0.6000000238418579,0.6000000238418579,-0.015589203562965448,0.8486713618876199
0.5597850529546744,0.5570632620100833,-0.12010005791200795,0.7988133745145045
0.5607344263038188,0.5609125985997392,-0.1982312970631318,0.8175216738689663
0.6000000238418579,0.6000000238418579,-0.30036027921837166,0.9001201889484528
0.5398384200500539,0.6000000238418579,-0.06817495603593549,0.8099835634152525
0.6000000238418579,0.6000000238418579,-0.04686311864315784,0.8498212806875471
0.5625430464772954,0.6000000238418579,0.11358689676532596,0.8302750693998727
0.5302781768140064,0.5618241227808172,0.012033323071718671,0.7726487498260576
0.08461931301979886,0.5285577315165075,-0.5480207120913544,0.76606814616125
-0.3210146216002964,-0.2916915880094473,-0.6000000238418579,0.7403609919538473
-0.35067296882666565,-0.15608416997224173,-0.6000000238418579,0.7122737028641878
-0.30412357403958123,-0.35572948934316134,-0.5059849557634731,0.6892426229811378
-0.303453295625781,-0.1905546859945645,-0.5620905427547204,0.6665889057244584
-0.4700053983662157,-0.08173041643291701,-0.4955404740646231,0.6878555785191209
-0.5631846357209911,-0.06804653304866626,-0.430031127106969,0.7118525372947819
-0.5418044139330512,-0.11064063679685038,-0.5560916183465571,0.784239288395731
-0.46797051016860447,-0.057345573682637374,-0.47734503074639306,0.6709271134681692
-0.6000000238418579,-0.02701598640403835,-0.48526950327156504,0.7721504924152057
-0.5058124396895468,0.33594994329053174,-0.39208359668702575,0.7227988207880788
-0.465269066203207,0.6000000238418579,-0.5165119853191065,0.9182918727475046
-0.5424288224097957,0.6000000238418579,-0.42365236976800247,0.913077426290428
-0.6000000238418579,0.5255321035995508,-0.4543221002406491,0.91792842383874
-0.5335471394191135,0.11921349355986477,-0.4841363097744366,0.7302550057829635
-0.3566640443122538,-0.2591292424751669,-0.5428465805081117,0.6993136740978808
0.6000000238418579,0.6000000238418579,-0.15390061260687443,0.8623719938525551
0.46086815933421144,0.6000000238418579,-0.06469231428015787,0.7593316695787532
0.4434969399049411,0.5990225104280977,-0.20504771747264627,0.7730213904837107
0.6000000238418579,0.6000000238418579,-0.02685826837506533,0.8489531340424906
0.6000000238418579,0.5143322978718925,-0.21424198943415484,0.8188024006322379
0.6000000238418579,0.5950843222927893,-0.09324590167610558,0.8501883188025393
0.6000000238418579,0.6000000238418579,-0.257969514150601,0.886875598633516
0.6000000238418579,0.5786694256719314,-0.12692273451193636,0.8431890140138808
0.6000000238418579,0.6000000238418579,-0.13377007638856753,0.8590078524422599
0.6000000238418579,0.5974020153312962,-0.002295651042034774,0.8466962067623967
0.5800332801845489,0.6000000238418579,0.058997173600778385,0.836611798401599
0.19593542097520922,0.6000000238418579,-0.5168660019141382,0.8158070738463037
-0.2435248882564771,-0.3333697775987179,-0.5300154544312152,0.6718304561066548
-0.23487725521990055,-0.15988301793450033,-0.5661165058783507,0.633417557912149
-0.39117429854661634,-0.2754625968525063,-0.5634520949509637,0.73917199447273
-0.37183888017521705,-0.1907240981627265,-0.5378150713508699,0.6810909523713305
-0.4515564997604696,-0.09318866368451151,-0.6000000238418579,0.7566950694470409
-0.42163258122813474,-0.04738080743765727,-0.40491987659954815,0.5864972983159746
-0.5277948791256556,-0.0265920282218709,-0.5721593900688713,0.7788715799412641
-0.5603971332832394,-0.05547530347481999,-0.47244587813476924,0.7350697681541728
-0.5024328488065317,0.1434535249653921,-0.4954813563646584,0.720082950700685
-0.5660409032570651,0.4040273433202324,-0.3477578422730457,0.7775447994635959
-0.5405650329998342,0.6000000238418579,-0.48061909618093923,0.9397900292757552
-0.44718910550116964,0.5748877736001734,-0.39466039178719303,0.8283905317901221
-0.5592479729250881,0.5431025103259244,-0.40040703407367106,0.8763814380044883
-0.5073446065115345,0.47106129196379687,-0.5156382931514201,0.8632381710206373
-0.5015370044535189,-0.016147386510939277,-0.40394258190025134,0.6441814297227015
0.6000000238418579,0.5907885965475315,-0.2052187423030381,0.8666867523005487
0.5859468962774448,0.5602422368851459,-0.08666776970411472,0.8153014360055598
-0.35731266382834403,0.33617655744870045,-0.20243264906499003,0.5307221447401983
0.2696584231705089,0.5753716436662875,-0.1451626362009102,0.6517978095014192
0.6000000238418579,0.5980939026849528,-0.13167956370001277,0.8573539832154357
0.6000000238418579,0.5201472054984249,-0.13178501338408177,0.8049350493988278
0.6000000238418579,0.5089805881784961,-0.14855666299658143,0.8007061570098221
0.5185541093109514,0.5640994709063334,-0.2842222028413636,0.8172446622328448
0.547559915030615,0.6000000238418579,-0.061898072867399456,0.8146491641088587
0.5369428552006574,0.6000000238418579,-0.028890150783445923,0.8056936757686227
0.5759031005018009,0.6000000238418579,-0.05693229829328372,0.8336100385472652
0.04609403443917981,0.5596933729426528,-0.33095292971416634,0.6518521100780403
-0.27800070549270944,-0.28287414097175895,-0.594765617695948,0.7148764311950684
-0.37439035011647603,-0.116774984227549,-0.6000000238418579,0.7168016181705451
-0.2799791672859762,-0.11628625213325672,-0.5468292265986229,0.6252463751288735
-0.3793174204487345,-0.22095057814301905,-0.5246178541897685,0.6840502586596204
-0.3777796270045496,-0.047767324465938565,-0.580933756650888,0.6946101017713779
-0.23172672692189428,-0.10967903250200212,-0.3400443801762456,0.4258602430727203
-0.43667891678942816,0.032108514876725947,-0.41393115055310303,0.6025433017586311
-0.5363480737041261,-0.04311036438520488,-0.4940554546667473,0.7304919930906281
-0.5284901452065232,0.08381603048318642,-0.3766519045150073,0.6543650492814791
-0.578597269660234,0.171980980856704,-0.4430976081239098,0.74879085768981
-0.4874110472855941,0.46905324498594014,-0.48411907783199065,0.8318363764399686
-0.4358108991323362,0.5471179732264171,-0.47938919106228106,0.8479877433885857
-0.6000000238418579,0.587564015078772,-0.41610078407088014,0.9372146834797876
-0.6000000238418579,0.4894586404393366,-0.5459408196157184,0.9474287138532568
-0.5025665465780864,0.053539628653518245,-0.5010144884916282,0.7116566189211679
0.5530116859484324,0.5843712842357627,-0.02848205543318072,0.8050608362829365
0.5590567564598607,0.5836337553755633,-0.07603814526515706,0.8117601966668284
0.46110775535744364,0.6000000238418579,-0.1191131528579667,0.7660341597114162
0.48980202452201405,0.5550093947351875,-0.15622381137314517,0.7565364040878237
0.5384107068597663,0.6000000238418579,-0.02671593572873021,0.8065977058567206
0.6000000238418579,0.5959837976680227,-0.126793226586628,0.8551451560999902
0.6000000238418579,0.5643794289207684,-0.19991196401846273,0.8476372819531253
0.6000000238418579,0.5884972467458804,-0.1357236166171717,0.8513224642550887
0.6000000238418579,0.6000000238418579,-0.13928500203172484,0.8598839276387469
0.6000000238418579,0.5255656476210169,-0.016929136972424375,0.7978131825484961
0.5565709997749455,0.6000000238418579,-0.052704602837933545,0.8200908983527477
0.6000000238418579,0.6000000238418579,-0.08650657713363996,0.852926400756735
-0.3296877646260331,-0.05113787264695546,-0.4477860897304872,0.5584097835094644
-0.27798430531735696,-0.18987305202464,-0.5325726578834762,0.63004816150275
-0.35664895983497125,-0.24684420927227502,-0.6000000238418579,0.7403584083488562
-0.27989867112572064,-0.22123253621510186,-0.6000000238418579,0.6980595460190633
-0.37282095706958734,-0.12293958673602495,-0.6000000238418579,0.7170143908090951
-0.3424644348746457,-0.08004026146095555,-0.5177594041774485,0.6259098443249914
-0.5221238523375467,0.05320309725189154,-0.47816369062839836,0.7099890152476763
-0.382433716414327,-0.004574593441048269,-0.4728760183718751,0.6081843496069779
-0.494715588044892,0.012950940410106249,-0.442425231002614,0.6638157311632693
-0.5200863826574321,0.24995684162720533,-0.4927456441401965,0.758792816202867
-0.4637019414705523,0.6000000238418579,-0.36164693527961855,0.840123815238522
-0.5400738121455642,0.48316299236946847,-0.45817236676233986,0.8573494721672518
-0.5117060765316134,0.5718828120857529,-0.4127806018096908,0.8713672502159215
-0.5249372886029166,0.5779732373242703,-0.46687075499289254,0.9097145276934476
-0.4903516774080468,0.3786458655952736,-0.43183229764629105,0.7551798410708234
-0.3223339157833343,-0.1465301534931609,-0.6000000238418579,0.6966851998981871
0.5802867903911131,0.6000000238418579,-0.12215160697499727,0.8435957579310269
0.5577497847617057,0.576570847010758,-0.09592462894282294,0.8079110708872915
0.22740817542889546,0.5238187344792014,-0.13109752670399755,0.5859070799633648
0.5115389845604816,0.5882678070604648,-0.07886719669598286,0.7835503686832007
0.5367757470492691,0.5291828966890506,-0.11839621562533431,0.763007473517079
0.5596147366378004,0.6000000238418579,-0.1180647098730323,0.8289197535285475
0.5886626094242731,0.6000000238418579,-0.1929553771828295,0.8624125891521948
0.5852198792893739,0.548860098257896,-0.22573038489085023,0.8334770070242538
0.5680777231586294,0.6000000238418579,-0.04446937780289828,0.8274598804301628
0.6000000238418579,0.6000000238418579,-0.09841919102242236,0.8542168310107032
0.6000000238418579,0.6000000238418579,-0.09543549892617942,0.853878206582033
0.07535243992810914,0.5957589569808925,-0.42075942601226135,0.7332429471902527
-0.2759320096524283,-0.3084794808602144,-0.4290566834341496,0.596144027615917
-0.19473157209558328,-0.19614255769914463,-0.5251293110435202,0.5934248742921229
-0.27701929615881193,-0.2254835314968272,-0.5948740080877327,0.6938714570574064
-0.2940189572098627,-0.2553738921957419,-0.6000000238418579,0.7153062285652262
-0.4612706329553924,-0.21223838921878896,-0.5508118952558316,0.7491391557251401
-0.3977453398121019,-0.05102210666667106,-0.45884286575440253,0.6093778681283578
-0.317748528337042,0.06784350497502278,-0.5342445362891028,0.6252872083949986
-0.5129255071145106,-0.11866822733185795,-0.5791898359198633,0.7827104126429145
-0.5864316403708982,-0.051404351346275856,-0.43539954942705805,0.7322002757488685
-0.5032152303706301,0.17028642794447835,-0.5031674111579941,0.7317106526971533
-0.3361946806900999,0.4820607014376048,-0.4508734544577246,0.7407403425826594
-0.33453136096956665,0.6000000238418579,-0.4511652206812998,0.8218645365477126
-0.518559598407219,0.6000000238418579,-0.3678139915053629,0.8741803120967627
-0.5270744210179987,0.591946696226767,-0.39240692837827773,0.8844159281155659
-0.5260801895115345,0.14478372163233688,-0.3242555046530771,0.6347159397273899
0.565375058633061,0.6000000238418579,-0.2286498143041097,0.8555289142488821
0.5730586888604892,0.5516806047460396,-0.14925680393623753,0.8093363602685347
-0.2701572415282631,0.3774223328544555,-0.2341917948825677,0.519883014992583
-0.19677538000388134,0.3126887993883072,-0.21274777987331717,0.4263290434389831
0.5935809489178343,0.5896112908012578,-0.12986000360907873,0.8466660721298994
0.573812934635801,0.5459837542762558,-0.19076816542884495,0.8147097868750761
0.5582355801334931,0.5597488784410929,-0.18040544875363562,0.8108587397216852
0.6000000238418579,0.5690749673073936,-0.2387073435127795,0.8607133918285862
0.5667442652573402,0.5369720786095429,-0.20925099549106752,0.8082846370693546
0.6000000238418579,0.6000000238418579,-0.11917212620472967,0.8568559113903668
0.6000000238418579,0.6000000238418579,0.036708469008245204,0.8493218288242622
0.5240750524309794,0.5816689768104428,-0.1579938622794978,0.7987211776848252
-0.3337866114728705,-0.16365530857362182,-0.48884544810862807,0.6141387743494086
-0.2911331316287043,-0.19309376165106262,-0.6000000238418579,0.6942936912652483
-0.3105406386182379,-0.20413964700108633,-0.6000000238418579,0.7057680301071884
-0.31670136863132614,-0.1890311531005544,-0.5092890454694761,0.6288146512054966
-0.2410373738971856,-0.1937668316718401,-0.6000000238418579,0.6750145400520088
-0.3682775066471624,-0.0740735428916699,-0.5508900324842642,0.6667796034292653
-0.244092471627738,0.025684583128788963,-0.4831188663777499,0.5418899072375863
-0.3690638580432013,-0.029475964593646986,-0.37521690518650896,0.5271287221734363
-0.4244861626387715,0.054086362703349766,-0.36562121470452397,0.5628434147649588
-0.3744940474007201,0.17442614594449324,-0.44594147935325357,0.6078931443398509
-0.5048607802986198,0.2984435511722753,-0.3642340246041736,0.6903762636413592
-0.4339707738999993,0.5107228688133811,-0.37095098095374057,0.7660111693695313
-0.540927549269982,0.5364531734656883,-0.4434654040526226,0.8815022322559328
-0.4504378254471325,0.5157624937146588,-0.3435635723964856,0.7661208212769968
-0.44138827434942063,0.5133716220613094,-0.42229227983349193,0.7979378426155683
-0.4718246264255411,0.07628925892447647,-0.4864562369535079,0.6819664211673583
0.6000000238418579,0.6000000238418579,-0.07578529517964994,0.8519057859798387
0.5882738647053687,0.5959452293928453,-0.08932606067977122,0.8421377568118221
0.023584399202753015,0.5512879507403963,-0.19550543045022084,0.5854032813820115
-0.0898438529105472,0.3753894555794699,-0.23742876790161355,0.4531683805092111
0.5381937885484047,0.6000000238418579,-0.0142994962493741,0.8061371212363942
0.5358409033741403,0.5301927013772119,-0.09206679481075752,0.7594116597927676
0.5207796772537117,0.6000000238418579,-0.1671993763278063,0.8118910840101138
0.5654660686184929,0.5176580736962773,-0.15502597359314957,0.7821475618515334
0.6000000238418579,0.5867972799697627,-0.060719824545199086,0.8414380390040267
0.6000000238418579,0.6000000238418579,-0.1064748039542247,0.8551824022379967
0.5323700937154277,0.6000000238418579,-0.1179362350431668,0.8107569924638087
0.5228870934651568,0.5828232679468517,-0.2962398584261783,0.8371689960175601
-0.4360435728885588,-0.09088601794568174,-0.47073921730377344,0.6480661049794317
-0.3105060820649984,-0.20571663822146202,-0.5968793718403642,0.7035611890724525
-0.3040136851910629,-0.3075676033221979,-0.6000000238418579,0.7396094780402978
-0.25781873781217424,-0.34678649692641483,-0.5007990810068758,0.661461333378519
-0.31346652082538645,-0.14533948887988418,-0.6000000238418579,0.6923762382667884
-0.40794442835821976,-0.11663033589790928,-0.6000000238418579,0.7348614294480312
-0.31033131634681965,0.01994907462239337,-0.3570660767533361,0.47349728051157697
-0.47377278543193424,-0.014917184863462718,-0.528481856674981,0.7099128449710003
-0.46138374916581015,0.09443885646297068,-0.2953132479318877,0.5558809009207039
-0.5029762771980321,0.08177273330477763,-0.4169642928851963,0.6584308140400005
-0.49542494695046085,0.312543016594903,-0.41286809107724765,0.7166512931076586
-0.46653712927703805,0.49390619791881907,-0.4605244631183202,0.8207819481854486
-0.49569469261677346,0.6000000238418579,-0.38907651267058785,0.870111366211575
-0.4254946600649617,0.560913707199943,-0.3115961030947287,0.7699104000676972
-0.43350852923465255,0.5335488653129168,-0.33217910914243043,0.763509657533257
-0.5082713642431096,-0.09573075485673821,-0.46186770704824476,0.693416134762522
0.5726107538688145,0.6000000238418579,-0.1028398181949326,0.8357386746243163
0.5325256916193701,0.5607198929372599,-0.04166664798484887,0.7744201186207355
0.41779419242260896,0.540050637490834,-0.1596020695327025,0.701198615853909
0.6000000238418579,0.552139917737567,-0.03740796953987802,0.8162462089067084
0.5832459199994706,0.6000000238418579,-0.08736439671032492,0.8413134788049089
0.6000000238418579,0.6000000238418579,-0.04122522241223969,0.8495290319838391
0.5108387773842904,0.5595973346110124,-0.15606784214472857,0.77360364834645
0.4892274691132321,0.48868495950317126,-0.1751137726284368,0.7133171381256155
0.5843351336635116,0.553587876102523,-0.1147579294119715,0.8130660904035903
0.6000000238418579,0.5325096999229284,-0.12063986800180149,0.8112463170170509
0.5556033181888556,0.4853038423895266,-0.058452332365303894,0.740021311706257
0.3697726624756702,0.5446022812908753,-0.34711027714917964,0.744183452654083
-0.2643220204335547,-0.2281763825814867,-0.5770487205714883,0.674474475400842
-0.34512004696223114,-0.19958592329759028,-0.6000000238418579,0.7203765794388337
-0.2767777771972407,-0.30732336041626057,-0.5552172106287615,0.6923292112760884
-0.3361135249738249,-0.27354574379748275,-0.5725899924777239,0.7180939180258303
-0.3116958421225004,-0.130940156539734,-0.6000000238418579,0.6886941637630849
-0.416530752490901,-0.02599151808420863,-0.5723179215483853,0.7083228290182533
-0.4323329702561343,-0.02875580331304317,-0.5195435822470479,0.6765088523062835
-0.4277030910445381,-0.029462174659150797,-0.33755992044269845,0.5456598333339001
-0.4150842269969026,0.1645683462419263,-0.4435926489440293,0.6294061441419201
-0.40767193120059286,0.22231211447952992,-0.4246009606033956,0.6292098660053789
-0.6000000238418579,0.3967086982340017,-0.4178760440542159,0.8318642966609081
-0.43217968890637415,0.4955055446215799,-0.29913986916222574,0.7223501156477601
-0.32476590247195797,0.5696452945479984,-0.24418878596233762,0.6997119523052765
-0.5276176898060561,0.6000000238418579,-0.3647209409939065,0.8782948366044231
-0.4057889321386321,0.532655993326415,-0.4752330959021993,0.8211172633147779
-0.411577714750087,-0.07383323251594298,-0.4702178057180687,0.6292474444262549
0.5789678058103831,0.6000000238418579,-0.25320039304240377,0.8713863596659907
0.5267864286481077,0.5446063922677042,-0.06098624642102235,0.7601443192968017
-0.3262797842568063,0.2948710560901706,-0.3904257495154181,0.5880813746575184
-0.16667959929429182,0.3188228263113013,-0.3547516741834522,0.5052512580231683
0.5839424114969816,0.4391841232323801,-0.0674733667609222,0.7337738679364089
0.6000000238418579,0.6000000238418579,-0.0028279226492121667,0.8485328834918362
0.6000000238418579,0.5064685850847443,-0.06987587912704474,0.788284907106403
0.5527115864515864,0.6000000238418579,-0.12708977829898582,0.8256160961101382
0.5932314631518347,0.6000000238418579,-0.1416006659717396,0.8555549930233222
0.5445106145280176,0.5968795919461183,-0.18705786454202505,0.8293055536426044
0.5564581146462391,0.6000000238418579,-0.18372690525810154,0.8386901917165815
-0.05370054401637192,0.4359922647866896,-0.3932051395495937,0.5895619434374106
-0.35021074120224094,-0.2694032081060144,-0.4811046315410639,0.6532130726504931
-0.27094043044598043,-0.23946902104273754,-0.570359376128148,0.6753250675243075
-0.18958847764468545,-0.2630886328823607,-0.6000000238418579,0.6820259879343081
-0.2767002263173735,-0.24653011474912334,-0.5894417982444946,0.6962626991588772
-0.2748755075470629,-0.13275459821188795,-0.6000000238418579,0.6731867174906865
-0.3190392299607173,-0.13662429234970191,-0.4528017113520897,0.5705099625049201
-0.42695166196997497,0.012294545911463728,-0.4091938687859388,0.5915052829604288
-0.47165187189689983,0.020905311895684675,-0.4823444029354083,0.6749434371652346
-0.5378664414852354,0.0759339513854187,-0.501226899862433,0.7391175001274822
-0.36288647488615855,0.18285223742186063,-0.560808641139845,0.6925517066346761
-0.45354239651206907,0.3551407615523906,-0.4982763799967256,0.7616462543809719
-0.35640505743542633,0.5218074050318866,-0.3697043878745996,0.7321126056320798
-0.4441245879940321,0.4973812785032785,-0.23466706659093478,0.7068970349413123
-0.49262509970373153,0.6000000238418579,-0.27821798048442525,0.8246725181144171
-0.4009675115315673,0.5293488944600111,-0.4153794596563084,0.7832785538199168
-0.5040695672900533,0.07026071679881007,-0.5099653658981839,0.7204771831284685
0.6000000238418579,0.6000000238418579,-0.21412476039086403,0.8751282593042605
0.6000000238418579,0.6000000238418579,-0.08427498082076224,0.8527029550862363
0.09945210513023817,0.42055010065439413,-0.08276110538384018,0.44000285105850406
0.21175759855275045,0.5837932270507924,-0.17312651912147486,0.6446926431396005
0.48716320576566385,0.6000000238418579,-0.04338041747027499,0.7740864798470543
0.5277836316214832,0.5601701456684407,-0.03401339398378267,0.7703915010409056
0.502306496867015,0.5380172404075951,-0.23739496690872625,0.7733891246224063
0.5973449894412768,0.5440225645868784,-0.07114830477804568,0.8110756243797942
0.6000000238418579,0.6000000238418579,-0.048195941931136854,0.8498958206975074
0.5203117528756818,0.6000000238418579,-0.06394001766749668,0.7967513254774756
0.6000000238418579,0.5792486194087898,-0.22745458173421612,0.8644446647698778
0.24438409445346698,0.5851581106042147,-0.25749104035536174,0.6844232870753464
-0.35388797545709816,-0.21530163336371705,-0.6000000238418579,0.7291032307653273
-0.3677073157281325,-0.10222571804228464,-0.5799568297832423,0.6942684580776213
-0.2503496181741084,-0.27188506481123165,-0.528468979062777,0.6448843939955311
-0.265065980599683,-0.3241830332307672,-0.6000000238418579,0.7316793298407454
-0.26533181501998254,-0.21786141963022376,-0.5576573284318339,0.6548635477554274
-0.37277689885485765,0.040434554422420166,-0.5672920454155737,0.6800131133316252
-0.4017480282508724,-0.07547741484092152,-0.46780109339931875,0.6212376206735475
-0.42720050761205003,-0.014856521284055568,-0.3951542931699443,0.5821236168884536
-0.4784504124578342,0.040303406321059776,-0.4255579131948385,0.6415907568106773
-0.4223982022382263,0.14050191864869765,-0.36402968559381177,0.5750466436660423
-0.39406454979437,0.4058556308570398,-0.4752491696573078,0.7388284210579381
-0.3967139528110954,0.5383007509269022,-0.2977694560226811,0.7319947457075866
-0.5689851000264347,0.6000000238418579,-0.2271694899854263,0.8575255388864874
-0.525809628710981,0.6000000238418579,-0.12455803867783566,0.8074592864378234
-0.4635000322721471,0.47030802028420493,-0.29108040864917295,0.7216299038699124
-0.5285087157410868,0.09189976662500587,-0.4640785431458838,0.709320748271492
0.6000000238418579,0.6000000238418579,-0.05981670529929339,0.8506339373980576
0.6000000238418579,0.5549310986009188,-0.10476343338978811,0.8239684033870894
0.08400299925139088,0.45470366921393635,-0.14964398047360833,0.48600951798481445
-0.19538391368243418,0.45330966669851724,-0.3179555295110514,0.5871628789312542
0.5759181959544333,0.6000000238418579,-0.068442707641446,0.8344855908108488
0.5270326250117141,0.6000000238418579,-0.04692932362024993,0.7999786108718296
0.6000000238418579,0.5556448139358932,0.019741491186166638,0.8180042263572584
0.6000000238418579,0.5156699153155864,-0.04547007453365859,0.7924537954038144
0.6000000238418579,0.5323572971106127,-0.12125434645596683,0.8112379040279188
0.6000000238418579,0.5221080638465183,-0.09103824496481616,0.8005528221111109
0.5723549611173264,0.6000000238418579,-0.10562779557341845,0.835911156357867
0.47948908715863814,0.6000000238418579,-0.19725284766304013,0.7929807685093206
-0.42160561195873536,-0.2203669779836937,-0.45124504802936927,0.6556942811949737
-0.34881025231134477,-0.18634876929307925,-0.5673173450977047,0.6915514630042059
-0.3837983620385129,-0.27945891645225884,-0.5948421743442766,0.7610753451970066
-0.2812991229630538,-0.19795596936924958,-0.5805981768169298,0.6748407258841492
-0.3068120542801801,-0.1313927290659182,-0.5742978671547823,0.6642407139896996
-0.3276857038646335,-0.1836184995208942,-0.6000000238418579,0.707879723183109
-0.39594350943193823,-0.1768637418002359,-0.6000000238418579,0.7403053926827022
-0.3952756004830716,-0.055295558744458906,-0.527540369243293,0.6615128421546059
-0.4825277215119936,0.0656031380700064,-0.33482818939218706,0.5909709723529901
-0.5419907591735079,0.09830881921973733,-0.3857701194097295,0.6724858303304624
-0.5094421019514104,0.33143333163552946,-0.4387318110630718,0.7495764874903568
-0.353529077656514,0.5169536977331881,-0.45921887855961896,0.7765989394624718
-0.4543756191864168,0.6000000238418579,-0.372487347787733,0.8397642860846186
