Fuel Mass: 141.94907109849623/150.0
0.2840186244051437,0.5621021757617986,-0.6000000238418579,0.8698422061588917
0.5833471210028143,0.6000000238418579,0.011991506776387051,0.8369215545242399
-0.4940319550539155,0.43488133255876216,-0.39851616396729483,0.7694182730905775
-0.5601516212090867,0.3768469929579632,-0.2647597063078944,0.7251766660124067
-0.33020333506300825,0.5448243086606352,-0.09309747243531119,0.643843854648094
0.4728891621620879,0.6000000238418579,0.09407718195666437,0.7697237845263059
0.6000000238418579,0.6000000238418579,0.04942014244163295,0.8499661215009757
0.6000000238418579,0.5165124088096182,0.2207607316732898,0.8219004792026042
0.5341218374897037,0.6000000238418579,0.1271662566612063,0.8133003275093594
0.5884313337458358,0.6000000238418579,-0.09957444885674893,0.846266231164436
0.49495318647633124,0.5402647726364989,-0.49133455069632664,0.8821985729205205
0.30484842036936866,0.6000000238418579,-0.6000000238418579,0.9016277594562844
0.21734078110238042,0.505804319243587,-0.5506126573637417,0.7786201403411181
0.16611820684268097,0.6000000238418579,-0.5432646018743424,0.8262758104316896
0.03015079530742759,0.36614532471534345,-0.5521799895460459,0.6632301336064624
-0.19365519254997648,0.10436566709291872,-0.6000000238418579,0.6390575519306132
-0.4132449571087392,0.07647188361677959,-0.5260550458224909,0.67331512295136
-0.5099831054809243,0.17900601278099193,-0.6000000238418579,0.807543156182966
-0.20685948636945767,0.14526529343014882,-0.5980108941122363,0.649237924071984
0.13890698555724024,-0.008840879750220076,-0.4714198900704758,0.4915384263162105
-0.5852683636819811,0.4598969924016716,-0.42713535601740316,0.8581893226480977
-0.46321861872376047,0.4590348677702347,-0.45959191595927057,0.7978152842458577
-0.6000000238418579,0.486285187203795,-0.22291292058771273,0.8038429461462008
-0.511201743434005,0.5645535133059023,-0.217377038203437,0.7920231490392832
-0.5961364634133419,0.4449584907776969,-0.5414122012182688,0.9200510383419735
-0.2447163751817127,0.06492861494127822,-0.5766970549358168,0.6298264225101341
0.587721520299016,0.6000000238418579,0.08427168762510273,0.8441080093021269
-0.5968029490335404,0.4552074735596128,-0.34371836742293754,0.8255482542308146
-0.4817950062290385,0.4013561130378669,-0.2873409857145772,0.6897666268902324
-0.5026809293697942,0.5038763638775854,-0.23704432757673882,0.7501796585238001
0.6000000238418579,0.5638071377608462,-0.02652142436265248,0.8237608288517558
0.509808406138814,0.6000000238418579,0.0733837703002943,0.7907526903675474
0.6000000238418579,0.6000000238418579,0.030009942771430542,0.849058686950204
0.6000000238418579,0.5517218089829499,0.25589627681061655,0.8543300811765815
0.545992776176965,0.6000000238418579,0.18078710709366352,0.8311390487391115
0.6000000238418579,0.5834529160565045,-0.22177899005402096,0.8657963122435034
0.5344102532660433,0.5590207881194353,-0.5051554896924021,0.9237319032662679
0.14491387915079756,0.5620166030812077,-0.5054323945430558,0.7696262729162765
0.3697125903390831,0.5968775367860044,-0.5468456215444959,0.889938383921802
0.27202030493557505,0.5818928237045475,-0.6000000238418579,0.8789734541988882
0.03587144082953231,0.1403565650989954,-0.5514163945357256,0.5701287273908886
-0.19460881133434876,0.04999164425416691,-0.6000000238418579,0.6327493836855421
-0.4746907019892236,-0.0028525016594743713,-0.6000000238418579,0.7650747858418608
-0.4953600895492388,0.09934933866031803,-0.6000000238418579,0.7843799704356955
-0.39980853321652166,0.3178748325502947,-0.5468379702196349,0.7482800532391296
-0.02248918792632204,0.14288346105825467,-0.6000000238418579,0.6171883631662227
-0.5790316365838325,0.48014101305603574,-0.5049712962589601,0.9059851205339314
-0.548164964850493,0.5817039342958907,-0.3714280773159452,0.881375693154446
-0.6000000238418579,0.5238162569499438,-0.23181878404198902,0.829532065860016
-0.5506084865446657,0.6000000238418579,-0.33633810699792394,0.8810749436252199
-0.41546619802612633,0.5245165187902752,-0.5278003852206508,0.8522341150324956
-0.36686737477256415,0.025924821788464447,-0.6000000238418579,0.7037498104209384
0.6000000238418579,0.5850449252054095,0.1874079806462141,0.8587195958685961
-0.4089121898090523,0.43767545167603394,-0.32365825324195663,0.6808257081411433
-0.509811310444305,0.42992491001959343,-0.40603416302782624,0.7807731694019733
-0.47741265459951354,0.29743060954036227,-0.3785831520560321,0.6780213958895299
0.032335275468477365,0.5485363239134742,-0.07405716361343995,0.5544566098213619
0.5083914649528534,0.6000000238418579,0.017584627526290086,0.7866200667236863
0.6000000238418579,0.6000000238418579,0.13349442692307,0.8589649697397321
0.5945691666122817,0.5581463584842319,0.24775992339523134,0.8523055971985886
0.5447038590995876,0.6000000238418579,0.16562896277459782,0.8271247040428684
0.46450967580485036,0.6000000238418579,-0.31799011251789183,0.8227314137588881
0.2949209688465376,0.594560299437042,-0.4811626839725717,0.8197547535572662
0.10422976747468904,0.6000000238418579,-0.527236829404849,0.8055076333089188
0.22207520220955523,0.6000000238418579,-0.4776066471866984,0.7983893370302263
0.11609149927550488,0.4948479652986004,-0.5140521596318395,0.7229117289035761
-0.04826692433209834,0.014591673800925964,-0.5473532559549843,0.5496709922611123
-0.26065754724776913,0.02240551094469656,-0.6000000238418579,0.6545566380903535
-0.6000000238418579,-0.012092085771501226,-0.5467599667517067,0.8118452490412583
-0.5156169476195779,0.07155624272345351,-0.5901054493753005,0.786896164641596
-0.5375306602732349,0.15572161345925795,-0.6000000238418579,0.8204806275850542
-0.1404914291292162,0.18806405469642384,-0.6000000238418579,0.644287171172808
-0.5474483203968987,0.46102114617211387,-0.45452661123414984,0.8478411413957423
-0.5780908115082238,0.579903366853626,-0.37650702529959257,0.9012405013859264
-0.5849351403997499,0.5442518595561348,-0.32864350886942234,0.863924626936165
-0.6000000238418579,0.4811287145384011,-0.22136250565079962,0.8003038344726361
-0.6000000238418579,0.47716111992808874,-0.4807209083331407,0.9048620639025031
-0.4695396452269107,0.07559722523470802,-0.6000000238418579,0.7656255269472345
0.536517570798809,0.59573321909409,0.23442818131787824,0.8352878212353333
-0.30682529286365606,0.524303419577161,-0.20389287776387283,0.6407871266840544
-0.49735504382889983,0.36150749523782433,-0.40414138226730034,0.7357852713911149
-0.5155730000410653,0.4591928461876047,-0.4106822989226469,0.8033265456896143
0.2958170648263616,0.5789749230685102,-0.10647645652712995,0.6588299728907641
0.6000000238418579,0.5440395212431932,0.12237176874614963,0.8191177443266713
0.5525904120878755,0.6000000238418579,-0.10274214673833931,0.8221387600995835
0.6000000238418579,0.5894160928958176,0.1760079140162475,0.859296308016712
0.567061639023998,0.5278473844707201,0.1769160540139454,0.7946578219038861
0.558348735353476,0.6000000238418579,0.09580105594287158,0.8251855434996576
0.4895300128355502,0.5278949086774682,-0.4155130840638819,0.8312423179209809
0.2308578894967115,0.6000000238418579,-0.49320717966232624,0.8102769377339899
0.13107197501061896,0.5230962202890033,-0.53579974258301,0.7601913459556386
0.04400609227052599,0.5863995715246815,-0.6000000238418579,0.8401196475809157
-0.11625268103670383,-0.0032160717206922707,-0.6000000238418579,0.6111669637470306
-0.28224759781459313,-0.005990047667657428,-0.5504143357750042,0.6185915681366891
-0.5050712200749853,0.03888509128045836,-0.6000000238418579,0.7852445582633183
-0.5434949233074603,0.1901254842984471,-0.6000000238418579,0.8315855097648897
-0.5051769152916893,0.29829912371345324,-0.5075467425088491,0.7757511062081605
-0.35357956906381505,0.3157491467822169,-0.5647533686412882,0.7373346612934549
-0.5602834847153163,0.3711766143198896,-0.4487080019207552,0.8081018087162226
-0.5049953259578749,0.5074308421605855,-0.3613877107784742,0.8019397834730533
-0.6000000238418579,0.5414572481220714,-0.3786543288390398,0.8924993450432892
-0.47652180825371515,0.4281835967404948,-0.28119932496950445,0.6996336803087184
-0.6000000238418579,0.4732871310733766,-0.4948005522577211,0.9104000898310827
-0.5073974431791395,0.14111944874992033,-0.5924917747441645,0.7927252785799751
0.6000000238418579,0.6000000238418579,0.1533884705352191,0.862280743211626
0.328379314832264,0.547335544158575,-0.06259619946347905,0.6413481554478365
-0.5507509667944531,0.34100705960019184,-0.3911463318255821,0.7567085932000521
-0.4693433168763147,0.3981233213156178,-0.3000195938267579,0.6846875818589178
0.21249489246118614,0.586810841840846,-0.1300516856915186,0.637506458300823
0.5575526849692714,0.5407267351261091,-0.01665406045186213,0.7768704887728194
0.6000000238418579,0.6000000238418579,0.12186020119163021,0.8572339038179281
0.6000000238418579,0.6000000238418579,0.13298831264863675,0.8588864584574561
0.5736005640868951,0.6000000238418579,0.23780661976015816,0.8634637364318126
0.5219788328562704,0.48554358733115266,0.07058757571966001,0.7163777516048204
0.5828397882095595,0.6000000238418579,-0.24687133573976366,0.8721511931656858
0.35759941767742,0.6000000238418579,-0.4760371609638864,0.8452743641871656
0.20507637029277814,0.6000000238418579,-0.5953976040289566,0.8698015021521364
0.005455922587452755,0.5180647773896572,-0.5340021013561649,0.7440289812338462
-0.04396298948772326,-0.026548010828509883,-0.5537350779839703,0.5561115696634642
-0.23639779340044598,-0.02630622411477146,-0.5938332936383587,0.639698299814184
-0.4453188063227877,0.04516726522079306,-0.597721954119834,0.7467398847986566
-0.47615774997139565,0.051923391498570726,-0.4909495243005626,0.6858962580838918
-0.4383055278030856,0.1606530871951658,-0.6000000238418579,0.760211272435702
-0.5207057418258754,0.2323057664828183,-0.6000000238418579,0.8277079601658033
-0.4490181405815905,0.3077589738353773,-0.5305651006315455,0.7601527494890191
-0.5700161999861875,0.428717391722387,-0.5508181164646976,0.9011757140744844
-0.5824498491210717,0.6000000238418579,-0.19518472814387622,0.8586879138848923
-0.5455522333565316,0.6000000238418579,-0.3729741057182856,0.8926012275741528
-0.6000000238418579,0.5628731564046652,-0.337722483278217,0.8893158575684942
-0.4806161551051975,0.3500796344242685,-0.4884463631392694,0.769498205748858
0.5707162484114832,0.6000000238418579,-0.1532149107832293,0.8421353060508868
0.6000000238418579,0.6000000238418579,0.12426954951404667,0.8575797211670085
-0.6000000238418579,0.3382754067948902,-0.2889013436628587,0.7469231994138914
-0.46486525928230604,0.4133794051099138,-0.46411241413046167,0.7761330909107258
-0.4928792629545876,0.42880775973845786,-0.19196333170362256,0.6809228909218191
0.5962695148953374,0.6000000238418579,-0.05891292678587423,0.8479434509129892
0.6000000238418579,0.6000000238418579,0.08390288642794774,0.852666260368851
0.6000000238418579,0.6000000238418579,0.14154597587740037,0.8602530560873037
0.575154620047275,0.5971100034403187,0.12953348028515488,0.839119845841467
0.6000000238418579,0.5428649045932099,0.18718400132486013,0.8305059804728743
0.6000000238418579,0.4651201339583815,-0.2693758988544765,0.8055433833800325
0.27046268194507095,0.5389061706996148,-0.5019484754465469,0.7845522258882168
0.2549714489771723,0.5837552918117548,-0.4249906511637894,0.7657661092581517
0.0996312844005286,0.42067563099364746,-0.4150402163909621,0.5992935512460142
-0.12618229727004276,-0.13741194666766293,-0.4734196277798811,0.5088518047512294
-0.3196109697510866,-0.027509545774835553,-0.5497021003848817,0.6364592259222254
-0.42765657928437173,0.026591862795483645,-0.5745708084241277,0.716748833877879
-0.412687239284628,0.24716908604761156,-0.6000000238418579,0.7690275308311202
-0.5176562077449692,0.1484417371895621,-0.5510141007978279,0.7704670259231063
-0.5451563453443479,0.15783004448889326,-0.5883518797442897,0.8174739740268255
-0.4407209501539362,0.24041264199081191,-0.5236496467698849,0.7254254936903003
-0.5054909462337474,0.39026862975649534,-0.5212851473098349,0.82435969388498
-0.5436987503473591,0.4500220857092394,-0.46246153749528063,0.8438002621579782
-0.6000000238418579,0.4395872754550405,-0.31847816135986445,0.8091139231377591
-0.47542250373244704,0.6000000238418579,-0.3288112161236563,0.8331526879955298
-0.6000000238418579,0.46342530556672656,-0.4084285232153971,0.8611485940450428
-0.4498008181983819,0.13020465829266947,-0.6000000238418579,0.761100556893289
0.41355626680586766,0.5455805299350547,0.2277246304775239,0.7214883282387498
-0.150532669141328,0.3934063687808731,-0.1315573522485145,0.441289012334099
-0.5776704504883378,0.3895553777116144,-0.22960127038499545,0.7336029478088548
-0.46616415612996026,0.3493249133274,-0.3232338869509662,0.666195963065661
0.38974572174536315,0.5934591596568415,-0.04452373374763052,0.7113914988712252
0.4665566771228762,0.6000000238418579,-0.017538525721450315,0.7602517750473535
0.5981750699004191,0.6000000238418579,-0.03867988484963225,0.8481212038102703
0.6000000238418579,0.5419580630013872,0.07750047181183084,0.8122345066503281
0.6000000238418579,0.6000000238418579,0.23660786003273648,0.8808991637240502
0.6000000238418579,0.5407230990195913,0.06657214193519212,0.8104402189584499
0.5172831667206845,0.6000000238418579,-0.33270528464081056,0.8592291368492646
0.28070239241531736,0.55177557727351,-0.6000000238418579,0.862119567921659
0.32716277735028454,0.5136157324539199,-0.5108525977964226,0.7948628687912663
-0.17246979826115488,0.10008121580272145,-0.5145259920591829,0.5518143506409385
-0.2907525812493208,-0.22902298470523602,-0.6000000238418579,0.7049741978517141
-0.4721002495477807,-0.2122598475771244,-0.5433834528136743,0.7504654990792391
-0.4145744262178486,0.007385108414261876,-0.6000000238418579,0.7293329303619706
-0.5163281384580934,0.19199633640274727,-0.5146725070445924,0.7538866819776319
-0.5600366062282116,0.13534485796327245,-0.6000000238418579,0.8318408859288784
-0.4347982616832423,0.23107769864631467,-0.467378437339931,0.6788880871430594
-0.5816181796839519,0.3597380974956428,-0.5406383019951231,0.8717688795276121
-0.5663101004449567,0.4703691230821112,-0.3212108753907297,0.8032002666111921
-0.6000000238418579,0.5198438898246456,-0.29604547044477214,0.8472783597904024
-0.5572242259364769,0.6000000238418579,-0.19564607351358293,0.8418885036998772
-0.6000000238418579,0.5265573566535326,-0.26658256236995204,0.8416228021007481
-0.6000000238418579,0.2726118006637225,-0.5219730101642268,0.8406979515921584
0.5858764824572396,0.6000000238418579,0.10663222555948404,0.8453530107797965
0.5100434171008457,0.6000000238418579,-0.019002702789442383,0.7877216631853164
-0.40093146503184907,0.48447942429531077,-0.18823252437946902,0.656428088561396
-0.4576042908772106,0.488167912164696,-0.30817813787493814,0.7366704569619563
0.06330635424446229,0.5821794542185639,-0.22427067496130376,0.6270868736064796
0.594326531740361,0.6000000238418579,-0.010512722939991503,0.8445913640834657
0.5694014962505585,0.6000000238418579,0.16652309111016905,0.8437701300801602
0.6000000238418579,0.6000000238418579,0.08704789144200054,0.8529814726152957
0.5669875621326153,0.5837792928189276,0.1978832987634226,0.8375147510741213
0.6000000238418579,0.575319373216902,0.1281116328439723,0.8410737186946622
0.5764185806631532,0.5450196927727637,0.012780053851392692,0.7933903045918108
0.4461283301712202,0.6000000238418579,-0.41300545875190753,0.8541686159947958
0.23392474491340787,0.6000000238418579,-0.4563667886077909,0.7892980809790564
0.02217227561420798,0.44877327287171953,-0.4842660371751507,0.6606077921211887
-0.20238631665182205,-0.1471716580846404,-0.6000000238418579,0.6500921063368666
-0.4780134142148305,-0.1165116631235143,-0.5848464663786026,0.7642755923413127
-0.4746692667925699,-0.0013081133479205809,-0.5371054160448726,0.7167948464816573
-0.4863288321793173,-0.14319941702014688,-0.5714410699402408,0.7639153765033505
-0.5217205474785801,0.17746026475829135,-0.48478339193249337,0.7339614515238561
-0.5474924839600827,0.11314498705176412,-0.5335840720234306,0.7728271281501646
-0.44692745975525094,0.23829186629240173,-0.6000000238418579,0.7851924582130341
-0.4727121787121462,0.397052144646885,-0.5238009914134132,0.8096139129715778
-0.6000000238418579,0.48205772446524375,-0.3333239884306464,0.8387398640759557
-0.6000000238418579,0.5082746585066609,-0.3755637607868817,0.8714306028059141
-0.5976101239547599,0.5268401349599463,-0.2355825740274649,0.8307812812306521
-0.5524197138843034,0.49158194706667935,-0.3439729716201502,0.8155597808714453
-0.5904546625710866,0.08337456073675353,-0.5508812186959648,0.8118239606231967
0.4541099615930546,0.6000000238418579,0.23055621823353112,0.7870019412901237
-0.18368832950769554,0.5638533422224636,-0.09395382489548343,0.6004159517744857
-0.5009895201748914,0.36245861647360633,-0.3582240233664654,0.7146266150220594
-0.5218370282834667,0.2761929436362963,-0.2500775733216745,0.6411982679956797
0.23298494498536815,0.5750897694189245,-0.07012578419976545,0.624442033410451
0.6000000238418579,0.6000000238418579,-0.03128048841768194,0.8491045437259824
0.6000000238418579,0.6000000238418579,0.11151972735704552,0.8558251613561323
0.6000000238418579,0.6000000238418579,0.12113321383398767,0.8571308609041041
0.6000000238418579,0.5775849612698674,0.18456869867812697,0.8530357674957606
0.598892599963758,0.6000000238418579,0.13753710983060086,0.8588299199970473
0.5924859451659183,0.5749579662637003,-0.2165155262481845,0.8535193209856295
0.29196074400660876,0.6000000238418579,-0.5192701177989385,0.8455072796197831
0.17166431035067253,0.5127257212867975,-0.4538050867592526,0.7059003877926485
-0.15372888426374248,-0.1881062331131823,-0.4765000010916312,0.5348539761779196
-0.4461020561451837,-0.1734431042844169,-0.514888209502976,0.7029931885914373
-0.502174621922659,-0.09677381132160856,-0.5480886375214776,0.7496303596046691
-0.38655048339187964,-0.1217638963327024,-0.6000000238418579,0.7240495502870277
-0.6000000238418579,-0.032693996601532826,-0.5752927910878113,0.8318838389472506
-0.469372746479484,0.12375341065333689,-0.6000000238418579,0.7717679122613595
-0.5976946632436566,0.16891796983943375,-0.5806418744233776,0.8502453630208854
-0.5108998008423836,0.16262592800743036,-0.5652020386729404,0.7790501546634293
-0.6000000238418579,0.45002747933611165,-0.40608579215759466,0.8528953226276397
-0.5679586302314246,0.35857743781815,-0.33277072459304025,0.749593983242103
-0.5934215515401076,0.5075027490508743,-0.3379080777990172,0.8508172818932923
-0.5592788451678811,0.6000000238418579,-0.2671215886659281,0.8626394370731946
-0.5789139555275702,0.4619519997442221,-0.4173605460642412,0.8501357793807439
-0.4643938162212313,0.00999727477943535,-0.4954407256492498,0.6791340623760448
0.5916399829523804,0.6000000238418579,0.13786328105148327,0.853840841316696
0.4140796960677362,0.6000000238418579,-0.08665674665415724,0.7341467258296952
-0.5826119877458907,0.4033428804314121,-0.2618801931272816,0.7554491663985794
-0.42876190970095435,0.3756290268073822,-0.21706870011807333,0.6099612787395774
0.28457211037581476,0.6000000238418579,-0.05010499510314159,0.6659518189390737
0.6000000238418579,0.6000000238418579,-0.017328353661009488,0.848705089569434
0.6000000238418579,0.5555549281877026,0.051874652819261735,0.8193486964955716
0.6000000238418579,0.554417749421239,0.15388432103601934,0.8312998578998185
0.590119234263736,0.4865556075122033,0.13896850381705428,0.7773604793805368
0.6000000238418579,0.6000000238418579,0.18149399110029063,0.8677212259856114
0.5198243696880658,0.6000000238418579,-0.16616565954093954,0.8110662305524132
0.14621159897343583,0.5766123258327076,-0.4528554170497752,0.7476213177323793
-0.1441655503030646,0.21599905696496025,-0.40043923426341077,0.4772744271814742
-0.29922249051939476,-0.20973564697908187,-0.6000000238418579,0.702512041929954
-0.43209420683783784,-0.21598900137259408,-0.6000000238418579,0.7702964889618676
-0.5269214303987519,-0.08524234687164667,-0.6000000238418579,0.8030644308670899
-0.5216185780076299,-0.01956147258962726,-0.5769137751663495,0.7780090591434432
-0.4801476929455697,0.0651376912188345,-0.5360741585263573,0.7226065522108247
-0.4822855576795689,0.09870709200778849,-0.5674406125116033,0.7512198731972353
-0.4647064845544515,0.12720281128054978,-0.5185566305625874,0.7078373055194644
-0.5859950429646761,0.3194730107169569,-0.5165283538260517,0.8439518560095595
-0.5613477917233768,0.3042485235058773,-0.3874433513077683,0.7468539735455738
-0.6000000238418579,0.4981351630248869,-0.3178765992612779,0.8421307508991557
-0.5336968498138054,0.529955315946091,-0.3179009569349754,0.8165451505096786
-0.5997545642065572,0.4540494555391046,-0.24139515516804955,0.7900240922279278
-0.46086334348109115,0.4172757318043083,-0.4820264407854194,0.7866788082398373
-0.5011432361886244,-0.13921517276720008,-0.5971857905948953,0.7919319895007771
0.45850401579705036,0.5803463940692,0.12937643502266627,0.7508436132446751
-0.20135518551987297,0.5942493555931767,-0.2534786608507088,0.6767035088318346
-0.34968619822073654,0.1975974066512688,-0.2838147678745569,0.4918089006972807
-0.4431290073703216,0.36516384321020356,-0.2866856759476401,0.6417917312918638
0.5760317402757174,0.549004969294216,0.05144279444380284,0.7974116773756214
0.6000000238418579,0.5949835748139913,-0.028821612179185108,0.8454798449621812
0.5896139099274296,0.5810650861681805,0.04843619705943181,0.8292329361097075
0.6000000238418579,0.520853408370777,0.27105013799436517,0.8394977539746309
0.6000000238418579,0.5611452894638305,0.14789825724354388,0.8347202878769353
0.5536782840862231,0.6000000238418579,0.12902736329214037,0.8265638096100122
0.567788819289986,0.5071560401693016,-0.03966238877702388,0.7623414572712299
0.20057653498260442,0.5930388793602512,-0.4138375557374918,0.7504582475776199
-0.08395798301270385,0.3175169215270537,-0.5660053760822046,0.6543913386663492
-0.2924962316305234,-0.29702000351918123,-0.5210762441163923,0.6673045632925324
-0.1403841597860191,-0.18625147374882978,-0.5967353777942651,0.640695274606971
-0.2982757580005515,-0.07816805783050285,-0.5457044375669231,0.626795027306398
-0.3836729086930051,-0.14416988222772248,-0.5870845247794296,0.7160014630166583
-0.5150084644873799,0.06550154921309193,-0.4808443509409963,0.7076266397436094
-0.6000000238418579,0.07479006007165911,-0.5416896902102328,0.8118012701245363
-0.44937240260911915,0.12872095140864348,-0.5994332349579156,0.7601479084562098
-0.5937596055372282,0.21745378801747095,-0.5842805880793159,0.8609415919196745
-0.5374386996877618,0.2898822930058741,-0.28182212093391174,0.6725294101882118
-0.550785111241322,0.4645421503325069,-0.3070309561859678,0.7832187793057152
-0.5167691992958832,0.5334163022564242,-0.2376532388553026,0.7797835717634994
-0.5203675312277315,0.5401441555508448,-0.287520441909479,0.8032472102955611
-0.6000000238418579,0.3365861411356167,-0.4302105266463143,0.811400860396447
-0.3901683242111843,-0.12959962198496727,-0.46337783724858095,0.619472681633002
0.5261436366509571,0.6000000238418579,0.0291930809949712,0.7985483022187846
-0.3909124324335975,0.35379541292834593,-0.27621607285063327,0.5952134431792658
-0.48873387811996416,0.49726930878469466,-0.34132448552095074,0.7762988944327627
-0.5057152934122428,0.39637693452182177,-0.33002234556959836,0.7223415956368613
0.5402027172510822,0.6000000238418579,-0.0627643885915885,0.8097890915608573
0.5086728554252213,0.520724164298348,-0.005627221598377807,0.727965242819723
0.6000000238418579,0.5547175941458757,0.169168450337417,0.8344636615544033
0.5476642103468785,0.6000000238418579,0.13753542399332386,0.8239248198459149
0.5866278416876372,0.5779465640113659,0.0793573369357099,0.8273161683547391
0.5486233269051948,0.6000000238418579,0.12357025045169534,0.822348581947734
0.4469712334573712,0.6000000238418579,-0.04644748540153454,0.7496270279604116
0.145807619866951,0.5826976562415855,-0.383564231142625,0.7126836184540342
-0.28854812520083467,-0.19464770679479504,-0.6000000238418579,0.6936481665279735
-0.27296633783251917,-0.15917561887380388,-0.6000000238418579,0.6781205850317372
-0.27067013475902485,-0.19368473465763836,-0.6000000238418579,0.6861312752674218
-0.398567187273132,-0.10362446908406858,-0.6000000238418579,0.7277319987289284
-0.4200359522974987,-0.1572568371886498,-0.6000000238418579,0.7491060957402991
-0.5064169175355235,-0.005299079208041402,-0.6000000238418579,0.785166353849211
-0.4791936325445372,0.1500133706149822,-0.5939672332975429,0.7777709322581005
-0.5886186936803451,0.07063111601424188,-0.5042350960347647,0.7782761419782581
-0.5219545868313515,0.19967041358649495,-0.485184400863765,0.7400734879845511
-0.5047850672784161,0.2962933570865959,-0.41489663180459735,0.7174516936238423
-0.5323908825168033,0.4996782148129417,-0.1976099139268484,0.7564179058085851
-0.5860428784947603,0.5421058352118229,-0.27473083298947576,0.8442760346001915
-0.5213762842733184,0.49267398235661264,-0.2642135995922882,0.7644407818158906
-0.6000000238418579,0.41525678554363843,-0.28457051410456674,0.7832104468455479
-0.4772264359785727,0.13731124621682855,-0.5436264491816607,0.7362942114292969
0.5502467056736517,0.571704689272124,0.15491001283508055,0.8084644710294987
-0.12030450076248417,0.4464628049012711,-0.28322464897848504,0.5422346455668497
-0.4834490555419798,0.38013377211242594,-0.29365509378496213,0.6815115465718163
-0.5167605789578585,0.49250943761138566,-0.2721619067622482,0.7639889695496966
0.006656823416333557,0.5551200233990523,-0.16860088683163932,0.5801972188118243
0.6000000238418579,0.6000000238418579,-0.04375021394421508,0.8496553056626108
0.6000000238418579,0.6000000238418579,0.12127264944701666,0.857150577625868
0.5897590690471763,0.6000000238418579,0.1824392668820336,0.8608715782473458
0.5424853763247202,0.6000000238418579,0.21786764323675067,0.8377092109472949
0.5537610720744244,0.5427362050484175,0.16997314093183857,0.7937913969385209
0.6000000238418579,0.5662202987488112,-0.009883438359049368,0.8250473548101468
0.15459990482007724,0.6000000238418579,-0.2889030941168979,0.6836418338362013
-0.24102991430976844,-0.18500776916039047,-0.46470768642388927,0.5552265556179049
-0.3506159516336943,-0.1778723145396311,-0.5610839775752151,0.6851170233699576
-0.2993266083369624,-0.1856223935946278,-0.5611014651360517,0.662485430511594
-0.32947495330483134,-0.1869048102388613,-0.5704918181145191,0.6847978296411686
-0.3970327684988664,-0.07342579806034477,-0.5686064671612774,0.6973805858928837
-0.5504471952250997,-0.12017340163404594,-0.5246410901301632,0.769858451044374
-0.45806206834981034,0.035788163978958565,-0.5532343308800999,0.7191452398550955
-0.6000000238418579,0.16080526994470368,-0.5355016999165041,0.8201344000014172
-0.5998441874748377,0.2179130345129321,-0.48366683952042516,0.8007700990357091
-0.5606936995993184,0.3508472610188883,-0.4940641338716705,0.8255728881892808
-0.6000000238418579,0.40774141241377215,-0.1492068955293943,0.7406185156211851
-0.5208637080126999,0.5433289781386164,-0.20933762521848032,0.781234678020635
-0.6000000238418579,0.4758733475275687,-0.3529098231006279,0.8432086424712693
-0.5785442915631651,0.39565558938322687,-0.34084884063306553,0.7793810203433351
-0.6000000238418579,0.12285576207729931,-0.5758291168302049,0.8406382924155179
0.6000000238418579,0.6000000238418579,0.04393199476548504,0.8496646852638603
0.5730226552485407,0.5875508330762331,-0.06618821938467823,0.8233783002131996
-0.39991949029219687,0.41546550602288135,-0.19033232705530473,0.6072673053381903
-0.45110266316020997,0.3045855627820353,-0.3244239576544679,0.6336535978479654
-0.16203848175124447,0.4425108540737914,-0.2224529449948407,0.521111924905046
0.5782468804510648,0.6000000238418579,-0.13122576743720593,0.8435577546327825
0.6000000238418579,0.6000000238418579,0.05660682162510433,0.8504142458090389
0.6000000238418579,0.5852934420362672,0.17804272236863095,0.8568941900195874
0.6000000238418579,0.5339907233858407,0.20454787080917902,0.8288461574531983
0.6000000238418579,0.49970756903030367,0.19934392675635204,0.8058819294977694
0.6000000238418579,0.5950987604906945,0.13039962599927069,0.8550711232456285
0.41062356570219394,0.5561248248830049,-0.09310797846126206,0.6975353963880827
-0.22766657631524712,-0.046595394730412076,-0.40428616023519726,0.46631588021308984
-0.29405854596277164,-0.21393287646481146,-0.4530240974851094,0.5809204222511425
-0.3194250436520242,-0.36417950601843924,-0.5183141263593445,0.7094424604572118
-0.34695384280249475,-0.36612801156857244,-0.6000000238418579,0.7838537609151371
-0.5226613776868031,-0.10415046052177607,-0.5273758206888216,0.749764956769502
-0.3238918476098607,-0.02408152990050827,-0.6000000238418579,0.6822652546046211
-0.5701711351743316,0.017348719101913157,-0.593030423661561,0.8228494302292938
-0.48682334388239135,0.01324925715811176,-0.5639056371296468,0.7450919933475784
-0.5625297496230931,0.12083251131137707,-0.4583866804835809,0.7356348033131591
-0.6000000238418579,0.3136111931121238,-0.4312750565198247,0.8027142601396949
-0.6000000238418579,0.3917594316886587,-0.2806742507897196,0.7695800906881761
-0.6000000238418579,0.4626852800192285,-0.3003259280382026,0.8150296681769993
-0.5286783908352802,0.5405554362778437,-0.3785587612521769,0.8455813126757793
-0.6000000238418579,0.4851231648776575,-0.37841053854230644,0.85938294688167
-0.4689669062330261,0.28683299150480424,-0.4952112875865942,0.739890088804103
-0.2507362816676546,-0.29573530800752446,-0.385011130115422,0.5464079297187965
0.5651810781787885,0.6000000238418579,-0.025809596060142215,0.824679219448602
-0.4356754605054015,0.3761872178753558,-0.2405458072526418,0.6238527191302601
-0.4249989690720033,0.33710579595009693,-0.27616559826008563,0.6087132978979225
-0.23054666701020338,0.40387444807071304,-0.10123779800851507,0.4759363688767119
0.6000000238418579,0.6000000238418579,-0.05862180732760647,0.850550747171981
0.5650346092511545,0.6000000238418579,-0.01941700146570491,0.824403516615349
0.540921206168858,0.5939456609944318,-0.04395094607056027,0.8045488705838707
0.6000000238418579,0.5683632125458564,0.1707089288391045,0.8439065756178648
0.6000000238418579,0.6000000238418579,0.15546674810718608,0.8626528658663828
0.5507701352023053,0.6000000238418579,0.018731116776845913,0.8146770066576714
0.44355454389367743,0.5652803677757194,-0.061729283172613614,0.7211747582953701
-0.18961884831463843,0.028001526221160478,-0.37931110283023756,0.42498977145006117
-0.21677376647652996,-0.23374297432764518,-0.38543229760101916,0.5001846658124937
-0.34799171461163814,-0.197215016548905,-0.3965710668034864,0.5632589166772133
-0.35891828650167457,-0.19889547980870487,-0.5523077248407603,0.688059278836068
-0.3983067226073863,-0.21537300586279823,-0.6000000238418579,0.7516873056922303
-0.363295909786177,-0.17021627176841747,-0.5280907675160763,0.6632023491950435
-0.52933848929563,-0.04889076220446231,-0.5755941236861994,0.7835165206304184
-0.4468980580461427,-0.012838649967386373,-0.6000000238418579,0.7482531214960808
-0.5971490876372888,0.1873675844261644,-0.4652903445718042,0.7798645711349443
-0.6000000238418579,0.32863573983581285,-0.540008157215698,0.8715562448672811
-0.5206481042607639,0.3445676429378396,-0.22845571790185526,0.664825784752756
-0.5221048524413033,0.48883396516387956,-0.3300272060300641,0.7876992314079064
-0.5725058128318109,0.5198202765706794,-0.3587131601497936,0.8524383596043069
-0.43604293830830865,0.4928685248379814,-0.34862742749309805,0.7447106216678843
-0.5673447959386155,0.4624591844455619,-0.25057185325587716,0.7736503528085336
-0.4889223504165391,0.05705177728683075,-0.5825348554240831,0.7626577396266142
0.6000000238418579,0.5676080515364312,0.058757110651689315,0.8280285785112426
0.6000000238418579,0.5759613378467177,-0.04686119651613785,0.8330230867408988
-0.4216905227075151,0.4220257506278777,-0.24091134890766996,0.6434026027044607
-0.4781343279512225,0.43968882916966345,-0.288859879552601,0.7108999451941882
-0.3330511398399952,0.4055151535691037,-0.2544845043718565,0.5832049078053813
0.5264221814917067,0.6000000238418579,0.0006555828032689393,0.7981984537478943
0.5822127991787365,0.48955054183292,0.05896107353209634,0.7629599496228505
0.5798072433321335,0.5703391551365669,0.08927092512511159,0.818188541459115
0.5513983898285546,0.4942750424884259,0.18422254858726894,0.7630766339893043
0.5924501958215251,0.5423659312485061,0.17680594621508583,0.8224465821711673
0.550850474815396,0.5771038970694526,0.014023550728776257,0.7979234384276095
-0.18991252753671306,0.003872507052107621,-0.3307668319405612,0.3814294974674178
-0.3562694569395176,-0.31676543079770486,-0.4988785349313164,0.6900348228253782
-0.16791779807498058,-0.3019160651827786,-0.41414695172164173,0.5393212353932761
-0.36506731826746464,-0.19496321164184605,-0.5067174903729041,0.654253326938821
-0.33178534289474676,-0.2755825704729993,-0.5936150723914614,0.7337616241522926
-0.33759337670198797,-0.13932865295295443,-0.5589607204379119,0.6676966740363506
-0.5445651908323279,-0.14594690658183007,-0.6000000238418579,0.8233175421532601
-0.5235931489677661,-0.11193668302303356,-0.5108992786244174,0.7400659967537561
-0.5696814672507662,0.08163421817888605,-0.6000000238418579,0.8313850782380532
-0.4563868604285066,0.17825478866716093,-0.5726165410372215,0.7536268566896984
-0.5343249833547611,0.26972211229826737,-0.42378079399161855,0.733378051932202
-0.6000000238418579,0.4676986659508282,-0.16534998965023268,0.778513127583438
-0.6000000238418579,0.44032334546304175,-0.414133171745965,0.8516988676230397
-0.5488668890670761,0.5276468381033856,-0.3785871736962306,0.850290712498949
-0.6000000238418579,0.5190750182929991,-0.2663717726909006,0.8368947511560819
-0.573861590792223,0.33885859696468945,-0.39783863940376785,0.7761558201328519
-0.4203824567334973,-0.28048248463007547,-0.5428012498007438,0.7416367243460916
0.5942461941962027,0.5749346881846649,-0.013714740286607463,0.8269622295460646
-0.317251276971425,0.3701638512404465,-0.2172918216465164,0.5337465552672174
-0.44070494724570664,0.4254729507790893,-0.38770365128847917,0.7249566908401668
-0.34480609021126923,0.29719147587445127,-0.28698249886377747,0.538119845232746
0.6000000238418579,0.6000000238418579,-0.15183221847190514,0.8620052666814516
0.5872660034744408,0.6000000238418579,-0.07052093338953347,0.8425286876381142
0.6000000238418579,0.6000000238418579,0.005115526896018019,0.8485435910051315
0.6000000238418579,0.5908842250432935,0.07440421185126966,0.8453875932118073
0.6000000238418579,0.578836026793593,0.2419186064822465,0.8680874303241207
0.557228619103489,0.5649517812490754,0.06465891884325636,0.7961501270931652
0.6000000238418579,0.5945994912513355,0.0905466292604783,0.8495571056009193
-0.31789911766199397,-0.03803379347215341,-0.41611155190438665,0.5250288011951665
-0.3629521215492871,-0.28737782647407994,-0.46660338017020486,0.6572967153975102
-0.2484813955866056,-0.3294204798284166,-0.46604488900014857,0.6224618020780168
-0.25258465674461744,-0.2611526618055807,-0.6000000238418579,0.7014269386052736
-0.284985572501535,-0.20552643075077154,-0.5544574278894683,0.6564152112900677
-0.35369056341097804,-0.13513060197398075,-0.56420486143405,0.6794736344418679
-0.5405869687318651,-0.013029575465063337,-0.5519887868835487,0.7727196525549728
-0.5666742568243078,0.005522077718258633,-0.6000000238418579,0.825318263035502
-0.46758537054374016,0.08198269011362969,-0.4690599391329009,0.6673638188605635
-0.5857356156690681,0.291303144750618,-0.43318159734422373,0.78459545619543
-0.5786756331337636,0.3807572767881059,-0.3385948688197552,0.7710305294869482
-0.5629102961210352,0.5086715923188294,-0.24433129139357945,0.7970649724240171
-0.6000000238418579,0.47361462578631564,-0.30277627171090504,0.8221826518968262
-0.5058227154798163,0.5409445732929641,-0.3786175564309434,0.8317625291561414
-0.5985530374246756,0.4340260268369769,-0.31894055678247707,0.8052126485239249
-0.5441144456363497,0.12466697320534614,-0.4412718969206738,0.7115639614049495
0.47322342063613276,0.6000000238418579,0.21437872861340446,0.7936615612026905
0.6000000238418579,0.6000000238418579,-0.09615641825000099,0.8539590821527278
-0.4891996621105491,0.34185263824344003,-0.2522600219065008,0.6479310567763702
-0.43556531367342033,0.3757117766533773,-0.28206751117107176,0.6406547919509422
-0.1561342272414301,0.4361873480816332,-0.11451588009207686,0.47723284289330853
0.5989109595278554,0.6000000238418579,0.002858506344398437,0.8477632553439242
0.6000000238418579,0.6000000238418579,-0.0405089006946181,0.8494945722345415
0.6000000238418579,0.6000000238418579,0.03772323750014894,0.8493662931079574
0.6000000238418579,0.6000000238418579,0.13372953647988517,0.8590015402475045
0.5746660843043188,0.6000000238418579,0.10438018545290428,0.8373388562434393
0.5919570387569604,0.5336657377393177,0.13722307933285882,0.8087288970182479
-0.07336273903346013,0.23918718764670976,-0.2858331132113626,0.3798594092831367
-0.3358762443207278,-0.39345205502757696,-0.5440071431061954,0.7507070952475308
-0.3012388088096287,-0.3439287903847364,-0.43432842003831895,0.630613200973096
-0.2743299915165588,-0.23098796546337363,-0.5419892907505389,0.6498959730007997
-0.3498940766524303,-0.2481120291525829,-0.5488381457228013,0.6965692744351504
-0.31123798172609873,-0.339350289544992,-0.5946997966051316,0.7521273485024929
-0.5632925586704474,-0.18956120673566434,-0.4968377156104857,0.7746480964964844
-0.3885634036381238,-0.07323225706971759,-0.552097407204505,0.6790846995510249
-0.45352765876004497,0.043736687803765606,-0.6000000238418579,0.7533925031022288
-0.4846627574402728,0.059691809277290786,-0.6000000238418579,0.7736026946402367
-0.4889676226113407,0.24724393092310348,-0.3165962406912903,0.6328128293266124
-0.5502107361296991,0.3092215234071002,-0.3614212752177375,0.7273067735629916
-0.6000000238418579,0.5294464302433057,-0.35691063853183336,0.8761842015266029
-0.5567809133651414,0.5644213885164662,-0.40816108536220497,0.8917241506803715
-0.5152631055290228,0.5785423271226855,-0.4208518093856276,0.8816595361334794
-0.6000000238418579,0.5904460415133594,-0.25187030701694413,0.8786724122822086
-0.6000000238418579,0.0448059330340419,-0.5039132336312263,0.784815995806635
0.6000000238418579,0.6000000238418579,0.09783320647308502,0.8541495147275243
0.11077319144261422,0.4577040872973044,-0.15940971066616244,0.49716716235659625
-0.36720201823462195,0.28454348137330887,-0.3118508954668784,0.5595116584943661
-0.46699991749920655,0.3867924264315865,-0.22538830106690916,0.6469135880061012
-0.13137483341042983,0.47246757296936304,-0.20891711281956626,0.5330396930717655
0.5715014181374583,0.48982936492583407,-0.034002584314405726,0.753460585178037
0.559021052183009,0.6000000238418579,-0.02036692964842135,0.8203166322934896
0.6000000238418579,0.6000000238418579,0.15835147241268888,0.8631774128391722
0.6000000238418579,0.6000000238418579,0.08464620607264339,0.8527397243139038
0.6000000238418579,0.6000000238418579,0.11930676761214731,0.8568746477860802
0.6000000238418579,0.6000000238418579,-0.039952357583231235,0.8494682148832401
-0.2190846190289194,-0.23005398216112777,-0.5147385823211214,0.6048790896809023
-0.32559816802333,-0.321711241963388,-0.5350022600363383,0.7040878556471231
-0.2912791583684603,-0.3174709936907505,-0.4156718470921351,0.5986772623040051
-0.3359006006469996,-0.30547490701216495,-0.5133266607399329,0.6853089762694752
-0.32861863408262665,-0.2865696029194281,-0.40582038097059975,0.595653024499039
-0.4468980621706106,-0.27713270321688027,-0.6000000238418579,0.7978223121562673
-0.49036465053228045,-0.2120356650469934,-0.4862948317001669,0.7224259665058143
-0.48751152495288164,-0.15755213348815222,-0.5489559958259832,0.7508946977318788
-0.5462247856025918,-0.01709257734004821,-0.6000000238418579,0.8115748278605941
-0.5141541469102592,0.22769058847987955,-0.46467133518920833,0.7294634607804916
-0.5711226733244453,0.1731150158043856,-0.3306145744063896,0.6822432949411316
-0.5092960355083388,0.3324564177499423,-0.1931151162467863,0.6381247288819365
-0.6000000238418579,0.3839006130766993,-0.3426662677984821,0.7904428381722721
-0.579991705904046,0.5027810237368213,-0.3215044004009523,0.8321924153851122
-0.5743613203497822,0.46915497154056385,-0.2948088929737874,0.7980661607984656
-0.4934758673790858,0.3702512045219991,-0.3461047346864129,0.7073845301587282
-0.5260267445955189,-0.03670302415626259,-0.6000000238418579,0.798781119345096
0.5334818183452525,0.6000000238418579,0.20212597711860103,0.8279237825677773
0.6000000238418579,0.5330189582269562,0.0030352494656370466,0.8025699042319606
-0.5051342606625429,0.3264406933001799,-0.21192695841413373,0.6376810983870087
-0.3558130585549656,0.4315658111338656,-0.2793217640972967,0.6251980725148604
-0.07159589467057692,0.6000000238418579,-0.10245742292592896,0.6128813296687484
0.5939567213619625,0.5835438780568263,0.040183128023213444,0.8336202542203387
0.6000000238418579,0.5145970462199869,-0.05545644827575902,0.7923923057702714
0.585575911869251,0.6000000238418579,0.10064462074657776,0.8444101591388851
0.5463582812866785,0.6000000238418579,0.22371528933822526,0.8417576437576609
0.5277241304335281,0.5134619344305615,0.12563868644035392,0.7469410923770731
0.49420162894451347,0.48279680422461,-0.07547357382796938,0.6949994709115058
-0.3582022758825607,-0.22887691155402212,-0.45313489639381505,0.6213088969424044
-0.2640666863825301,-0.22914913629526473,-0.48605034830588034,0.5987365719664892
-0.3334469849842933,-0.17092734779058283,-0.5744789159901091,0.6858783237098321
-0.3972515507406602,-0.27056926014458,-0.523950797424285,0.7110140344765277
-0.2616315077220627,-0.21052252984454994,-0.5783175305951664,0.6687465495976487
-0.38427876640045633,-0.4031180413809564,-0.6000000238418579,0.8186417740399674
-0.44611418036097483,-0.22905988057196552,-0.6000000238418579,0.7819759071844974
-0.5757476761239917,-0.1124576241609399,-0.6000000238418579,0.839125814407071
-0.5926162939268156,-0.07169192772570865,-0.5545725076209415,0.814791059436443
-0.5992936547588745,0.09765299483638312,-0.6000000238418579,0.8536328371407662
-0.5246413164183402,0.21536025779141388,-0.35785439761333143,0.6705880415130839
-0.6000000238418579,0.34387329073942563,-0.3011295536061239,0.7542730783669898
-0.5579022237097313,0.5017068305632881,-0.30378503333162904,0.8094751271845367
-0.48266567609759764,0.5707131867034456,-0.4647929360316311,0.8801773513019162
-0.6000000238418579,0.5008553318971662,-0.32482914342988534,0.8463864746801213
-0.6000000238418579,0.4302046488749287,-0.1956077682693929,0.7637659769400331
-0.416053052913426,-0.10449961710655603,-0.4935280057074535,0.6539038195572612
0.5192375040355806,0.6000000238418579,0.033711110321707705,0.7941939644485168
-0.3681812832556569,0.28607281942993157,-0.16657285634202046,0.4951177959095309
-0.47278621079334066,0.25108225225637515,-0.3300657753027193,0.6288978570011543
-0.482739424419337,0.30546395870113996,-0.16908328413252288,0.5957639959976803
0.5387035753825384,0.5224643443040555,-0.11471126473788662,0.7591634919151227
0.6000000238418579,0.5993364629012066,-0.013640820958963906,0.848168790023303
0.6000000238418579,0.6000000238418579,0.023477048327157246,0.8488528900926331
0.5482840143134267,0.6000000238418579,0.07984723433404461,0.8166951510769925
0.6000000238418579,0.5950153728554548,0.12416735924091526,0.8540848058860482
0.6000000238418579,0.6000000238418579,0.25614971935726505,0.8863479767829708
0.4029706923562755,0.6000000238418579,-0.014528506927813378,0.7229083517444501
-0.3646239297646087,-0.2802117714017868,-0.4525008880516985,0.6451560281642645
-0.22772073003483517,-0.3592211206792421,-0.5235441796889733,0.6745332108323866
-0.3517424914644145,-0.3149288201325181,-0.34309360764823665,0.5836233080170256
-0.3290429576809165,-0.3213038826758377,-0.567913405855433,0.7307743082322282
-0.40424556751532775,-0.24702432414017678,-0.5573833912443864,0.7315133220986432
-0.3982777318292528,-0.2419822927722382,-0.6000000238418579,0.7597240356185879
-0.48362713505904864,-0.2746872085823296,-0.5759253117849634,0.8006486327214847
-0.4340654955047423,-0.1426503814827494,-0.5372418587032864,0.7052593852391568
-0.48511778301129616,-0.0018100248014111253,-0.5478266679154169,0.7317489990856736
-0.5104737270120654,0.05581949592730562,-0.4572709531860498,0.6876016046540654
-0.5139441279922259,0.24034924561270432,-0.4020156771155666,0.6953581316206585
-0.5792609398946977,0.5178161505501331,-0.27726032832171293,0.8249545999140261
-0.541255151471188,0.5745164270578571,-0.4149837073837341,0.891761033768225
-0.4333927953825427,0.6000000238418579,-0.30485602831418046,0.8004789451942013
-0.5162639553680537,0.4927177828744891,-0.39977747615116677,0.81799835917367
-0.4573887073897531,0.40182217955819777,-0.3062939921694275,0.6815287985636814
-0.6000000238418579,-0.06487641236700725,-0.5541363576098082,0.8193143965028987
0.5619790139555083,0.5547013108059753,0.0947733611498317,0.7952961374984221
-0.20022184809574278,0.49478273057198296,-0.2607070523262385,0.5940260146321693
-0.32811901544364563,0.2913904576433759,-0.22028958602980747,0.4910172999136663
-0.41527258300193104,0.24562223043903597,-0.2892044457832386,0.5625129418419925
-0.21018817155713249,0.6000000238418579,-0.25485777935699616,0.6849318095778149
0.5637851213258291,0.6000000238418579,-0.011285025922565639,0.823396042891076
0.6000000238418579,0.5522297601838455,0.10245262540544298,0.8218602539941967
0.6000000238418579,0.6000000238418579,0.034043093665691804,0.8492108038919377
0.6000000238418579,0.6000000238418579,0.17600287066523956,0.8665893304806291
0.4409960902205947,0.6000000238418579,0.1415252546646235,0.7579623855495519
-0.06559351007016401,0.10235699166625767,-0.2964680606170623,0.32042592478189585
-0.2806103782901838,-0.24885305691656112,-0.4510200250401158,0.5865910767545514
-0.326153667417143,-0.23978222123395437,-0.47238352103026304,0.6221076428806275
-0.4035631610127435,-0.3766914335614233,-0.506202090930944,0.748999477909042
-0.33208852965286345,-0.32573731034604303,-0.41952091866998353,0.6264067273586564
-0.39583782447703236,-0.25794592003969663,-0.4798324389793567,0.6733965031455936
-0.27467079293434377,-0.2220825130270488,-0.44512197257146136,0.5682413726133457
-0.49723182511540215,-0.2497204454171174,-0.5483620177234636,0.7812174417207194
-0.5846938522752179,-0.15678615516672106,-0.6000000238418579,0.8523196747410138
-0.5942731191425967,-0.05286561644592325,-0.5850133571409339,0.8355811998668856
-0.47421166399296233,0.03390981784684244,-0.4807843631941341,0.6761510052535374
-0.49829831591192386,0.17005986929889017,-0.46808423993858217,0.7045029641282535
-0.5205221586428949,0.3488990964797578,-0.2639350977955235,0.6799526696844295
-0.585157324997719,0.4050636458132515,-0.3336737444349998,0.7860176969275456
-0.4435575700242088,0.6000000238418579,-0.25404839895685355,0.7882156656325422
-0.39767825818097746,0.6000000238418579,-0.40173403840258237,0.824341108553573
-0.472097692240389,0.4808319262126852,-0.35047327806729794,0.759544001966535
-0.5732275023809805,0.04343742144240126,-0.5152018646641716,0.7719517733776775
0.538672394192498,0.5780720486180078,0.21625663077058954,0.819208259242267
0.5187737477978458,0.6000000238418579,-0.0710046353831586,0.7963465880258095
-0.3421507527275465,0.3208937740054225,-0.3703407198459737,0.5976555869089687
-0.36546330313763054,0.1552028968825172,-0.3570741961490232,0.5339975156276141
-0.22853436985774733,0.493262297953454,-0.17999785020864412,0.5726559864948005
0.5695128721521745,0.6000000238418579,-0.0469356538174881,0.8285818582110788
0.45600594602319444,0.5937129284261962,-0.061834929159665486,0.7511724320374776
0.6000000238418579,0.6000000238418579,0.0357222176130878,0.8492797737210377
0.6000000238418579,0.6000000238418579,0.07808423859677904,0.8521133759880188
0.6000000238418579,0.5822085925780642,0.13550409608952596,0.8469523209360725
0.41672759667602444,0.46410854968679205,-0.13125300502609138,0.6374056691402517
-0.3061699931220066,-0.2875098955549651,-0.3926417377592653,0.5749517709868995
-0.10081984937390531,-0.3192697185037567,-0.4738737843209192,0.5802190609139569
-0.31513742222359875,-0.30535546438843675,-0.4874487594258304,0.6558657237448788
-0.25387220000665967,-0.2721161591140565,-0.4330411377193757,0.5709841722364108
-0.19749776653443496,-0.3219475497915246,-0.6000000238418579,0.708982102181068
-0.4660373236591707,-0.2691083944938114,-0.5664204852655967,0.7813080577844782
-0.47062004448680933,-0.2473902840770747,-0.5431094378126903,0.7600348941790229
-0.5244450121323132,-0.18925539904257238,-0.5570562098971726,0.7881445284985669
-0.5637632841381803,-0.08714958276106433,-0.4874054995849108,0.750325403637189
-0.5628458803616833,-0.04522575232969739,-0.5934215867899216,0.81913981308576
-0.530342482549826,0.15072591112264466,-0.44921478694291606,0.7111788620938008
-0.4646826868982681,0.3012709057326348,-0.30962592980381615,0.6344780331507417
-0.6000000238418579,0.4288957168519383,-0.4405454286311283,0.8590877948335389
-0.6000000238418579,0.45671121310004836,-0.31744461198384333,0.8181419451776817
-0.5018195144949724,0.4636894202358124,-0.4428436609253227,0.8142120188184008
-0.5011937773858405,0.6000000238418579,-0.35585192484041894,0.8589678827017624
-0.5561174954498376,-0.014167461751684707,-0.42929850750120313,0.7026838508608592
0.07203979621532952,0.31542986885162905,-0.24706358088586494,0.40709476464657274
0.6000000238418579,0.5365777341891356,-0.16065482746386917,0.8208079355276863
-0.3699212254364941,0.2458916039467306,-0.2874702184094724,0.5290968913085041
-0.35616179652234037,0.3078187676496724,-0.14823812071524206,0.49353638108306735
-0.3188166546261184,0.44609643050570247,-0.19151111370417667,0.5807947927186785
0.5512785831608555,0.5788764213510906,-0.16369713780968037,0.8159673647733512
0.6000000238418579,0.5997294510837223,-0.0989775195738214,0.8540913256136016
0.6000000238418579,0.6000000238418579,0.013934284886365611,0.848642575832579
0.5110836986820835,0.47562503999092054,0.12306017452744034,0.708921386530021
0.45537018139860885,0.6000000238418579,0.27364414936224,0.8014007431974443
0.38576906670109834,0.6000000238418579,-0.09387026957652322,0.7194646822075672
-0.3038471396162752,-0.3491561391471735,-0.45965597423504434,0.6523164173981216
-0.2667027205853742,-0.3651668260861233,-0.39857443903612305,0.6027758584203695
-0.4441070849049838,-0.2949402205575403,-0.5878233017851112,0.7935723474812381
-0.28960770069504915,-0.21504202370729647,-0.5434566358959206,0.6522735678849128
-0.39129037442859693,-0.3596942361202276,-0.4257698073386901,0.681005161110994
-0.4338424910979378,-0.29090735089480035,-0.5697611154860512,0.7729645028114837
-0.3222507235032292,-0.17801815041066849,-0.6000000238418579,0.7039431932224504
-0.48597544938224235,-0.22887032457726753,-0.5293299771069775,0.7541511702161905
-0.5805331718684288,-0.23361811362909995,-0.587353518243662,0.8582425892767415
-0.6000000238418579,-0.09562619820647544,-0.5296273783523583,0.8060084108085016
-0.5514620277419768,0.1390882100883999,-0.4830540398331767,0.7461883834703137
-0.5904465719276779,0.2641817628416421,-0.39191548181609,0.7563179906668902
-0.49910277070147496,0.5229224026653019,-0.37124056441461584,0.8126321256251341
-0.5687850595299274,0.45783368453743756,-0.35258424963305446,0.8108290693672082
-0.5139513460890354,0.5855486507779042,-0.3563122712238894,0.8567214501804433
