0.5920119864480002,0.5657413549971635,-0.6000000238418579,1.015155900077601
-0.22784393848589818,0.6000000238418579,0.5636855756642489,0.8541980549772585
-0.015321065341202478,0.6000000238418579,0.5238559682710895,0.7966554080320175
0.038137962581405116,0.5150654389989036,0.6000000238418579,0.7916735054624627
-0.12817274123273398,0.6000000238418579,0.5588365063265781,0.8298954880035432
-0.18826196636532155,0.6000000238418579,0.6000000238418579,0.8691620247112719
0.055148604132522316,0.5702558760530385,0.4895570136973644,0.7535908720062003
0.5115831891589169,0.6000000238418579,0.2593868669161832,0.8300595971186839
0.6000000238418579,0.49902876393919726,-0.6000000238418579,0.9843930944796104
0.5823964209875729,0.6000000238418579,-0.6000000238418579,1.029167454012997
0.6000000238418579,0.6000000238418579,-0.6000000238418579,1.0392305258366357
0.6000000238418579,0.5833075605800999,-0.5260559402130065,0.988424297087808
0.6000000238418579,0.6000000238418579,-0.6000000238418579,1.0392305258366357
0.6000000238418579,0.6000000238418579,-0.6000000238418579,1.0392305258366357
0.6000000238418579,0.583703609627902,-0.6000000238418579,1.0299077439815192
0.5853017302893053,0.6000000238418579,-0.6000000238418579,1.030814325036335
0.5686017355212338,0.5503242451196664,-0.5026793726342419,0.937470671581914
-0.2883840081494544,0.45929721551352753,-0.5550225739917647,0.7759956997144174
-0.40191450192955624,0.586643261217421,-0.6000000238418579,0.9304222758529187
-0.5052621685110468,0.6000000238418579,-0.5472319044220482,0.9564270200888813
-0.4698204397460507,0.47346859169578304,-0.5040921498193692,0.8360697628996482
-0.5631014396893004,0.5731960380116774,-0.42958802757290265,0.9111436784648315
-0.47302625454516767,0.5235641259811672,-0.4130417270240353,0.8176042439753178
-0.5289718064675814,0.5693667363703734,-0.4873857423881486,0.9173519032551649
-0.41994420983339925,0.6000000238418579,-0.4577882976180995,0.863668508988782
0.5348540673755329,0.5911404338039861,-0.5455686392430786,0.966002601441456
0.11031722504002583,0.5733254455220245,0.5182464829297995,0.7806736665807721
0.026585402460692742,0.5498411897237043,0.6000000238418579,0.8142678589696426
0.23243625162958603,0.6000000238418579,0.6000000238418579,0.87978785413989
0.053370799636160426,0.5648461211586007,0.6000000238418579,0.8257721304645427
-0.09568188650839549,0.6000000238418579,0.49302413009613244,0.782449899273483
-0.25511895296730236,0.6000000238418579,0.6000000238418579,0.8860506404171224
0.560786405709909,0.5625288181271719,0.588753218414813,0.98871149292723
0.5768943966996711,0.6000000238418579,-0.4121784137193373,0.9288154920595892
0.6000000238418579,0.6000000238418579,-0.6000000238418579,1.0392305258366357
0.6000000238418579,0.5641788662615679,-0.6000000238418579,1.018969013442827
0.6000000238418579,0.6000000238418579,-0.6000000238418579,1.0392305258366357
0.6000000238418579,0.5335133481728245,-0.6000000238418579,1.0023155939618207
0.6000000238418579,0.6000000238418579,-0.587253247958268,1.0319236572818724
0.6000000238418579,0.5081290309674065,-0.6000000238418579,0.9890374964238392
0.48262677376007423,0.42724487233176656,-0.6000000238418579,0.8806059347370283
0.49981472103068136,0.6000000238418579,-0.5694073006580974,0.9664571682242048
0.5942124869018521,0.24597611312906265,-0.5655160388747031,0.8563884154078101
-0.20062567025134165,0.35228595022675835,-0.5934084507834668,0.7186721364796358
-0.4660546234470041,0.4986514113841569,-0.572869234664192,0.891088829543092
-0.39635284005747196,0.49232739865667696,-0.46813427218907344,0.7865313331887471
-0.4497586863757354,0.5834511242766887,-0.4918031380056829,0.8857586674384823
-0.4980978196894932,0.5580952898039502,-0.49688485416368655,0.8980347146842654
-0.43628161878769056,0.5656394806732965,-0.4630387281730613,0.8512899252173084
-0.4873807222424239,0.5571938002950831,-0.48933654177106384,0.8873866973384759
-0.500648174205858,0.510189279135149,-0.4067796897175041,0.8224423449985848
0.6000000238418579,0.14435819206711586,-0.6000000238418579,0.8607202477212595
0.6000000238418579,0.6000000238418579,0.04902037169675311,0.8499429710643814
0.1910642924776661,0.5683381650323673,0.6000000238418579,0.8482416296684452
0.1784630683570898,0.6000000238418579,0.5680764675697396,0.8453164900699446
0.1535513397009075,0.6000000238418579,0.6000000238418579,0.8623097304010917
-0.06873703719237445,0.5712856970508549,0.6000000238418579,0.8313195273461926
-0.10832135990071684,0.5211124578135478,0.6000000238418579,0.8020546984523234
0.21995169758374844,0.569238735001022,0.5880494147806812,0.8474748379270254
0.5735390773683069,0.5321733801615383,-0.27696377115447685,0.8299786204193185
0.5407290408257492,0.6000000238418579,-0.6000000238418579,1.0061749116395196
0.5730039501986859,0.5520011961999476,-0.6000000238418579,0.9965133597497332
0.5686522833595569,0.6000000238418579,-0.6000000238418579,1.021452630615095
0.6000000238418579,0.5686535611563059,-0.6000000238418579,1.021453341977111
0.6000000238418579,0.6000000238418579,-0.5769326288316706,1.0260854328130198
0.5926007822914132,0.5930174938829444,-0.5458579739400626,1.0004031002238813
0.6000000238418579,0.6000000238418579,-0.6000000238418579,1.0392305258366357
0.6000000238418579,0.5691283890644874,-0.5553589751357471,0.9961579910401742
0.6000000238418579,0.13981667994292246,-0.6000000238418579,0.85997020949026
-0.1987018302830662,0.5875238317069371,-0.454822886918366,0.7691102187893478
-0.4719561122817567,0.4791196184262534,-0.6000000238418579,0.9012758785695193
-0.4137309909473892,0.5661458489935305,-0.5125765112338582,0.8685788018778651
-0.533806081063973,0.5664339083367078,-0.49147581416438907,0.9205133245113967
-0.5581958938482315,0.47418564085822146,-0.5465329326022256,0.9138560741845169
-0.5077663881981468,0.5803030975868648,-0.43508626841666076,0.8853691043951308
-0.424023704265445,0.5200337083454933,-0.33863572651208534,0.7516018326646916
-0.5244688687659331,0.536775604753202,-0.3311290337215357,0.82026951737593
-0.22502250941497487,0.5314461122503522,-0.4747003817662624,0.7472687283825422
0.5935258378386215,0.6000000238418579,-0.3996497350308186,0.9338055790701141
-0.0014832463560106035,0.6000000238418579,0.5797678239449879,0.8343458265682697
0.15856258988633942,0.6000000238418579,0.6000000238418579,0.8632161676729205
0.18274587914562368,0.5154268620987466,0.6000000238418579,0.8118256802589441
0.10778101284898922,0.5714968793511463,0.5906458829993835,0.8289077083384941
-0.05703388630248807,0.5742168131090675,0.5869056144512892,0.8230650113559342
-0.10176031636875787,0.6000000238418579,0.6000000238418579,0.8546082255676749
0.5810757506048441,0.5741349430266589,0.37307176903647354,0.8980325749087344
0.6000000238418579,0.5519833288580642,-0.5829923532142831,1.0022802541474052
0.5752152939624897,0.5534350286238205,-0.6000000238418579,0.998580489458127
0.5728678090276744,0.6000000238418579,-0.6000000238418579,1.0238054423769334
0.6000000238418579,0.5775964007577938,-0.6000000238418579,1.0264587957579292
0.5401385348516745,0.5336757325803141,-0.5553366827537946,0.9407221989454895
0.6000000238418579,0.6000000238418579,-0.5713751294065087,1.0229709652403458
0.6000000238418579,0.6000000238418579,-0.5230382258938283,0.9967793351422488
0.6000000238418579,0.3745826814249317,-0.6000000238418579,0.9275301841147554
0.5657538299103111,-0.06394421161768149,-0.5179264643023667,0.7696844032993931
-0.19711792007962164,0.3830710732318211,-0.596132879588428,0.7355088930053032
-0.3522604190580668,0.5721023202095621,-0.5550813835848436,0.871495157775758
-0.4629934387513901,0.5181320016712281,-0.5186624678461255,0.8670838777390015
-0.5712286098360502,0.5188670272611693,-0.4252101193840465,0.8810952061500871
-0.4776904587680379,0.5278514049937069,-0.4040282777424131,0.8185683412931075
-0.5097220213437583,0.5280554912259412,-0.5076137196655098,0.8923737049293259
-0.419933425725179,0.5081149887411474,-0.47008769235905135,0.8096340916316203
-0.5444386416896545,0.5635885002806773,-0.468161453635322,0.9128091689304161
-0.4951855015558878,0.49859324635815505,-0.4826021790749629,0.852472151752198
0.6000000238418579,0.6000000238418579,-0.5822387858056001,1.029078257916685
0.007010712759605742,0.6000000238418579,0.5104693861331597,0.7877995765947026
0.18289068208390968,0.6000000238418579,0.5108807208046775,0.80897969139729
0.23417435423845268,0.6000000238418579,0.6000000238418579,0.880248649759519
0.08263244603659226,0.588662127847577,0.6000000238418579,0.8446012375732452
-0.010803928466067036,0.5672725334551647,0.6000000238418579,0.8257813758454298
-0.06124401769983312,0.6000000238418579,0.6000000238418579,0.8507354976280687
0.5416981535851733,0.5640015943755154,0.32492172348576565,0.8468227762930505
0.4950451901698001,0.6000000238418579,-0.5475614723084565,0.9512588159260803
0.6000000238418579,0.6000000238418579,-0.6000000238418579,1.0392305258366357
0.5970284257016751,0.6000000238418579,-0.6000000238418579,1.0375177098807908
0.5779198030415738,0.5577590337826803,-0.6000000238418579,1.0025400077423499
0.5356371576332759,0.5507607941939567,-0.6000000238418579,0.9748049269822362
0.5158136136887195,0.521022160264438,-0.5615862071167154,0.9235295575004492
0.6000000238418579,0.5884961955710559,-0.6000000238418579,1.0326315070837548
0.6000000238418579,0.272311985039144,-0.5504469196006848,0.8585718706690033
0.5693934377043364,-0.005386104929559599,-0.6000000238418579,0.8271867537849625
0.5899900367887239,0.026459550880346683,-0.581157923223018,0.8285727988943643
-0.25208874112742924,0.5182317289374867,-0.6000000238418579,0.8319332226152402
-0.4363642145327028,0.5940607335871146,-0.5711366180528396,0.9324799833753208
-0.40808430366059695,0.5566077406856909,-0.46719449392983914,0.8334360629608861
-0.507839373050656,0.5597208085390681,-0.37151012195065564,0.8421448705798203
-0.5107635086441755,0.6000000238418579,-0.48379034081026895,0.9246255913795892
-0.49419430755305616,0.5122612194028782,-0.39384948762625305,0.8134844739916247
-0.5164838204821035,0.5874386571952253,-0.3825070755409339,0.8707188843857682
-0.47164076204452404,0.5294985958093428,-0.35531399873727554,0.7931341684007049
0.6000000238418579,-0.04954510644602006,-0.5457601360538225,0.8125939159804634
-0.13013347265547076,0.5716483760297235,0.6000000238418579,0.8388781884952203
0.14639747754163723,0.5531576876812456,0.6000000238418579,0.8291053476378298
0.21622827825882374,0.551156340950514,0.6000000238418579,0.8429282348450339
0.2355419371042352,0.6000000238418579,0.6000000238418579,0.8806134574007347
0.12246448076639593,0.579905528683476,0.5682744274976939,0.8211113177851567
-0.019284122983080354,0.5026678015489503,0.6000000238418579,0.7829730676872043
0.4839629769337772,0.5469550933950083,0.6000000238418579,0.9451878468556268
0.6000000238418579,0.6000000238418579,-0.3311298883256429,0.9108496364181153
0.5001158688657223,0.6000000238418579,-0.6000000238418579,0.9849446377902549
0.6000000238418579,0.4961538273245598,-0.5756789250377462,0.9682845003983356
0.48247900534591404,0.6000000238418579,-0.590187839775894,0.9701070587461721
0.6000000238418579,0.5238411939574379,-0.6000000238418579,0.9972009093995122
0.6000000238418579,0.6000000238418579,-0.5980189929820883,1.0380880373011583
0.46790097312495305,0.5406091373645927,-0.5129428871220326,0.8799431603816541
0.6000000238418579,0.011685380747512353,-0.5613710714357029,0.8217506048542425
0.6000000238418579,-0.0541287051465037,-0.6000000238418579,0.85025288822873
0.6000000238418579,-0.16206896581291103,-0.6000000238418579,0.8638671234050562
-0.3269115026775518,0.40818432054377296,-0.5042818930984945,0.7264886770127101
-0.41143757578377227,0.5482447472793268,-0.5744797662330441,0.8943602090306642
-0.5178239507845862,0.5147382600058663,-0.3378290477986579,0.8045033162495804
-0.4805742234019498,0.5177520965943219,-0.3264511480753155,0.778196099839812
-0.45722535350220117,0.48232884831940415,-0.4168770641820796,0.7845270093804325
-0.4725674242951119,0.4883356989736394,-0.3397088874847345,0.759732751454816
-0.573272545630731,0.6000000238418579,-0.4363619325702781,0.9375783574617306
-0.5714445453880135,0.5905685114366581,-0.39979179999671605,0.9138673418493723
-0.40162826799233375,0.495522735459462,-0.4060507524040779,0.7561251619511598
0.5856084032225659,0.6000000238418579,-0.58321304662116,1.021310280122671
0.09576845651579391,0.5978532131888732,0.5134405960377919,0.7938647916637447
0.35052459743339215,0.5723175974144457,0.5556931664047962,0.8713264720557234
0.283006812451561,0.5953931047121293,0.44414206779189325,0.7948886597600952
0.30816840118443856,0.6000000238418579,0.502649675461597,0.8412041894453759
0.0913559520974011,0.5098799043172604,0.5082192184886025,0.7256791307812063
0.0021664535999552648,0.5097189173293553,0.5473362256401038,0.7479271435792162
0.5235638010037145,0.5783990123007454,0.13647573556111436,0.7920164755539384
0.6000000238418579,0.6000000238418579,-0.5178333109664655,0.9940580441638971
0.6000000238418579,0.5535553575649488,-0.6000000238418579,1.0131256541561457
0.6000000238418579,0.5519901512151348,-0.6000000238418579,1.0122712997309404
0.5904817168452696,0.5626379709015703,-0.5458428240861906,0.9814145570731878
0.5274717485575662,0.6000000238418579,-0.6000000238418579,0.9991128578628324
0.6000000238418579,0.5631672784614759,-0.5036101475114163,0.9647697097320199
0.5673731335138825,0.07171911760875005,-0.6000000238418579,0.8288883719018924
0.5325331395010764,-0.07266221196673228,-0.6000000238418579,0.8055255243162698
0.6000000238418579,-0.11199423189321767,-0.6000000238418579,0.8558871217618664
0.6000000238418579,-0.1180639072586867,-0.5942769574305278,0.8527040617590039
-0.3298534298334192,0.3845350103913153,-0.3641701122133865,0.6239313504056595
-0.37239718766906715,0.4618141334319441,-0.3993950757257656,0.7151701795624017
-0.39835949089130007,0.48059960850036787,-0.34981131763729456,0.7155656682800139
-0.4608962526846667,0.5658074048857415,-0.28594559933623165,0.7837909548738505
-0.4562879289131232,0.5496300442818745,-0.4146835076374167,0.8259868468417606
-0.4438200441415555,0.5577732859533362,-0.46841144841842464,0.8529340860315298
-0.5044310101719715,0.39666633549261177,-0.41657164560450083,0.7650665079964583
-0.4345719564398866,0.47175162506116797,-0.35234008384709437,0.7318100270952982
0.4783877451270129,0.03284960545010074,-0.4790671098833011,0.6778194649299134
0.5528996228211909,0.6000000238418579,-0.2983546653961227,0.8687424980336104
0.24442329012766884,0.6000000238418579,0.4643624700178257,0.7971043074329235
0.28928845524340396,0.5788214354649961,0.5036953902826091,0.8200189697091304
0.19443078751500376,0.6000000238418579,0.4493022862851983,0.7743874380470288
0.1491016139115413,0.6000000238418579,0.4071064802841402,0.7402479356071163
0.18613708896336456,0.6000000238418579,0.35458911838495066,0.7213740273776165
-0.0210476272705169,0.5397767481919167,0.2507201213605905,0.5955354899226643
0.4834743229421865,0.5168968729621752,-0.05225282243680196,0.7096901828791863
0.6000000238418579,0.5028289286960717,-0.45648343281816717,0.9062086319282814
0.52821048483937,0.5338560066300764,-0.6000000238418579,0.9612536505623709
0.5551375417701627,0.41145478302220995,-0.6000000238418579,0.9151353765234427
0.6000000238418579,0.5084276985799037,-0.4863275881423171,0.924669279408487
0.6000000238418579,0.5842489696212083,-0.5422621243386824,0.9976948925427925
0.6000000238418579,0.5637348264277198,-0.4173719936623257,0.9230364912783166
0.5468832717473417,-0.10876880868552963,-0.6000000238418579,0.819092177517388
0.5467434930777517,-0.12339819239948219,-0.5613492287738739,0.7932644689858133
0.5782428434698506,-0.12216394351190357,-0.515976434101487,0.7845511427985837
0.6000000238418579,-0.1537279180654867,-0.5735807312311321,0.8441724685410081
-0.38035060229774714,0.5274596315376263,-0.4012135500621029,0.7641024514575929
-0.4954652310547729,0.5134260619480544,-0.40518024425413746,0.8205261401110201
-0.3834570950108537,0.5805810877913202,-0.2639658414303491,0.7441718273739928
-0.45917971933254886,0.4868281928302056,-0.37834146118689826,0.7687587171757335
-0.4639382429222156,0.5055854617812823,-0.49592455139746505,0.846638360274989
-0.4799747401875374,0.49789292526630025,-0.4129835035063088,0.8054989077687648
-0.43024666741013495,0.524567315384932,-0.4312259284443405,0.8038898335906266
-0.49996244681383767,0.4823698132453349,-0.34650707517199236,0.776344149265432
-0.3226796128300048,0.3679875656666107,-0.3869525072547808,0.6239144363549549
0.58920398099539,0.6000000238418579,-0.14544643938125812,0.8534143346345502
0.3281911961329964,0.6000000238418579,0.18869413887203146,0.7094469450734808
0.4067525132820684,0.5730086100077219,0.15497813940093486,0.7195864770105371
0.32234180720543826,0.5848234405449397,0.2246990072244649,0.7045653561813472
0.2806285796204716,0.6000000238418579,0.12637430989332155,0.674331442623764
0.10856010269110172,0.6000000238418579,0.16177814494974896,0.6308387216158458
0.32313129167614274,0.6000000238418579,0.1514761021661989,0.6981109294359938
0.6000000238418579,0.6000000238418579,-0.15592786312772572,0.8627360869466623
0.5992868525571391,0.5777253149620429,-0.5363136489759459,0.9902240157023703
0.6000000238418579,0.5845787620563752,-0.504672715876537,0.977970811327104
0.6000000238418579,0.5822618924062375,-0.5613975055772985,1.0070730356965854
0.6000000238418579,0.6000000238418579,-0.6000000238418579,1.0392305258366357
0.6000000238418579,0.48844579625170836,-0.5865323035080928,0.9708756189876769
0.6000000238418579,-0.13274179857115437,-0.4932740121262501,0.7879972491939695
0.511962174082601,-0.16788452271410875,-0.5604440350840602,0.7774239494121793
0.5605883107140672,-0.15604076401583578,-0.5684510608882892,0.8134768483300056
0.5570269239551262,-0.250906990213979,-0.6000000238418579,0.856290453268853
0.6000000238418579,-0.09825557622915482,-0.5643474538977549,0.8295433898182974
-0.3751953128719939,0.3727217869236832,-0.2909767215604873,0.603622817443796
-0.37330678319352234,0.49896817239083635,-0.2702948531877694,0.6792543699507164
-0.534020840031028,0.4876215750133177,-0.3741741057193287,0.8142231385785919
-0.47436285038942605,0.5783047285800302,-0.38712146022364,0.842211076805148
-0.4617567804263865,0.45185948400590004,-0.31432125307720876,0.7184665390203271
-0.5273103193314067,0.431562998150971,-0.30301680756406457,0.745735864708653
-0.3895061158776961,0.5663799232857765,-0.35902267956847433,0.7754988821731845
-0.36703781229759247,0.5807075541671105,-0.3887183500062104,0.7893288128242254
0.1191817932853354,0.23490833144921508,-0.3470244285229436,0.43567439450424245
0.6000000238418579,0.550344548020228,-0.24801451179760758,0.851111243145116
0.14073547123021724,0.5779917701293407,0.16661890508625865,0.6177724651777412
0.14903130627479522,0.6000000238418579,0.1936855162249712,0.6478614343017614
0.2905739000335147,0.4614053983163813,0.19428412205600498,0.5788561592133732
0.3510858168457104,0.6000000238418579,0.31376190494189626,0.7626977201966827
0.1230297622485983,0.6000000238418579,0.15839404081850839,0.6326334034620619
0.09481347664276318,0.5766825484577096,0.12522402582758185,0.5976900649109314
0.45632117728740673,0.4395782758800888,-0.10080396112391898,0.6415758069355085
0.5879057081856212,0.6000000238418579,-0.21547265075269006,0.8672148600836228
0.48833217096607506,0.5993633700098535,-0.4193244612249932,0.8795099557660728
0.6000000238418579,0.5038999126777484,-0.4961057560333877,0.927381297944018
0.5516967908877095,0.4792860601368367,-0.42911415025173016,0.8474806372204341
0.6000000238418579,0.21609415381835395,-0.49840269356654576,0.8093836895311695
0.6000000238418579,-0.06857796948728623,-0.5362554975256513,0.8076341530270453
0.5645172589433274,-0.06941528046536982,-0.4364344740634213,0.7169192890123608
0.6000000238418579,-0.13453528976043305,-0.4798227539938547,0.779954901293274
0.6000000238418579,-0.2635992009035893,-0.4521620427013946,0.7962004020264865
0.5281730406713467,0.013902751259098456,-0.3159665564788744,0.6156256266577166
-0.27747619127652046,0.4924831387837769,-0.21875003172533414,0.6061223103396539
-0.45851121010185736,0.47332333816828176,-0.394139426945556,0.7678628784599543
-0.4893957106831178,0.5406641334779341,-0.26555758414841624,0.7761099776212276
-0.40037139539247146,0.6000000238418579,-0.3542055794220579,0.8035912364831144
-0.531071490587217,0.5618025117205996,-0.3833436868246968,0.8629086698593624
-0.3551445348306833,0.49078871050137174,-0.4508451143276048,0.75515727904111
-0.47252893067631896,0.547397719067888,-0.2644120329892907,0.7699620616344429
-0.3872748428250825,0.5545425644601218,-0.2752403482541608,0.7302441434138808
-0.3261059620868543,0.4188177147279528,-0.26843520109377045,0.594820001231289
0.59346002785223,0.6000000238418579,-0.3431452451125931,0.9110123448735374
0.16591959378612087,0.6000000238418579,0.2351027923130774,0.6654341914613251
0.34184209050425596,0.5871575027615765,0.273655721498015,0.7324598294774464
0.33093288576804414,0.6000000238418579,0.3029052635018188,0.749178351362412
0.20566360920732674,0.6000000238418579,0.22869252145034802,0.6742386952183418
0.14963196280397717,0.5454654899148961,0.2775860406506725,0.6300605803768279
0.12462252842665889,0.6000000238418579,0.27610929258236727,0.6721362545288111
0.5612155756431818,0.6000000238418579,-0.05495965980096362,0.8233975438147576
0.5286776473835688,0.5450663364920307,-0.16424838594007568,0.776900829130584
0.5817873331737873,0.6000000238418579,-0.32411896850254657,0.8963981455775398
0.5993678995987901,0.5882271701358557,-0.5376813200511265,0.9971731467941884
0.5285253932900014,0.38704727280107554,-0.5784325118296254,0.8739158160124066
0.6000000238418579,-0.05955481853206401,-0.5124692290368731,0.7913099997663774
0.489811758746717,-0.12148710922790751,-0.4843405774119083,0.6994715660002244
0.6000000238418579,-0.2017399992868556,-0.5352991560805046,0.8290019556207276
0.5405401858763514,-0.24790392503434577,-0.573195791287474,0.8259500370750936
0.5932380800607084,-0.29279927585826065,-0.5077165177554187,0.8339297919962602
0.6000000238418579,-0.35165930778568716,-0.30878699367970774,0.7609295005638108
-0.07280699220968945,0.3364727063993992,-0.1661441890968159,0.38225466882301984
-0.44596167062884146,0.5461029832445359,-0.19511339740621414,0.7315596474834054
-0.38416272039866706,0.5788584819862668,-0.35087414102178394,0.7783127910739513
-0.5166154654080841,0.4194671816554745,-0.39223594505389187,0.7724592495252535
-0.48670051292717387,0.5277024913584798,-0.30784350984961345,0.7810985438637366
-0.4435844416273721,0.4028277129732978,-0.42881896183173496,0.7368331054042102
-0.44420892725847055,0.4016821636905832,-0.41467662565751706,0.7284413741338243
-0.516300289073737,0.5453479960783769,-0.2684133413611901,0.7975062050824461
-0.3790730484256798,0.5158919001489011,-0.29234181461617553,0.7037787757918392
0.6000000238418579,0.34685317436564456,-0.5399790222222023,0.8785695747166526
0.09371474191394691,0.5923644346997994,0.24765091880374634,0.6488521048232412
0.33404305578226,0.576326807439232,0.16767833982103564,0.6869158447252374
0.3428075476734036,0.5994322650080575,0.23457631939633317,0.7292887663306445
0.21690859489971226,0.6000000238418579,0.26956256586495475,0.6926134160318407
0.06221984912345002,0.6000000238418579,0.26381900418334825,0.6583857571389804
0.08754586641836415,0.6000000238418579,0.04456099484334464,0.6079884781791516
0.5342900836391733,0.5202966712505497,0.042554380820477467,0.7469841999109296
0.6000000238418579,0.5721579164796755,-0.0353066102588635,0.8298260460654177
0.5793374414578962,0.5630062307516459,-0.19631211503222812,0.831352111592064
0.4130696749606637,0.5295159760429755,-0.39431035855517466,0.7787774933321865
0.5744876335813629,-0.19196192744095752,-0.4997066032677645,0.7852337945313923
0.49326065495255245,-0.16561586083128965,-0.1188675324136948,0.5337266878705157
0.6000000238418579,-0.2039946672903855,-0.4025019631535922,0.7507474164029077
0.6000000238418579,-0.172056378933737,-0.3697865815620733,0.7254967553651661
0.6000000238418579,-0.24464035592644673,-0.4101928672553642,0.7668814254532609
0.6000000238418579,-0.2496979493456617,-0.41413071066275,0.7706188033208721
0.5807856233342588,-0.2827616123138657,-0.25693946639970683,0.6951862765215281
0.5681556293002996,-0.0366533157557678,-0.16056222102499973,0.5915441754273237
-0.3474799947930673,0.37533625957046624,-0.17978411921101328,0.5421641670658606
-0.28251965158360537,0.6000000238418579,-0.24353281496904927,0.7064882264467689
-0.4637425549309299,0.47182926949222126,-0.1776823084251285,0.6850189920948997
-0.4253494306774993,0.44460892687987075,-0.28694654767747796,0.6789238228718787
-0.5427476013092613,0.3984561606168715,-0.33883282632254885,0.7537572254076385
-0.3877452962892472,0.4702151346694827,-0.46309469369646783,0.7654445655934212
-0.4146814880803965,0.389289420536425,-0.25458236654899635,0.6231526063941681
-0.5614241980323417,0.5870470099914007,-0.2788678331505118,0.8588297796665899
-0.11540480579852225,0.29280200900443687,-0.19436082372174818,0.36990189980077887
0.6000000238418579,0.6000000238418579,-0.00026631616068406583,0.8485282129338763
0.36005364155346253,0.6000000238418579,0.309334195580234,0.7650662049531464
0.40162326889959266,0.5700835926268546,0.20076026499489763,0.725672954370464
0.22693526169802358,0.6000000238418579,0.1534689110307189,0.6595849818371665
0.20222438320774883,0.5997592572373323,0.2258180196190286,0.672011641112184
0.007064632212757327,0.6000000238418579,0.17219875377464489,0.6242614423781693
0.30751150641499114,0.6000000238418579,0.16592264087096364,0.6943296608538642
0.6000000238418579,0.544080368151687,-0.013577431886909852,0.8100665542256075
0.5138950445816566,0.6000000238418579,-0.16981316425564952,0.8080375339118406
0.6000000238418579,0.47127258343446843,-0.2796371876412514,0.8125852775057745
0.5301651732892898,-0.11601459330978753,-0.3464834791781244,0.6438829848451315
0.5534622179310198,-0.19629145937954162,-0.3828450158289243,0.7010143150089898
0.5400587438599942,-0.17730980189733736,-0.25395497330129635,0.6225715550303996
0.6000000238418579,-0.2749695695296827,-0.255762454091531,0.7078295880369028
0.6000000238418579,-0.26653580752406814,-0.3195778231622331,0.7301858327575581
0.6000000238418579,-0.18537286121630353,-0.4252814818118239,0.758437515592293
0.5605625603548123,-0.41996847315528407,-0.2959920261467329,0.7604046173310439
0.5177661125931545,-0.42925992468403434,-0.2273815676967092,0.7099635255545056
-0.2774663772174082,0.44683149837445346,-0.14468997205669332,0.5455100058105983
-0.35778167631658153,0.545234380180877,-0.1530411395903627,0.6698580802276294
-0.3589430471281644,0.5174708660081992,-0.28093672259454555,0.6895952801107995
-0.43854343319749034,0.45827375468155807,-0.2022729995645931,0.6657698877115369
-0.521334396802836,0.5095979201856642,-0.374830033853822,0.8197421227594619
-0.36234209560770114,0.4322329076729985,-0.30164287393275746,0.6396135584235599
-0.41463540264318394,0.4535916375758622,-0.3707976064419135,0.7177456065674521
-0.30479813775940984,0.5552642661456668,-0.24901494438955768,0.680609104089289
-0.34759954753073913,0.4635693039790909,-0.19402944336103,0.6110395813089562
0.5853164209942818,-0.21380723538248475,-0.34066362385243454,0.710183463059884
0.08484808614327732,0.5000078354536992,0.12045013086988088,0.5212631458906739
0.19673863547875226,0.5464185096353078,0.30781022913088285,0.6572871636657138
0.4011932545742283,0.5800468900158331,0.08529038665143152,0.7104117624223659
0.3071257633734168,0.6000000238418579,0.1816561489873113,0.6980868281258674
0.14273811403851788,0.5505018125765662,0.17382505053959485,0.5946776967773807
0.14054958634534565,0.5350783822551388,0.1515825169084175,0.5736203629674551
0.4788673506458241,0.6000000238418579,0.12649112771997106,0.778019262947037
0.5288724621162855,0.6000000238418579,-0.07597255493636057,0.8034164168715562
0.5751106175294984,0.578391376741366,-0.19623037201217425,0.8389250061739548
0.5833786769044149,-0.20973637399358813,-0.2386386881912655,0.6642804006926383
0.6000000238418579,-0.23480833472909468,-0.2557649252539772,0.6932176279197271
0.5509458856633109,-0.2455231595204146,-0.20716353448286023,0.6377614921031595
0.6000000238418579,-0.27195730459009093,-0.23642136862573376,0.6998970407659991
0.566546292843616,-0.17597963982847142,-0.3238261148356196,0.6758749057470138
0.6000000238418579,-0.3379945086635376,-0.2610050225667692,0.7364536226416541
0.6000000238418579,-0.2444198360630323,-0.30977870461452467,0.7181252890018305
0.6000000238418579,-0.33167095677439656,-0.25986741239986083,0.7331689602030851
0.5334661527139759,-0.06760437646978212,-0.11669855132681223,0.550249979274053
-0.15783071155691525,0.5062368995182835,-0.18629805161849589,0.5620438559234454
-0.3276416124233203,0.493885677180651,-0.20110921528618803,0.6258729941358468
-0.33956811962183153,0.5884303173293401,-0.3284500414959253,0.7546099495596977
-0.44847755955147606,0.6000000238418579,-0.22835050850546573,0.7831194703020622
-0.3830071553303447,0.4366546286191666,-0.27979282083273754,0.6447059549269927
-0.5076662008800508,0.5053016138654434,-0.4097110410241469,0.8251774534172004
-0.3611144761430711,0.5058702362492711,-0.320203099972184,0.6991697834108497
-0.3864199422319824,0.49489716148382357,-0.24019415093882096,0.6722624504942512
0.6000000238418579,-0.27942837282234523,-0.028349142485711964,0.6624831454671498
0.4440567639937889,0.6000000238418579,0.09735081736971896,0.7527706290108681
0.1833122103777951,0.6000000238418579,0.20801378850924412,0.6609637896993992
0.31912754665519016,0.5473459386575896,0.28124362272822856,0.6932012283056174
0.2071924603103773,0.6000000238418579,0.227830332146564,0.6744148607983894
0.187145781827032,0.5498981337445026,0.3040443312183716,0.6556328671576531
0.1275580827599343,0.6000000238418579,0.2707151760259907,0.6704907155348264
0.3894355693085,0.6000000238418579,0.1521000285216152,0.7312964583047984
0.5703984804421367,0.6000000238418579,-0.05441876057249406,0.8296480317599597
0.6000000238418579,0.5052392321994232,-0.1809965279193334,0.8050009027836844
0.49262466102940916,-0.18426863288221162,-0.1094874130082863,0.5372350317373827
0.5489081060612349,-0.2331454443892207,-0.22149760567954307,0.6361745801750879
0.5411166135492245,-0.19275849895061647,-0.22302586304612776,0.616200912011777
0.4542411452837771,-0.2705207183516043,-0.2680126099050236,0.5927455071059484
0.572395247467504,-0.2816051087836088,-0.2456149524979353,0.6835674520535455
0.6000000238418579,-0.3075328296916699,-0.28732502282548184,0.7328929926599512
0.5301070646613497,-0.3694135316588615,-0.3305123544757917,0.7257535903029874
0.6000000238418579,-0.48199096671138564,-0.2872734245028984,0.8214872738072262
0.6000000238418579,-0.4095924150836535,-0.07316597886868581,0.7301501459070613
0.5062638747417867,0.03719632930932304,-0.05430264449404654,0.510524685966998
-0.16477088531479267,0.48616542790840644,-0.28050556076822164,0.5849697749137804
-0.29188390692115934,0.5114373152994272,-0.13466083700904358,0.6040677806539775
-0.4577853288114918,0.44358942132708434,-0.25145046317428116,0.6852490915126439
-0.4286907305226184,0.4963670286122974,-0.31704453916551484,0.728473204273219
-0.446153169553061,0.5431370144122165,-0.33997981096373286,0.7807923789265584
-0.42220542852965554,0.5280002762950446,-0.35902114152291775,0.7654658030950647
-0.3662588720814965,0.5968377111987309,-0.31661585918330604,0.7685092173641984
-0.37251220507765326,0.4807361991346304,-0.30942726979533325,0.6823619797315942
0.6000000238418579,-0.3117413643940117,-0.29411616651129374,0.7373513587752918
0.5195257831243172,0.5659399881192786,0.05341933739909943,0.7700965751719346
0.2938492964336499,0.6000000238418579,0.17250222604538512,0.6900032286992535
0.18013946939678316,0.6000000238418579,0.22135638644344768,0.6644162150821468
0.278648796843189,0.5940260543203348,0.19945784333611305,0.6857809682849442
0.2286882068010314,0.6000000238418579,0.22863393519254094,0.681595041693914
0.15801438016605207,0.5747320943820371,0.1320048611289365,0.6105004570135015
0.40311148124806384,0.538403834812663,0.26608225064840474,0.7233099748829058
0.6000000238418579,0.6000000238418579,-0.060101106691245465,0.8506539838535835
0.5778129078934975,-0.11899782953976185,-0.10487217609156807,0.599188128455241
0.6000000238418579,-0.27550795816344936,-0.15100861896366624,0.6772800503653837
0.5728826257545001,-0.2865357208451348,-0.20900241076172343,0.6737798081835221
0.6000000238418579,-0.364133629677862,-0.3283153453890252,0.7748446908190824
0.5864753536103819,-0.38880785655918004,-0.21173553399521766,0.7348175461097853
0.5586919331114131,-0.3047508067328467,-0.23400143465464363,0.6780607655280757
0.6000000238418579,-0.41616791260181696,-0.2882908100960951,0.7850524512893685
0.5685013913358761,-0.4738887230489939,-0.26115672223290765,0.7848357709427297
0.6000000238418579,-0.3894153442356096,-0.0762453706394628,0.7193453242221829
0.5432599415991115,-0.36254394745975793,-0.06790168966162224,0.6566430670043483
-0.15307584034532884,0.3125061008968578,-0.0269555623480906,0.3490256127230314
-0.2999497848544008,0.5837398740021282,-0.12406054193058869,0.6679170098135945
-0.4235179982821776,0.4761316621389602,-0.19307616778625225,0.6658432706930187
-0.39051204302960396,0.48669014250729115,-0.3033990447179981,0.693842871910288
-0.3927904095303072,0.5524488410600406,-0.3348434497603711,0.7560450804383259
-0.45587328081031014,0.4861693969202039,-0.26948075428980706,0.7188887310224817
-0.41658902435981443,0.49359339447052664,-0.2108650149054438,0.6794445590282345
-0.5199068353186695,0.5703706105520552,-0.24264403434188697,0.8090129036018555
-0.35691613866863114,0.5001612428525013,-0.19125472872249222,0.6435283755613255
0.6000000238418579,-0.3944106683275047,-0.2891861222619545,0.7740726175299608
0.09246241488227158,0.527403686682508,0.22634342536326868,0.5813220218582296
0.22551254971826906,0.5165872132489029,0.29293092408677057,0.6352375817432653
0.2896445811977928,0.6000000238418579,0.17066903484323825,0.6877658987488383
0.1922004848402581,0.6000000238418579,0.11849182881231013,0.6410782857641851
0.06768880254443188,0.5366499424826652,0.2248082737478102,0.5857590756463081
0.10344213552756143,0.6000000238418579,0.18151218880441577,0.6353321798062037
0.4575122520803747,0.6000000238418579,0.12232805101988675,0.7643831771305609
0.571762057272575,0.4840723764343726,-0.008066897287982377,0.7492015687351723
0.6000000238418579,-0.2011660428400014,-0.07730526901416312,0.6375295365859432
0.5352394140128485,-0.2543556071371154,-0.13481748200157434,0.6077448137566892
0.6000000238418579,-0.3226355480208746,-0.10733627583203009,0.6896483173085031
0.48996145239463695,-0.3118189256976246,-0.2441388039637034,0.6299976371834345
0.6000000238418579,-0.24136259318009612,-0.22150048141306744,0.6836068996602297
0.6000000238418579,-0.4355147133493871,-0.29336822770051146,0.7973318074541915
0.5990672226775915,-0.45044537354525976,-0.26748427767769856,0.7958205894796464
0.5162578029895266,-0.41910916259920183,-0.26614112812893526,0.7162441688446193
0.6000000238418579,-0.43677950401490373,-0.1969918870160064,0.767842540686476
0.5243551234282782,-0.2785165730155389,-0.14454938088380576,0.6110763458224319
-0.34312724750008256,0.37968500560775076,-0.08798244866259208,0.5192667163732009
-0.4472471806833983,0.5337284526068626,-0.2332728409501481,0.734378866850291
-0.2876372435930147,0.48276989878466314,-0.12866553943799486,0.5765039289659797
-0.3715995312785526,0.5145775972428617,-0.17283086369092227,0.6578349509374117
-0.3023240203081356,0.48981172463095635,-0.24165282055546644,0.6242687117929572
-0.3668806956526528,0.6000000238418579,-0.24659731194647777,0.7452594901858232
-0.41630310042605456,0.5918530174201642,-0.34741885396137,0.8026818334443172
-0.49537026677753937,0.6000000238418579,-0.15184953770288134,0.7927483913058793
-0.39665221728157085,0.5161906903173414,-0.17028735956218216,0.6728919638926741
0.6000000238418579,-0.2948166830394003,-0.05721807319213967,0.6709626018701828
0.0847985375012047,0.6000000238418579,0.1887012070513968,0.6346644515925147
0.25711139283064444,0.5744018971548872,0.09273194036139365,0.6361155716861808
0.29914646893318564,0.5517913047409064,0.23398060762389217,0.6698575808385773
0.12326883824313761,0.5587976508254147,0.2755885525811195,0.6351370492764309
0.21802566099968257,0.5390232428259081,0.20927039286965787,0.6179606318308047
0.10444750540614411,0.5788595964541776,0.08866356752567106,0.5948520337016922
0.5062634511918913,0.6000000238418579,0.04977028493249891,0.7866255728650173
0.5450848376528785,-0.33189196854010955,-0.05990050100189892,0.6409819256740181
0.6000000238418579,-0.30193549124323193,-0.07390920459028827,0.6757422881585041
0.5082753237346715,-0.3071924410344444,-0.07752866834036354,0.598933798479361
0.5037803028966505,-0.3549951183321117,-0.01893404535278842,0.616583024174111
0.5317280079331947,-0.30561449985514894,-0.18324679864190846,0.6400892798312002
0.6000000238418579,-0.3903825405132087,-0.06919413593157486,0.7191567179656283
0.5957512122644342,-0.4608347835283747,-0.16983136713691627,0.7720951352571657
0.47412142874819474,-0.45798807255700014,-0.21971457471740247,0.6948515655490419
0.6000000238418579,-0.46396343950574204,-0.22506576810356432,0.7911489757184015
0.6000000238418579,-0.4182615444991133,-0.1190171939748198,0.7410181108978738
0.5517151538985097,-0.3557679590606687,-0.09454667188445587,0.6632492177906257
-0.08990774147359681,0.420534395995952,-0.20897517007679167,0.4781246719226977
-0.3652014359656366,0.5045848617936488,-0.0800145339689824,0.6279970519269593
-0.37436054593691315,0.4448825813421651,-0.15308913352489262,0.601250873046563
-0.47136927564266284,0.4812638825239681,-0.07820785188692125,0.6781743040979207
-0.3464496364879293,0.44970726028801966,-0.3550621509357841,0.6695768078462101
-0.33272524304271844,0.5020469315976972,-0.25053540994993434,0.6523229265657314
-0.45011764117514846,0.5243673929367627,-0.27958540197336246,0.7454763917583063
-0.4190655071561845,0.5698387420262976,-0.345086312535055,0.7870302753396626
-0.28839493164886526,0.39343804667014537,-0.06451938204330376,0.49206491830613464
0.5035014603016372,-0.26008088437049515,-0.09580499627701511,0.5747472350977071
0.09362809790676918,0.5983523929407546,0.17639521871296104,0.6307987635057317
0.22175228120873547,0.6000000238418579,0.271061909682788,0.6947292002733065
0.27555486346655844,0.6000000238418579,0.3424151236318195,0.7437597920579587
0.2592595059980036,0.560564119927834,0.13573496936241813,0.6323540194452887
0.1612864054104175,0.6000000238418579,0.20655844007072244,0.6547363762193863
0.038066192079568184,0.48317812349169165,0.12407098332692867,0.5003036507003542
0.484337097569133,0.6000000238418579,0.14241166349506307,0.7841323450740653
0.49464229278573657,-0.15058562695500982,0.13444463680686014,0.5342493698862847
0.5110114744957872,-0.30310275038724616,-0.07767364518234998,0.5991971290940782
0.6000000238418579,-0.3938314465900907,-0.06410436883125503,0.7205640894720796
0.5197337983021093,-0.30702371175421883,-0.10862338144992878,0.6133398891923564
0.5182709832324137,-0.4222412280347938,-0.14704349049717053,0.6844810112856419
0.6000000238418579,-0.42031131629762786,-0.2462623092233895,0.7728562325310645
0.6000000238418579,-0.43400223059678034,-0.1496334422369811,0.7554787434527188
0.6000000238418579,-0.503404155900234,-0.20495900919047244,0.8095825888914591
0.6000000238418579,-0.4804468519487941,-0.2869933776033049,0.8204842502729043
0.5977813701327548,-0.4745645651996672,-0.14765837189485204,0.7774040698450074
0.5902313001616228,-0.24741069262728393,-0.036467534739737406,0.6410264578055932
-0.1821489696169093,0.3457560820683736,-0.04199129033779825,0.39305061236945926
-0.5138256752887791,0.4904633052129903,-0.1311476045737413,0.7223370214324136
-0.5058416442808905,0.5264866333552367,-0.18802574809386857,0.7539347625204619
-0.17670272302384965,0.5154256091335514,-0.16763181070649613,0.57007704289462
-0.3992112298373762,0.5783109823495438,-0.25867053382249094,0.7488148258430634
-0.5035746080845322,0.48893482591924586,-0.2693168579876384,0.7517820295142118
-0.43425519180386585,0.5517301147080476,-0.3053686019980726,0.7656589803369545
-0.3690931053077514,0.5554401377371041,-0.22257756181065425,0.7030535100664157
-0.3573524489988361,0.5236740524794712,-0.14696630533770494,0.6507951912471029
0.6000000238418579,-0.43189761484985145,-0.09810405638305453,0.7457613453391307
0.11370272190346176,0.5509726514459123,0.21853743812535242,0.6035377233214069
0.28998371472034423,0.5883173509297539,0.1619937395101686,0.6756107102825573
0.2630601315133235,0.6000000238418579,0.08045599563118755,0.6600559284144358
0.13661659500327406,0.6000000238418579,0.17380872954011684,0.6394322459063729
0.25582656469493203,0.5661732251593943,0.226428904900552,0.6612634883807389
0.10613689691954398,0.6000000238418579,0.0750267323160313,0.6139169976959111
0.4056874767126686,0.5498834558235084,0.01912206163592456,0.6836079263664988
0.5839987238631628,-0.16429830145420282,-0.06572005731438335,0.6102192780205691
0.506749123039334,-0.29372309876454167,-0.02824410290881396,0.5864005983950753
0.4957262437138419,-0.27936164406859915,-0.08476395107308576,0.5753019766043451
0.5738593240633956,-0.4255725167579115,0.03721639846449354,0.715410058042818
0.566343988358327,-0.4524794353152761,-0.0797566818243125,0.7292765461938787
0.5641783381503209,-0.38942455221167366,-0.09435118859859559,0.6919904810712992
0.6000000238418579,-0.44409997482457153,-0.07012873269498332,0.7497618657939463
0.5699850478235149,-0.4416238155614002,-0.1518823855777927,0.7368736718476142
0.6000000238418579,-0.410557219317933,-0.16563129677453403,0.7456480305180971
0.6000000238418579,-0.46888683942871057,-0.015555668197044792,0.7616409098864977
0.5813909661129486,-0.3788674209691902,-0.17400407037167753,0.715425324304015
-0.11431119838324272,0.41459232399312684,-0.022879846550955873,0.43067079372535844
-0.24477632153605583,0.6000000238418579,-0.07065400171823844,0.6518492649023648
-0.3068604948746594,0.5567729774726224,-0.04252544154489446,0.6371561228906448
-0.2843931469458887,0.5821328860465709,-0.14831559097161445,0.6646470293110133
-0.40853738207513435,0.4320303895768285,-0.2576638138952599,0.648030625095575
-0.37677789813685547,0.5240252744098928,-0.15164433786688852,0.6629932714227779
-0.4103937568448002,0.5341514748235452,-0.2939912814017337,0.7349637455368739
-0.49873666402621797,0.46412541510384453,-0.1408888878168652,0.6957013293789152
-0.26767088102680764,0.530184669065269,-0.2084200152051932,0.6294302078861874
0.5664216348230457,-0.3234302410954848,-0.052457553970603144,0.6543641067626448
0.10800580410164995,0.5714759321534693,0.1696689123489732,0.6058362275136773
0.19943712214425513,0.6000000238418579,0.4006207525672516,0.7485133143017321
0.11038580545705379,0.6000000238418579,0.298365807694135,0.67912238209148
0.18964846463394114,0.5545392581341224,0.21833151591489697,0.6254190433554537
0.03515089795232207,0.5786876982224418,0.11910129506620348,0.5918616022241089
0.09268214703122846,0.5120727829842515,0.21626339823960572,0.563540923864183
0.570605806297463,0.48670516224226557,0.08618547089916362,0.7549177680567324
0.6000000238418579,-0.20922324566141431,0.0756977905875661,0.6399254258389532
0.552790455112415,-0.18211282647745103,-0.10073310835373162,0.5906687125196337
0.6000000238418579,-0.3132694668010693,-0.07212345372923867,0.6806905170618216
0.6000000238418579,-0.3711400938922286,-0.11150972454670793,0.7142684485353143
0.4944524112257449,-0.3938130092827613,-0.1184054612809427,0.6431109752666722
0.6000000238418579,-0.4117072827753391,-0.0752460482329369,0.7315496449832756
0.5849780397154316,-0.43721209946287865,-0.0317481323367611,0.7310004588048626
0.5916397893863523,-0.4578130557058098,-0.10758296277786411,0.7557807408500706
0.5082699780259468,-0.5348917687296055,-0.08740104635284507,0.743025247027821
0.5483352040853975,-0.39645787638106444,-0.11661425638618433,0.6866216050900674
0.5368236913642941,-0.5247421870471569,-0.10839530652049423,0.7584745090988175
0.05423214003957233,0.3421905062319345,0.04470643972307298,0.3493338422215233
-0.31294565566998833,0.38273254995503525,-0.1384012069029591,0.5133946652138082
-0.24680706962338178,0.5176201533831677,-0.28740803764606637,0.6414419170182578
-0.3260855190793597,0.4906912265779271,-0.1346313898794202,0.6043469671758687
-0.34501734082032953,0.4239900158893437,-0.004235970935367317,0.5466465425577506
-0.386826348971054,0.46461443230601107,-0.1341443901523286,0.6192704678689698
-0.3710582668543596,0.4968535969607073,-0.26308027137410717,0.673616332492041
-0.5068123816355795,0.4705583804305158,-0.3120983164734717,0.7587419447467588
-0.3845738074181285,0.49421157494237544,-0.1324363748104871,0.6400636589684208
0.5563627752266713,-0.39560567398483115,-0.09836217660801494,0.6897234987543794
0.05189217993569728,0.542596197386527,0.0755001845956208,0.5502760303981726
0.09670175567086492,0.544596718498801,0.36252032193974093,0.6613303253055792
-0.00993500102773237,0.5359216611459738,0.3588189670996873,0.6450285127661936
0.03601503654128024,0.6000000238418579,0.22516646577328114,0.6418699625127585
0.20055337241624238,0.6000000238418579,0.291450295884383,0.6965378372844166
0.005674333454625868,0.6000000238418579,0.1610543150796856,0.6212654175762329
0.41910790805057263,0.6000000238418579,-0.07396996990852511,0.7356106467751982
0.48888786806548645,-0.3588647361939773,0.11264093005623432,0.6168332234478967
0.6000000238418579,-0.3154141833409516,-0.09083513174669577,0.6839131208145587
0.6000000238418579,-0.39049615066587046,-0.060670871833388706,0.7184484859641056
0.6000000238418579,-0.3696440783736946,-0.02363822159116269,0.7051209391352388
0.5002686446108702,-0.4173418962010571,0.029236694523264384,0.6521485715786991
0.5934367526783104,-0.4177108894102253,-0.10573243229834167,0.7333681979749211
0.5416956469717009,-0.510768063505081,0.07623652836602346,0.7484184637635041
0.6000000238418579,-0.4543640379230025,-0.12263190241555139,0.7625518284405218
0.5413996516433781,-0.5292663174873629,-0.15464757704067505,0.7727562945138374
0.6000000238418579,-0.5566566006543617,-0.050433289592875075,0.8200061684898831
0.5985477882471313,-0.3839239299380637,-0.08455972628999742,0.7161057087503626
0.038883261318504614,0.2731467601572173,0.018813774645100922,0.2765411700118884
-0.3306608714206294,0.44760945049959333,0.02365518991832538,0.5570012567986449
-0.3537061371443551,0.5285341276180657,-0.042546208456376244,0.6373904104742906
-0.3022193686401328,0.4386631925236004,0.007763813055765789,0.532749678600938
-0.4169365065415769,0.46607423373124357,-0.04759913569766805,0.6271578107258374
-0.378334577945119,0.35933424540129455,-0.14679703650463627,0.5420401486177685
-0.35433469051680777,0.37119366024560074,-0.0698447856651162,0.5178958393294683
-0.3573898746097609,0.4954661405123928,-0.16320920754884943,0.6323380933460756
-0.3608054003330444,0.5155567224388855,-0.03718840723540684,0.630366757208945
0.6000000238418579,-0.5643755556804881,0.022921165034950453,0.8240419748207304
0.30044635786861273,0.6000000238418579,0.1146091270526175,0.6807373168634929
0.1348455279710028,0.47619137044267434,0.3225149189001606,0.5907261722753004
0.052021890259531745,0.6000000238418579,0.3820878831414596,0.7132302966923982
0.1239529100985095,0.596262206203682,0.2346773425287002,0.6526610127509566
0.1583562230042035,0.6000000238418579,0.09290441152940199,0.6274615140835424
0.17044960958900313,0.6000000238418579,0.128078076562135,0.6367551269641493
0.38688536230296433,0.6000000238418579,0.09175428842525502,0.7197910541392905
0.6000000238418579,-0.31522048858700535,0.033085549063630704,0.6785710269324077
0.54715438537451,-0.15176284856040523,0.03459936353776505,0.5688646584161691
0.5533083059924602,-0.4105804419453183,0.09412449595101757,0.695403337298788
0.6000000238418579,-0.3839701798989293,-0.08027535536583752,0.7168523281269006
0.5687655300088628,-0.5025960053262529,-0.03175613345868111,0.7596745518367816
0.504067085577276,-0.4630111392978469,-0.06794565550650844,0.6878077885415868
0.54694635205354,-0.4603053743290772,0.08730549711146507,0.7201760892217868
0.6000000238418579,-0.5021287733663048,-0.07531563949087483,0.7860062208433845
0.5906331129006162,-0.4437248099172495,-0.11300689513499862,0.7473350917351759
0.6000000238418579,-0.4694575093884891,-0.07317992393975781,0.7653402400235481
0.5327188603599082,-0.4551428382309386,0.08058325408985023,0.7052928811605736
0.41808581160092273,0.03955555177974124,-0.10509940486236796,0.43290446110085995
-0.23636071638638328,0.4972447880429627,0.006118788914916129,0.5505962287051742
-0.28638929510996775,0.3049569150770529,-0.004931807996272131,0.4183800558547326
-0.3074643257846603,0.535928888514901,-0.1259706104860578,0.6305732946147204
-0.4049732554469454,0.5018026420608801,-0.06708850325804416,0.6483132703222889
-0.4529587796621951,0.3536902396231695,-0.08486559170969032,0.5809222067833144
-0.5481696073251139,0.5070645362309942,-0.1551332243112853,0.7626733767369479
-0.3736469512805213,0.4472039190444619,-0.1725548780521255,0.6077652304546038
-0.356456724076354,0.4285319351283703,-0.15084670362680763,0.5774562698241189
0.3845768303100281,0.12918242529324098,-0.05173759175532455,0.4089794809236676
0.6000000238418579,-0.2741668045496594,0.09336977893961484,0.6662472371022891
0.23856537983518988,0.5796268992967664,0.16920303237239998,0.6492383607029915
-0.055511836877214615,0.5934603137108443,0.3508710876997998,0.6916554258927611
-0.007778745401773812,0.5747642685052257,0.36633499739444175,0.6816273201290852
0.21373974285991226,0.6000000238418579,0.09707828963367138,0.6442894540548142
-0.027747590668895428,0.6000000238418579,0.20547853654326598,0.6348160256153911
0.18561888146254413,0.5946289340890125,0.07001111106862834,0.6268488606389143
0.5087510772932564,-0.46542525969095017,0.1833081353859093,0.7134775423964627
0.5119968868521154,-0.3432766802647247,0.0430080079819094,0.6179234419492433
0.5547606423123748,-0.3141064825788162,0.11140664470374462,0.647173619008857
0.6000000238418579,-0.3980873668919618,-0.08721283164305482,0.7253134896666443
0.5378271250723914,-0.46700368722675095,0.011518556053267459,0.7123785071719718
0.6000000238418579,-0.550916667434868,0.011332627633556802,0.8146395715387584
0.5115893343854412,-0.5099604376238986,0.001566535750803344,0.7223473880569898
0.581240493743346,-0.5176955322369616,0.07210984410827881,0.7816962359397925
0.6000000238418579,-0.374887157214984,-0.05622141403815761,0.7097191392737074
0.5767265239589856,-0.5232207491577912,-0.023072639108408843,0.77904157941825
0.6000000238418579,-0.47830573028462353,0.044775069528602884,0.7686229290651095
0.6000000238418579,-0.30984687195148497,0.040429870889380104,0.6764907147392948
-0.14752015635497506,0.3510109497007482,0.013665860275601127,0.3809955893155323
-0.3827608464058608,0.6000000238418579,-0.04310655010783759,0.7129965419367478
-0.4386204249161211,0.5419316703834456,-0.08076540707054147,0.7018553009684122
-0.4668120888372884,0.46125346288100433,-0.0704986534687485,0.660029047425382
-0.4044064252097832,0.518095516835906,-0.009036700627319427,0.6573044829260244
-0.2566299484164368,0.5054102275582704,-0.1938962299354618,0.5990777716857062
-0.4540878205996606,0.5125744412453681,-0.11712147618519952,0.6947271024069459
-0.4648313148263796,0.45059061295280434,-0.05129152505553558,0.6494080937799647
-0.3959434417488864,0.48140637327430036,0.03084929208271736,0.6240793091547528
0.6000000238418579,-0.35726807160393276,-0.006305192440338336,0.6983410764444067
0.07833519061030736,0.6000000238418579,0.04951063352014118,0.607114267275732
-0.14055333178851892,0.596476327241444,0.49027261925926324,0.784797100677388
-0.06241764444570419,0.6000000238418579,0.46048162087110955,0.7589066570458218
-0.03240063755304934,0.6000000238418579,0.29377889788509737,0.6688466720905896
0.021949752459889393,0.6000000238418579,0.16640476820300498,0.623034804103251
0.05393254895382327,0.47740599724857957,0.1754908385120849,0.5114902153973642
0.4549434178207774,-0.2717848094403739,0.045385141087524006,0.531883734562851
0.6000000238418579,-0.20444691620581362,0.00333886373452541,0.6338846252807642
0.6000000238418579,-0.37024242918113537,-0.09170506896094432,0.7109777103744601
0.6000000238418579,-0.4491022846605536,-0.01746556509312014,0.749665216387676
0.6000000238418579,-0.3239581886623036,0.04000540370449701,0.6830441925213555
0.5926491853697069,-0.4899609822173433,0.07208894226034301,0.7723287102076266
0.6000000238418579,-0.3775875848986355,-0.01545858983421644,0.7090919410622835
0.6000000238418579,-0.5949175861192767,-0.10286825691173385,0.8511808510324205
0.5029649947596837,-0.5169124351005652,-0.024864913570249114,0.7216581707720495
0.587245502616182,-0.5652969033638798,-0.028928791865042713,0.8156315003078871
0.5904306912629131,-0.46309015636631146,0.004662187910712712,0.7503883195417497
0.6000000238418579,-0.4021550732002348,0.11289381462957992,0.7310771128222618
0.033873434454911866,0.27631706866749406,-0.05427794845915579,0.28362762151755005
-0.2314321338589847,0.40036954350773346,-0.014603287149740796,0.4626768418093688
-0.4694071841360048,0.4677621489412702,-0.046696780151688766,0.6643230552804738
-0.430237938751882,0.48911903971420023,-0.02553783567196799,0.6519158688076384
-0.3515798039749485,0.45533504173707806,-0.01709718429226681,0.5755264307636041
-0.5468727368435329,0.4480583349795828,-0.035264596400539805,0.7078627364162525
