0.5677171365229441,0.5275304254353572,-0.473979067143203,0.9084312043031992
0.5819871189890466,0.6000000238418579,0.471812983720612,0.9598523463985215
0.6000000238418579,0.6000000238418579,0.6000000238418579,1.0392305258366357
0.6000000238418579,0.5918138514702351,0.5794937015292136,1.0227690910045595
0.6000000238418579,0.6000000238418579,0.6000000238418579,1.0392305258366357
0.6000000238418579,0.5313633968767093,0.5520430563121406,0.9731899219438283
0.6000000238418579,0.5988330796225116,0.43724543350322875,0.9538263232789489
0.2662723125420827,0.5322507582532083,-0.5053586773598101,0.7807555359204829
-0.39987246761214007,0.6000000238418579,-0.5771745050938779,0.9235953812654192
-0.318768441939907,0.6000000238418579,-0.5928403752254306,0.9017056386007882
0.2585689458291408,0.6000000238418579,-0.6000000238418579,0.8870501434347741
0.4256736698999666,0.6000000238418579,-0.6000000238418579,0.9493145582295501
0.4998752184382931,0.6000000238418579,-0.6000000238418579,0.9848224668584645
0.5096548640051213,0.5049600998702835,-0.6000000238418579,0.9352715175152696
0.4877960538681594,0.5504460287927824,-0.4589020760425958,0.8669065325508266
0.49570220382566843,0.5651905231547196,-0.5674112022635467,0.9418686080317645
0.39799438578783397,0.5630797740530509,-0.5722456680812089,0.8960599688101122
0.4416156268218001,0.515507527019881,-0.6000000238418579,0.9059649004666764
-0.21154064388901267,0.5697367905285258,-0.5470000104025586,0.8176542459249647
-0.5905361586539807,0.5363530322532195,-0.6000000238418579,0.9982021631389368
-0.5602053654581138,0.6000000238418579,-0.6000000238418579,1.0167743646987364
-0.6000000238418579,0.5788309729370793,-0.5100379103167861,0.9773351491693266
-0.6000000238418579,0.6000000238418579,-0.590957478277145,1.0340361687833468
-0.5369760230020466,0.6000000238418579,-0.5630113400369419,0.9825095658056046
-0.5309312604306424,0.5497112816276954,-0.5296656600269896,0.9298474110643427
0.45800681661118703,0.5406984039478766,-0.4963712135253378,0.865164371498683
0.5527884149105573,0.5670879623913043,0.5111462298941918,0.9425679058208453
0.5459180033441917,0.4773069338357687,0.6000000238418579,0.9411951997716743
0.5991649025238144,0.5209878411687163,0.6000000238418579,0.9952019592385465
0.5841640145797664,0.5412006355201224,0.5141323682957522,0.947880697106304
0.567384799208376,0.5192170661878599,0.5751044225060518,0.9603421103853964
0.6000000238418579,0.5704308539969323,0.4651486649329639,0.9496076391282972
0.5942412951442564,0.6000000238418579,0.06859653767425744,0.847247443457842
0.04744192727178642,0.5099577199850991,-0.6000000238418579,0.7888647800769738
-0.44079113547922844,0.6000000238418579,-0.6000000238418579,0.9561887273637604
-0.2596383495069356,0.6000000238418579,-0.6000000238418579,0.8873624568095868
0.33247863582506476,0.6000000238418579,-0.5487090801567038,0.8784211555607834
0.4306509353416901,0.5069334773793837,-0.6000000238418579,0.895791162720897
0.5635292344367029,0.6000000238418579,-0.4840375256743158,0.9549123273557423
0.40104356951640363,0.5598455059950307,-0.5490049387649054,0.8807209308410626
0.464155852407766,0.6000000238418579,-0.5698575318901875,0.9487772607870543
0.4765716155039794,0.5082319267591091,-0.6000000238418579,0.9194673592311905
0.5503279430908268,0.5612951973268707,-0.5951188959697244,0.9859409940909318
0.40333690049904614,0.48212670970588256,-0.6000000238418579,0.8689803496778439
-0.06278881613900567,0.5942874131830203,-0.47822530804621,0.7653884047696281
-0.5719663157480674,0.6000000238418579,-0.6000000238418579,1.0233012868021216
-0.6000000238418579,0.5260033712562155,-0.5542818376946044,0.9715492425920788
-0.5765860985878601,0.6000000238418579,-0.5576976650711726,1.0017376120126653
-0.5746783590920195,0.4687730984031493,-0.6000000238418579,0.9539410164184234
-0.6000000238418579,0.6000000238418579,-0.6000000238418579,1.0392305258366357
-0.5504472430083728,0.5290009675339842,-0.584173297037692,0.9612973691627881
0.5195693420563323,0.5383646572102352,-0.6000000238418579,0.9590562204314063
0.2852226475448366,0.6000000238418579,-0.4922159537369183,0.8268183188559989
0.5279168292100831,0.5491329513529042,0.6000000238418579,0.9696613869980639
0.552535859444184,0.6000000238418579,0.5400507102512269,0.9782385569097181
0.5149350260526828,0.6000000238418579,0.6000000238418579,0.9925513277792425
0.6000000238418579,0.6000000238418579,0.6000000238418579,1.0392305258366357
0.593833660372586,0.5334165782947557,0.4929049502865084,0.9381508152787239
0.5188871611055064,0.5112243782220682,0.31568693044074236,0.7938844304429771
0.1196249321884838,0.6000000238418579,-0.6000000238418579,0.8569190052867071
-0.46961127417676657,0.6000000238418579,-0.6000000238418579,0.9698117374286549
-0.09515183044423303,0.6000000238418579,-0.6000000238418579,0.8538465483079195
0.4330757149383915,0.5373132870512596,-0.5960625456294955,0.9118940188495276
0.4467036085371814,0.5216634766655572,-0.5902881738366225,0.9056031277211394
0.3865175809860675,0.5287125507809087,-0.5067907509891099,0.8281121101956438
0.4587758551988248,0.4930963113375455,-0.5967891415924591,0.8998758453757779
0.4223957962805136,0.5861380047645768,-0.5070846243147108,0.8826725245306096
0.33887928807696166,0.4896845289849425,-0.5894259147702793,0.8378860416652936
0.4926182967620294,0.5162157471755733,-0.5642821301885946,0.9097064396754243
0.34514167614444946,0.5395036577940111,-0.6000000238418579,0.8776029865463925
-0.1880054290128455,0.397381241528735,-0.6000000238418579,0.7438130955202745
-0.6000000238418579,0.5302062075063947,-0.5788554231309129,0.9880244187147462
-0.5850071797828558,0.44673011233516924,-0.5909734954236951,0.9439549067396089
-0.5572199222426434,0.6000000238418579,-0.6000000238418579,1.0151325524110424
-0.6000000238418579,0.6000000238418579,-0.5848137383065429,1.0305373189421787
-0.6000000238418579,0.6000000238418579,-0.5238817774543545,0.9972222289786735
-0.6000000238418579,0.6000000238418579,-0.6000000238418579,1.0392305258366357
0.37719475000988234,0.49417052748389834,-0.6000000238418579,0.8639909827532704
-0.1576467880918357,0.4959130602082842,-0.4833006110254577,0.7101843096678483
0.5188150459337584,0.6000000238418579,0.49697337378953366,0.9360297082642353
0.5646304103656563,0.5436740965242626,0.5143543627799627,0.9375230312114706
0.5530484621671778,0.5050220230695128,0.6000000238418579,0.95964049200778
0.5985824076538193,0.5953086901904607,0.6000000238418579,1.0357091116617423
0.5831901784755684,0.5976862504542066,0.5946582298164038,1.0251624498296612
0.6000000238418579,0.6000000238418579,0.42204440754911277,0.9476927451257299
0.43601774555781736,0.6000000238418579,-0.2789493447975811,0.7924167085659863
-0.3471091980278953,0.6000000238418579,-0.6000000238418579,0.9167796095987458
-0.3607091075692036,0.6000000238418579,-0.6000000238418579,0.9220147056874046
0.12649062596998706,0.6000000238418579,-0.5049855729701191,0.7943615901945843
0.38179895210686465,0.6000000238418579,-0.6000000238418579,0.930467891466632
0.47457766973721816,0.5387358905276414,-0.6000000238418579,0.9356603833475312
0.39909527999380845,0.5504983961849468,-0.5904526849752811,0.9005331198296116
0.4704706819893858,0.5844032267543755,-0.6000000238418579,0.9606611383118991
0.4476096043746056,0.4179580039909001,-0.6000000238418579,0.857346650800409
0.41230647955059174,0.3832234130295903,-0.5544007823810398,0.7900740755639054
0.4710888298644471,0.3894216164931452,-0.518693458842509,0.8016338224284164
-0.2290842391462246,0.5409801324440175,-0.6000000238418579,0.8397256224116193
-0.43562038967631633,0.4776879433414212,-0.5520791868590766,0.8501425313901674
-0.5794494808668185,0.5447213297081708,-0.5709833706465237,0.9790327050056749
-0.6000000238418579,0.5399329028369004,-0.5724060356981617,0.9895333434906562
-0.5783508840575754,0.6000000238418579,-0.5806019887740754,1.015671424757446
-0.5370794182745553,0.5990904763126972,-0.5708051969335703,0.9865000117532088
-0.4921957873928793,0.5180290447228606,-0.5224811591524564,0.8852103399605488
-0.391572039049216,0.5606183336935666,-0.4747984593374869,0.832499342238637
-0.374753761607156,0.6000000238418579,-0.6000000238418579,0.9275992879790137
0.47258000892781826,0.6000000238418579,0.6000000238418579,0.9712527590996469
0.6000000238418579,0.6000000238418579,0.6000000238418579,1.0392305258366357
0.6000000238418579,0.6000000238418579,0.6000000238418579,1.0392305258366357
0.5126032373787355,0.5423626698324879,0.6000000238418579,0.9575590703498216
0.5077425710903816,0.6000000238418579,0.5881112113824529,0.9816706902324411
0.5697444001145522,0.5685437310439334,0.46306904633207147,0.928592266413059
0.5388883741705317,0.6000000238418579,-0.18628925247622174,0.8277103321902769
-0.3664556594941289,0.6000000238418579,-0.6000000238418579,0.9242779925951591
-0.4409525168159757,0.5826703302904608,-0.6000000238418579,0.9454860466962842
0.06902739804798297,0.5580198547796793,-0.6000000238418579,0.8222839951135126
0.35970038491051926,0.549557731774309,-0.5537706636981976,0.859104193582153
0.4540949439509463,0.4135732286177236,-0.5422400342705731,0.8193102515633826
0.41013299025878447,0.34682084669637026,-0.6000000238418579,0.8052911262469178
0.33810088107449576,0.36925864129532204,-0.5820181259379458,0.7677299322515283
0.4336026725555626,0.3943919328991614,-0.6000000238418579,0.8387826315521162
0.41295813025931283,0.44408266381091943,-0.49888910805067244,0.7852605757175546
0.49262951963463,0.278778065047396,-0.5576085715280653,0.7945617485183804
0.2987474535211565,0.3046547519697894,-0.5455583499464779,0.6926026798096244
-0.3182278381937548,0.4609841956638865,-0.5969332888347493,0.8185992529757288
-0.5529157058561489,0.46820479401049386,-0.6000000238418579,0.9407079969507235
-0.6000000238418579,0.5181208541838158,-0.5309739990002988,0.9541397359741216
-0.6000000238418579,0.6000000238418579,-0.5255764365225184,0.9981135445670342
-0.6000000238418579,0.5993675343527449,-0.5061322462472774,0.9876291411950305
-0.6000000238418579,0.6000000238418579,-0.38549680912453776,0.931991334222406
-0.5678079892927622,0.6000000238418579,-0.5920021407803487,1.0163033385773341
0.36385488765137164,0.3252907551480807,-0.5286637571734628,0.7195066523676922
0.6000000238418579,0.6000000238418579,0.45311201174369975,0.961930638043556
0.5196693535243424,0.5702591247104043,0.5116131595986213,0.925742799800446
0.48041770023980424,0.5643032840113205,0.5135953925514511,0.9016759896435873
0.6000000238418579,0.6000000238418579,0.6000000238418579,1.0392305258366357
0.5716519280931096,0.5926055780378894,0.5723545406386625,1.0027746597336238
0.5550716710101722,0.5467878982819709,0.44148458117074907,0.895539056142808
0.558718501790876,0.6000000238418579,0.30659556553898937,0.875309792965807
0.17533489139147407,0.6000000238418579,-0.5706399453631695,0.846387795276829
-0.43928565997682867,0.55575033843053,-0.5541798100450251,0.8994140267910362
-0.4010725978645142,0.6000000238418579,-0.5328598365018702,0.8971058258225839
0.24262184972905876,0.6000000238418579,-0.569470073874626,0.8620681850149395
0.27825128528603904,0.318987818867255,-0.47090082303807246,0.633186063876137
0.4582737659450038,0.2670691375578156,-0.4961083827650904,0.7262673724180957
0.3706355460476036,0.36702706919629025,-0.6000000238418579,0.7950343427343588
0.34649253785043344,0.2119442676408133,-0.5237918357661953,0.6628237613326453
0.24906100560858113,0.21195714943438282,-0.46049080545528415,0.5648088168752001
0.3918546409923238,0.26815341768270684,-0.6000000238418579,0.7651511900875339
0.32728138917565697,0.3625372898935424,-0.6000000238418579,0.773657820276078
-0.013144285155688329,0.2053338606444558,-0.5825809912407055,0.6178473742878687
-0.5292147189493704,0.5255224388657544,-0.49329354574871864,0.8941926944352737
-0.5289353620775967,0.5543733754806712,-0.5158544901972276,0.9236927583101608
-0.5597714275368626,0.5459599822993912,-0.5227080517613067,0.9405530610949653
-0.5343246344400152,0.6000000238418579,-0.4123531628637612,0.9030714116300181
-0.5750744091848334,0.6000000238418579,-0.41111440791312637,0.9272139241314681
-0.5334641673483105,0.6000000238418579,-0.4787119876577863,0.9347455341332874
-0.5435285900217006,0.4893201536580243,-0.47747059143655324,0.873404663734779
0.3976536812565078,0.19223101893431715,-0.41829392240376784,0.6083181900759729
0.6000000238418579,0.6000000238418579,0.4061372661619118,0.9407165014954992
0.5720413071451216,0.5599567566559707,0.5035490381652994,0.9456978694288
0.5724014536016948,0.6000000238418579,0.5487022260607504,0.9943427907817233
0.6000000238418579,0.6000000238418579,0.6000000238418579,1.0392305258366357
0.6000000238418579,0.5824345325162239,0.6000000238418579,1.0291890214571142
0.5878449545718256,0.6000000238418579,0.3894143896754,0.9258538146554488
0.4834791978516779,0.6000000238418579,0.27632882618860777,0.8186023354158635
-0.06533191908102864,0.5094568536039819,-0.4462682763334759,0.6804189296283067
-0.3675821757895095,0.5157172196443447,-0.6000000238418579,0.8723995272844164
-0.07439237668394161,0.587293378759405,-0.5401451872603672,0.8013766665955907
0.2795872546196595,0.6000000238418579,-0.5552555026813962,0.8639894298045309
0.41212470939294366,0.2441925736685816,-0.40249540611712487,0.6256830995579896
0.33985486078270966,0.141746099924966,-0.5129494794913048,0.6314352316366056
0.28058371533974735,0.25323084063120904,-0.4187252879718737,0.5640779615866709
0.3683732262823717,0.1501822969960238,-0.42702734394289693,0.5836145205935255
0.3326239835393595,0.10229538905646163,-0.5370103924032037,0.6399087611502501
0.3705537641193364,0.20536034339071263,-0.47416949686824506,0.6358613642145943
0.3551709403922816,0.19966721005754118,-0.5212178394594698,0.6615749601081479
-0.12360529316642,0.31750396709622297,-0.5006195919547246,0.6055633851790505
-0.5658850375669101,0.48734474671830785,-0.5435960489498493,0.9237031137383492
-0.6000000238418579,0.6000000238418579,-0.5093669982669062,0.9896740858201243
-0.5734474797788182,0.5696436698575464,-0.5065764668633006,0.9539159498892741
-0.6000000238418579,0.6000000238418579,-0.40430324493234193,0.9399261519307149
-0.5942424779128803,0.5801861354791915,-0.35579112133121393,0.9035083820178103
-0.5374990336927813,0.5081469353127352,-0.5284279502955989,0.9090404929055728
0.34184150502744715,0.08647314397977002,-0.4895216487520533,0.6032948398470726
-0.254358459400907,0.6000000238418579,-0.4706346978708057,0.8038627204435951
0.45655071243481293,0.6000000238418579,0.6000000238418579,0.9635551931494093
0.47764831587329937,0.6000000238418579,0.4493274169508068,0.888843670107693
0.5697404698751016,0.5439403862146794,0.5225553011209552,0.9452721245749758
0.5127474884608123,0.6000000238418579,0.6000000238418579,0.9914181984124212
0.5591883440224366,0.5720079573651207,0.43665847812615044,0.9113480860236765
0.5594099301397,0.590821760864384,0.4723596033139501,0.9408152942489337
0.41018154456222056,0.6000000238418579,0.02276303998075635,0.7271637257859089
-0.23373204998281222,0.6000000238418579,-0.4390466710727026,0.7793540140266294
-0.45712862421971345,0.6000000238418579,-0.5753727890006742,0.9486940782010039
-0.0014932421551027142,0.5663862571573668,-0.5263151830587286,0.7731774013685395
0.4929402776038181,0.1670762830248872,-0.38994591043053917,0.6503556063378277
0.30271816720319356,0.11233203830758787,-0.38202773939393786,0.5002019284765309
0.3568531500977157,0.31160033573297075,-0.385785268424058,0.6109576198858522
0.40410908315085603,0.10580431937831303,-0.37027923968045895,0.5582162846267317
0.3848096389200092,0.19586709691372917,-0.3489316717710817,0.5551537529586934
0.47185282452410093,0.1823127923652197,-0.3666621870959272,0.6247593150304719
0.3269523320776223,0.056937537528198634,-0.4144721715246458,0.5309678818903515
0.3716316756762805,0.062143451029881835,-0.5059324945246886,0.6308245397000957
-0.1760429910107275,0.3644586901933745,-0.4204479503752552,0.5836075312367262
-0.5693065982567145,0.5035029523673609,-0.4418185602782472,0.8791068570245736
-0.6000000238418579,0.5364870415646046,-0.5023503682111057,0.9487751402828836
-0.6000000238418579,0.594332334029037,-0.3323845556511974,0.9075849517913332
-0.6000000238418579,0.5738037430107243,-0.41289318633975286,0.9272170983265685
-0.6000000238418579,0.5361071747881934,-0.34901623069724313,0.8770537388094983
-0.5748665623082466,0.5543413450769588,-0.4220157978608968,0.9032514738244286
0.18229327581750376,0.16808880988845343,-0.46773354351236807,0.5293952721215306
-0.22434818496167874,0.6000000238418579,-0.5181691025442958,0.8239122256268507
0.5860176521139275,0.5754252854390174,0.5886017300643862,1.0104370066196524
0.582076311334143,0.5895723015730552,0.6000000238418579,1.0229410342775098
0.5284115300533485,0.6000000238418579,0.5946913535823044,0.9964319242823889
0.6000000238418579,0.49679459218358724,0.5462273102878428,0.9514037891123716
0.40374390120510717,0.5520151428937163,0.33709836364422796,0.7624730569114594
0.5012154324623288,0.5949319515392402,0.29840866393309295,0.833191855103626
0.4927355478487605,0.6000000238418579,-0.11289670389168743,0.784559758382786
-0.4844976773606895,0.6000000238418579,-0.4694982555903944,0.902865792895354
-0.22140401416663602,0.5924020980469467,-0.5109362758679623,0.8130288194506679
0.3243581768953072,0.1649910195799691,-0.42659435198497386,0.5607254271088168
0.35746186983642714,0.20390547883779275,-0.3948072042857881,0.5702886648382417
0.5158395554509105,0.13543138323283754,-0.4870481194622647,0.7222520177914916
0.3338161734026537,0.0966567051865771,-0.3055468239690765,0.4627468183794517
0.43357230166017935,0.1893663712936453,-0.29297083158562437,0.5564858232729748
0.32129396738531046,0.08501451194080922,-0.38354246750080945,0.5075057685340496
0.3814585667742798,0.06083003206350912,-0.1733192090197166,0.42337982850102274
0.32149495504671644,0.0378755174048967,-0.3512815945231653,0.47769479753281424
0.3321880858447541,-0.016997594641463665,-0.40261570073855163,0.5222425155825521
-0.012659843860214237,0.27181304418544106,-0.42742331152712904,0.506688553129769
-0.46473464743675275,0.5675700978144576,-0.3230634160451023,0.801551045940311
-0.5081459961659195,0.5060599979055114,-0.30589202236562923,0.7796659568344095
-0.5992371452333154,0.6000000238418579,-0.3684739848722418,0.9245854543335801
-0.5893083414049487,0.6000000238418579,-0.376983118036334,0.9216293295810839
-0.6000000238418579,0.5387762527606499,-0.2677931690894807,0.8497017480033949
-0.6000000238418579,0.6000000238418579,-0.31367315367471077,0.904649603192694
0.2489230460823415,0.061881062462483816,-0.3564569732380807,0.4391509108865096
-0.508223356438551,0.6000000238418579,-0.40987022045752697,0.8867269062444187
0.47506500952190134,0.5732934933542855,0.5855442772248673,0.9472139638884114
0.44908511385602656,0.49533796940673414,0.6000000238418579,0.8983524764997852
0.5772332567023077,0.6000000238418579,0.5306506096250743,0.9873136941969585
0.5551102418274743,0.6000000238418579,0.540121215416383,0.9797338090189895
0.527140699428416,0.5336419206162064,0.426107753471505,0.8626811890851487
0.5280370276728801,0.5516747679220864,0.36178793541236653,0.845019918324675
0.4863494033478035,0.6000000238418579,0.16598036411687644,0.7899906657798973
-0.05574622300649279,0.5755662530451338,-0.39757713539042816,0.7017490517337116
-0.2605278866198527,0.6000000238418579,-0.4609540674181015,0.8002208823731911
0.17329027492450444,-0.021827942540024403,-0.3918505312626246,0.4290137728671914
0.5156058407711783,0.07049116465784988,-0.3010359631184874,0.6011996660202408
0.550808640998727,0.15011537943089237,-0.27929252894483925,0.6355541698903007
0.501965175318428,0.056307486623036196,-0.20455788879421605,0.5449619254133361
0.33778408803491466,-0.0023572064790000624,-0.24979025836653412,0.42011762606058733
0.4230645069644474,0.03170650498854366,-0.2146396093784621,0.47545666619135574
0.486636448795001,-0.028667511632626597,-0.1331067372005979,0.5053258978196203
0.4490199411659914,-0.02126966511933348,-0.09393023145748913,0.459232179404554
0.2991478759376016,0.01180349794276947,-0.30478657112155966,0.427227841061068
-0.0020678476955371394,0.28450298197868296,-0.25717950858015726,0.38351991132454377
-0.49878177582395455,0.47318896170108427,-0.16867535506664605,0.707914139410075
-0.5722159682153175,0.5457696123266238,-0.34782841859079916,0.8638751025461509
-0.5975056726970343,0.511740242051125,-0.18075476335966356,0.807194765045517
-0.5727899993614971,0.5939161554801455,-0.18017633922871584,0.8445639681674334
-0.6000000238418579,0.5681814867219102,-0.23341562290115203,0.8586693679630613
-0.6000000238418579,0.5929024690723212,-0.2780275035493419,0.8881625184459003
-0.01973753738710582,0.14426332067980596,-0.18216106256291348,0.23320404968550956
0.3746982881369305,-0.14712034767572013,-0.16964654919092675,0.436833097973769
0.44154981191580234,0.6000000238418579,0.4838130550801176,0.8882799881113316
0.5964899853152001,0.6000000238418579,0.6000000238418579,1.0372079636224298
0.562243487564364,0.6000000238418579,0.5781399322664416,1.0051684183259115
0.49064064473901836,0.4975100269396424,0.5097869328005034,0.86494345828473
0.4724763941950394,0.6000000238418579,0.5714579732675993,0.9538334167415653
0.4535444868237115,0.6000000238418579,0.3687884359571484,0.8376798556931722
0.37424577366095546,0.5152208507456228,0.15125882511461453,0.6545163529822491
0.14735374865232798,0.6000000238418579,-0.4579364149078178,0.7690376557430387
-0.36820487821311987,0.6000000238418579,-0.46804222061581063,0.8453628695590715
0.1195954092020638,-0.36811480970711574,-0.3970379843693661,0.554482403742449
0.4895287428223216,0.05562554642444206,-0.18220790194487807,0.5252925956030361
0.4747095413575755,0.16197450819318737,-0.17726838404482026,0.5319858738182871
0.4296637108789365,0.03191036066958175,-0.32124604149516794,0.5374273855514216
0.4665255213424675,0.056593534245788724,-0.1405235067839934,0.490505602558382
0.41795623762153533,0.05893174745196461,-0.30334343117397616,0.5197861143402085
0.48144392959882976,0.051732571977474606,-0.1447338508010389,0.5053834226789249
0.415907514330371,-0.020520103621260888,-0.13628705058756185,0.4381487136657503
0.35032722663036,-0.08734833194115665,-0.1993383279489625,0.41242534573048517
0.260880844487719,0.017719982952272617,-0.21411702328812426,0.3379628862437729
-0.4365428906563777,0.5242140772276032,-0.20574786786546295,0.7125323005151399
-0.5312802766650863,0.6000000238418579,-0.2828743106467704,0.8498685996125791
-0.6000000238418579,0.5800500023218811,-0.24011050495026176,0.8683956980497508
-0.6000000238418579,0.5856053334398921,-0.20943525408305047,0.8641740338706718
-0.5246341423091098,0.6000000238418579,-0.23780327827347264,0.8317399900475244
-0.5904568924714173,0.6000000238418579,-0.1492026423350567,0.8549273647257969
-0.6000000238418579,0.4895325535373001,-0.3263095013160458,0.840309490742611
0.4219132357435955,0.11298999249645347,-0.2189521912874463,0.48858732993146053
0.5217214906484571,0.5308795199031089,0.5347766429650784,0.9165219235337485
0.48852677635708486,0.5327926636003004,0.4796567341679039,0.8675234960718743
0.5428405551070832,0.6000000238418579,0.5940866222854575,1.0038001851253766
0.497576060812851,0.5521128241094786,0.4416858962691519,0.8645790523736173
0.3470181474816799,0.49514139777735067,0.4480276468058513,0.7525392818829554
0.4910030281456417,0.6000000238418579,0.48726133096755175,0.9157006098691263
0.43352637318815357,0.5985735871926081,0.23922460492960107,0.7768293680970261
0.262377268099489,0.553323796445552,-0.11933387461842898,0.6238987322953274
-0.2740871099868945,0.5018738571498342,-0.3589658384247203,0.6751722635797346
0.19748885017202866,-0.2587513003955907,-0.22271447161400032,0.39440565065042177
0.5420770151385625,-0.006306063988828714,-0.26350437587083403,0.6027618210268816
0.5023664845084648,0.07081866767671108,-0.12645154605662795,0.5228550104465
0.46257932780589406,0.07086067453541389,-0.053361233809908426,0.47100773983309696
0.4748389706016063,0.03592439190037633,-0.2146474848413213,0.5223372020870333
0.5023223541537352,0.015839302132432564,-0.182419152797327,0.5346544475470933
0.5238182494685231,0.0006304202089995048,0.029448112330839216,0.5246457349733795
0.39680148904857393,-0.005621727828868939,-0.09603625675264227,0.4082964464038437
0.44598913822387165,0.018135126038091753,-0.1038800750916673,0.45828622520335427
0.25993000956577283,-0.02508022826027434,-0.08199551221354029,0.2737076757155543
-0.10275479007579114,0.2624581490429293,-0.14780533372943572,0.3182597108674459
-0.5682261849530057,0.5732923692641538,-0.17188020763116169,0.82528052424499
-0.6000000238418579,0.5965239476169335,-0.14415641180550032,0.8582668115192135
-0.5511231335528736,0.6000000238418579,-0.18416522754931464,0.8352565881126945
-0.6000000238418579,0.6000000238418579,-0.014455662982869932,0.8486512967130461
-0.6000000238418579,0.5733681527363184,-0.11967716856640853,0.8384948967397242
-0.6000000238418579,0.6000000238418579,-0.2016226367666481,0.8721535099265472
0.15226220864638595,0.14353486792970838,-0.3030252344039445,0.36825308033883425
0.0590381290133668,0.4199405540448482,-0.17373825305991336,0.45827999103736083
0.5281246103731052,0.5759354234460106,0.5750397066543924,0.9701999176926626
0.4382289149877856,0.5201286968800984,0.6000000238418579,0.9069611192657551
0.4848793549685204,0.6000000238418579,0.6000000238418579,0.9772962939125209
0.5360257388871816,0.5335247255258602,0.6000000238418579,0.9653871006530093
0.5113719561801069,0.5934521807253939,0.4771419147663716,0.9172519693094772
0.4130564398330361,0.5081848720630064,0.2668179094886961,0.7071486997125532
0.3790496569502835,0.42958098157249713,0.07895228385727449,0.5783181868912626
-0.10425811002569774,0.08702117183792968,-0.2283584990793116,0.2656878656542917
-0.205843769838304,-0.4138672440027179,-0.34570470451768703,0.5772083644277093
0.4059060555621734,-0.16149501747077838,-0.20727571260291044,0.48353240599258035
0.49315197684999545,0.02364153897252408,-0.17625126950301012,0.5242349708265088
0.5479722317590978,0.0023131711441944924,-0.15257777159912123,0.5688223746706368
0.41401660293313625,-0.05319685772259097,-0.07655638346731752,0.42438253148008664
0.4707487798425769,0.0014479180632910316,-0.15620553207797183,0.49599060317888605
0.46482155778986667,-0.03165812459823525,-0.1453967589401295,0.48805894618331697
0.393314538866812,-0.07197946882081929,-0.11835046747027111,0.41699424884064284
0.38655646868695503,-0.09880895786431654,-0.06264499540438573,0.4038731348916101
0.3967320894835761,-0.11635850186101093,0.005116861655696692,0.4134753125091589
0.053101188493777096,0.15479164918287125,-0.15502334169529924,0.22541612042305723
-0.4436061766999365,0.4815528515224974,-0.002224762791240509,0.6547400540560054
-0.6000000238418579,0.6000000238418579,-0.16508188146643804,0.8644374383429718
-0.539602833194016,0.5989260730727737,-0.18528872999734264,0.8271732418673918
-0.6000000238418579,0.6000000238418579,-0.09748129178028453,0.8541092784109146
-0.6000000238418579,0.6000000238418579,-0.07703564474344737,0.8520179269132185
-0.6000000238418579,0.583379536303114,-0.12271512022468928,0.8458077279850464
-0.4099377153910928,0.4778361724374949,-0.09223031285699168,0.6363039908718807
0.5417924170504846,0.008699223069699058,-0.12182470369915849,0.5553881148231482
0.4442909396721124,0.6000000238418579,0.33109641141498936,0.8167124961311922
0.4352663464124047,0.5769297744352821,0.49236337044963796,0.8744863895508475
0.5780591786597145,0.6000000238418579,0.5323324958828353,0.9887013344867208
0.5843481111158073,0.6000000238418579,0.4712421387854737,0.961005669568057
0.4756984777286517,0.5366536884181723,0.5428253688340399,0.8994140337219544
0.3160939071438288,0.5406441110783862,0.5317618687391452,0.8215729413887349
0.4140661578077205,0.556150108840683,0.15574878288071792,0.7106415481619244
0.1649104248629314,0.2173866862725139,0.029771456974802102,0.27447906886941204
-0.13327801547388207,-0.4635605463271816,-0.38880383030027077,0.619531942659919
0.1006540268727193,-0.38831871385962946,-0.17605542587289746,0.4380846603552539
0.4295876312102149,-0.1949357852968966,-0.07189842352138032,0.47719479940898474
0.45580571168760575,-0.056105586948285824,-0.1349523599976939,0.47866358035973827
0.40904748088234055,-0.008411096201446311,-0.16516029677716448,0.4412125471776837
0.4629131206112127,-0.0485730990760701,-0.08427781225675601,0.4730228882693203
0.4289204371479003,-0.11033792992814778,-0.132905559148906,0.46239711054099164
0.47516802146883474,-0.10950451402087996,0.07096656629425269,0.492759719081372
0.4436701276713082,-0.07102961079786607,-0.09459048806639658,0.45916854011420505
0.3938282297366694,-0.11216461577643455,-0.07907734940816025,0.4170549157595607
0.3808476970962067,-0.10509968564195393,-0.03640392875859699,0.3967570520287983
-0.13921194030362183,0.32186614225406374,-0.10366194624335273,0.36568234432574415
-0.5745309554379342,0.6000000238418579,-0.13832085204960665,0.8421511179582823
-0.6000000238418579,0.5982952751811801,-0.0737430541291888,0.8505264857408349
-0.6000000238418579,0.5888711369730988,-0.09917833946928478,0.8465255977169885
-0.6000000238418579,0.6000000238418579,-0.06834929286877878,0.851276502116746
-0.6000000238418579,0.5316985075805638,-0.004546292867592117,0.8017006924984329
-0.6000000238418579,0.4751474648430798,-0.12348025388749645,0.7752499694015836
0.3248044144825146,-0.1251206363796314,0.13968204358382497,0.37505220252003146
0.21689641379082714,-0.37272534801933244,-0.08628297363637116,0.4397874383278687
0.5260211536800512,0.588841741809877,0.5036248609625726,0.9365206092746451
0.3564838705540698,0.6000000238418579,0.5969349705258102,0.9183747261396574
0.3788820182181434,0.5201665259103194,0.5280328353975006,0.8324322637095396
0.481797346962608,0.6000000238418579,0.5559004623489874,0.9492913336748923
0.48548399884551885,0.5929458288906848,0.5248936119087892,0.9288663913376087
0.3970652241705237,0.5773784076320798,0.23443373954678126,0.7389085167212734
0.18603091135845906,0.26914055552182004,-0.06148239040842207,0.332902722935374
0.06266521373657596,-0.5101022246911421,-0.2195672963569526,0.5588747679731166
-0.07417597701248113,-0.5209739223615021,-0.19848514348809476,0.5624164431557581
0.37782616367463695,-0.21039306451228268,-0.2677360107533394,0.5086260148734779
0.5576173905701989,-0.10360996991126759,-0.15402679324331064,0.5877043756585015
0.5688998696052154,-0.0553322551563219,-0.10027471232745788,0.5803134825504831
0.5359948208315721,-0.20239227721253583,-0.17730053159213488,0.5997404107915345
0.4011853761621851,0.05360877018441357,-0.1477652763482331,0.4308807064389736
0.37035167496265187,-0.10334403843233542,-0.0710575067654462,0.3910108984348994
0.5007502268004875,-0.02766191740777424,-0.06478198381464118,0.5056804096881494
0.46611642302321754,-0.10695590629598462,-0.0021080395264294616,0.47823480585816786
0.442008227193994,-0.2136993686874083,-0.06978995274247268,0.49589245869278037
0.3743978259633933,-0.06174449302405394,-0.03155827839467917,0.380765071192394
-0.3476014871986927,0.4434907360951026,0.10046227006742314,0.5723665736326841
-0.512807281322871,0.6000000238418579,-0.02585234924012303,0.7897086047075956
-0.49022000428962004,0.5450865509543552,-0.04901937779605914,0.7347366195015346
-0.5398524749154355,0.5132830938177257,0.042863970724818845,0.7461484765498857
-0.6000000238418579,0.5933695338091116,-0.03630727228051611,0.8446334413717728
-0.6000000238418579,0.5127552512499407,0.008362664341397319,0.7892958320233971
-0.6000000238418579,0.5840832479059885,-0.046942352906876206,0.8386637309381348
0.4951144407378463,-0.1610151237047685,0.06702767844953883,0.5249351285322282
0.2983990118338484,0.35583428676400575,0.1414563846632727,0.4854584623448948
0.46694989797525954,0.5992072340525931,0.48629233772309943,0.9019821252598421
0.4437960125495004,0.4697423051921963,0.6000000238418579,0.8818235439430867
0.5241101653326252,0.5824924616616998,0.6000000238418579,0.9869087910784504
0.3835093582856066,0.6000000238418579,0.47773484217838,0.85750220753889
0.40452408874278056,0.6000000238418579,0.5628159908984949,0.9167342071693746
0.2882340148923749,0.5600431580805076,0.32792348312790387,0.7101133691464363
0.3056607886305399,-0.353632319411984,0.016568258274064274,0.4677166259832754
0.0752298768506049,-0.5245506644765684,-0.10451133847506466,0.5401254982350084
0.2889639146811732,-0.3863000758820929,-0.17650369865931959,0.5136939246816132
0.592503614302772,-0.17528638733937502,-0.13116757317726058,0.6316571718911687
0.4374875492611836,-0.12564195533975975,-0.2013875766792927,0.49773307378645504
0.48067024720572915,0.02008683985442372,-0.13703150898296862,0.5002249515351103
0.46340672774876834,-0.15584078592636857,-0.004587948341208903,0.4889306649730112
0.5467875440210705,-0.21471545976421663,-0.12853618902085762,0.6013326025140818
0.5792788773191546,-0.18063994050660198,0.007806570184269113,0.6068407932501002
0.5156163969457057,-0.03647135092462306,-0.013954229390620188,0.517092978830137
0.5518184270540445,-0.1987782840894602,0.04117980089712625,0.5879729234104891
0.49663068759792606,-0.21012619062078525,0.009356521283879982,0.5393353319960849
0.1620086165950826,0.20445985055088411,0.11164898369391973,0.28375362182398217
-0.4446292156933621,0.43711264191715893,-0.17482870122407296,0.6475551528198883
-0.5800507842042941,0.5769625639263061,-0.06953589379973191,0.8210846198504519
-0.5541816193588589,0.6000000238418579,0.011569171393190913,0.816854418836161
-0.5300392503667414,0.5944587065606124,-0.04106377131882544,0.7975017204056541
-0.5888329757141134,0.5930872797896765,0.06360685876459593,0.8381662288702373
-0.6000000238418579,0.5619833269214922,-0.11432150659834173,0.829996804342579
-0.5455235503082542,0.6000000238418579,0.0334035971873029,0.8116106042038903
0.4597026104962465,-0.15602908585078645,-0.06774235370274584,0.4901638422136865
0.3718895548242266,0.5283673312922552,0.3342605063184544,0.7274640636131318
0.4038776063627818,0.6000000238418579,0.4926268014131263,0.8750990315399098
0.4879710746274344,0.565320505715958,0.5652170255540676,0.9365753198927395
0.5249245555935638,0.6000000238418579,0.5903724513936721,0.9920108109491067
0.4055899911294387,0.6000000238418579,0.5214885781778344,0.8924424948894732
0.16936296172709242,0.6000000238418579,0.4426001761883662,0.7645775025314147
0.34675335224203874,0.3624077197675345,0.22475937795221113,0.5496308039181028
0.16152548307765513,-0.6000000238418579,0.010917062233019692,0.6214577158113813
0.03610267451543492,-0.48518610777700283,-0.10748271161848205,0.4982584626314205
0.21865063317734612,-0.5557204603599181,-0.14950341871570988,0.6156172525678423
0.41744433846248663,-0.3183817828761785,-0.16200963538040364,0.5494304845363865
0.5303410642930702,-0.1614116114374226,-0.024492625607130947,0.5549011096505962
0.5285425997252051,-0.17172517773710466,0.015989840437513947,0.5559698655415919
0.43110167288786694,-0.1142477191933347,-0.1107955548534102,0.4595398227388694
0.5762712976724129,-0.1955618733179294,0.011573808947362818,0.6086600100796952
0.4598498856679578,0.039041565201890505,0.040260027561426326,0.46325698157879297
0.5998122872607492,-0.23814671588393005,0.05007818946811271,0.647299361420724
0.47719110780120433,-0.1997226227679489,0.05840044946036871,0.5205872567658779
0.38616768290418657,-0.06378430299616955,-0.0842353999985056,0.4003617354858026
-0.05693127336069781,0.24244382493345562,0.013917464381661193,0.24942709145088748
-0.6000000238418579,0.6000000238418579,-0.0005436561357936576,0.8485283453028862
-0.6000000238418579,0.5324758343842775,0.05851211894803088,0.8043346386158258
-0.5908969035581347,0.6000000238418579,0.05275416911960373,0.8437666630083944
-0.5890785130494939,0.6000000238418579,-0.009328985979029203,0.8408927120187389
-0.6000000238418579,0.5399251781015724,0.08739281850005953,0.8118846785619427
-0.6000000238418579,0.5603118094119035,0.02443983743351441,0.8213078947815173
-0.44724017868657184,0.46071445233864905,-0.013142487320795038,0.6422260575516033
0.4223448001302941,-0.35995960098795965,-0.057518392986511846,0.5579017924978015
0.3622276864204611,0.6000000238418579,0.507000067420688,0.8650190713413966
0.3462645849323601,0.47094315791269525,0.5237718306733152,0.7848716782825315
0.46223954977916626,0.5129903593526086,0.6000000238418579,0.9147811425576037
0.3914531898790655,0.6000000238418579,0.5495760297105121,0.9029227214491258
0.4883767795949592,0.4848222921359271,0.5181564292277141,0.8614236001814047
0.33654332900661177,0.5043011541033391,0.3861428056092877,0.7188096637167759
0.23018572421324857,-0.44537855965993434,0.27314083191062044,0.5709233250561421
0.20135911587360378,-0.5818880638933632,-0.021923428100185105,0.6161329800835451
0.10974423241917575,-0.5123534926040657,-0.20058694580579423,0.5610570565999105
0.2677570534430932,-0.2818834512847785,-0.0793909274639345,0.39680604725776203
0.5611065160647528,-0.20747957364474895,-0.05838867149675919,0.6010803047923696
0.5373068943509622,-0.08413616429789761,-0.019812897623491255,0.5442151631221588
0.5191751888374263,-0.0871645473627164,-0.014851401686282961,0.5266508322915401
0.530605367139495,-0.11566321955254738,-0.031316579540554224,0.5439676131431163
0.5659197053869363,-0.13476592207349158,-0.001837746388617556,0.5817476635185946
0.5409638826525658,-0.22407845345894356,0.08864489126568342,0.5922085716929432
0.5035961491066085,-0.11491478400537514,-0.03533251412305305,0.5177478880036723
0.45098612803196336,-0.1437734363479109,0.09870138669834172,0.48352999122363116
0.35085858332034847,-0.11282776970448521,0.24223651665587154,0.4410333106553524
0.034826795738091665,0.18842810693796508,0.17565408227499302,0.2599469442126181
-0.4709928951588711,0.561162954410924,0.1418583174317838,0.7462318345647744
-0.5589357928661293,0.5950879252628123,-0.057772030263562923,0.8184598138096097
-0.573827172146418,0.6000000238418579,0.17324856711768943,0.8481112651722752
-0.6000000238418579,0.5586183380691097,0.03623565765833492,0.8205897264304838
-0.6000000238418579,0.6000000238418579,0.01868437242194232,0.8487338587527081
-0.6000000238418579,0.5146908220246416,0.06960507345047218,0.7935688609923381
-0.6000000238418579,0.6000000238418579,-0.011311138396612685,0.8486035582486604
0.3440693787106194,-0.4035894668305512,-0.16500933186427824,0.5554244095330846
0.3855961905748748,0.6000000238418579,0.5232784309465359,0.8845929951621557
0.37477654968097285,0.554043670836345,0.5385311268587305,0.8587418855397243
0.33004218729999424,0.44891917371276624,0.6000000238418579,0.8188139584392461
0.5923311428488571,0.5758484948142846,0.5848483363303834,1.0121784666139304
0.3556012119699583,0.4794117719191511,0.3998047991943856,0.7184230971148036
0.23760279297252207,0.5029964618802523,0.4868906916446949,0.7392719888529827
0.10994072361272877,-0.5349458206990823,0.08287883090700043,0.5523793030195975
0.07464771318138064,-0.549417870633686,-0.18093494726091663,0.5832407159956976
0.056106052574325216,-0.4728697623944119,-0.15578464572700645,0.5010215136765181
0.43968022434895193,-0.4776943845758587,-0.14983671477582022,0.6663044843265454
0.46233918517431194,-0.2086377274409933,-0.0933704526288529,0.5157569823894833
0.5753745503386773,-0.10695988923388511,0.048246393818940136,0.5872171707289326
0.5173155780006289,-0.1924649783802262,0.04578354122655659,0.5538540491792666
0.5961205743330127,-0.07811585628884399,-0.01719725808580408,0.6014628598945491
0.5443537649252383,-0.10598487637786985,-0.04185405765606198,0.5561524768904577
0.5486269348344157,-0.23102367634279908,0.0568472330628601,0.5979925255081804
0.42324037744292364,-0.15021646239928393,0.07065686678792715,0.45463149417750504
0.4274271954475499,-0.23733709374512613,0.19295281936278819,0.5255984151189858
0.2949256999368707,-0.066173492994556,0.1124077168881431,0.3224834793820585
-0.2307693444021196,0.4730510921171922,0.2631735205350457,0.5884659106353252
-0.5880733593233541,0.6000000238418579,0.10456564974899185,0.8466193239369827
-0.6000000238418579,0.5644949660841343,0.12133283850033827,0.8326921718396944
-0.6000000238418579,0.560104711696366,0.04910870988171334,0.822270625804513
-0.5653878602043894,0.5869977546351652,0.07712903392870774,0.8186444187118114
-0.6000000238418579,0.5549535790995455,0.10832101336064803,0.824443415584783
-0.6000000238418579,0.5053063194208973,0.0035884433837430896,0.7844408084634827
-0.2581103619189838,0.4617752415220293,0.17683075757732847,0.557787100458633
0.447462976970872,-0.13928635896803226,-0.0021371729672921003,0.4686452528965793
0.32665300264851604,0.6000000238418579,0.43467783305609875,0.809720341414162
0.4350626829192148,0.5028103740745749,0.504483098240988,0.8346262677131037
0.3462407122752037,0.6000000238418579,0.6000000238418579,0.9164511378449484
0.48420445388524147,0.6000000238418579,0.5346526398256033,0.9382469968217438
0.32203233399871145,0.5849496942553314,0.561808246026207,0.8726393723945227
0.2525494452846263,0.49758024830397685,0.3137844559086377,0.6401781084867707
-0.0009721401547038155,-0.5196703502667283,0.3538388595875106,0.6286971898752327
0.13743432275115508,-0.5584184673691078,0.04347959403817947,0.5767233763830428
0.06730213164972287,-0.5902161946818778,-0.20912012002980995,0.6297745294870498
0.3186115870560555,-0.4211412218561147,-0.16478555524202176,0.5531975699234959
0.531295361175566,-0.3240507729986822,0.021031402364376728,0.6226764682988517
0.5491472524211714,-0.08913931124318553,0.006909894061115751,0.556377810742455
0.47955856630967686,-0.17119706225503806,-0.10892347844871181,0.5207198640373873
0.5651892724502774,-0.052262669528837624,0.00206067296587209,0.5676042165913028
0.5099814395034592,-0.2057816547885183,0.07592823308286611,0.5551506594291385
0.4511319963899325,-0.1367813827670098,-0.0620097227655243,0.47547284944135193
0.4369544320775878,-0.2944802915199028,0.1706352784514774,0.5538629939417395
0.2934960438995704,-0.023096546296880738,0.10485486250987397,0.31251867212617407
0.3769258984864535,0.0068376607126287015,0.3105117901577882,0.4884029672113342
-0.10515665388195439,0.3763539692443907,0.15299193944008083,0.4196507661798013
-0.6000000238418579,0.46831299219174793,0.1746537141659288,0.7809103707454346
-0.5970738319045678,0.5485196573845266,0.15645491910807607,0.825741555812445
-0.6000000238418579,0.6000000238418579,0.15346952039609918,0.8622951646107432
-0.5329630254822111,0.6000000238418579,0.05665487727566154,0.8045243254622587
-0.5723191673346731,0.5109460943279014,0.2221413448588032,0.7987251828402984
-0.6000000238418579,0.6000000238418579,0.05569476216848179,0.85035402260086
-0.34021291152200445,0.5722107114555872,0.2074818600598024,0.6972938015819902
0.10649851830916324,-0.5079682250297032,-0.23179875036761732,0.5684226532377675
0.3734950492763206,0.5421550801305752,0.4355558126405237,0.7893918853587605
0.400715438274319,0.6000000238418579,0.5226155391452618,0.8908983627988674
0.27950386474709277,0.6000000238418579,0.5909260479033063,0.8873083078104317
0.25265868179390905,0.6000000238418579,0.6000000238418579,0.8853453940165363
0.24656747561727044,0.5448301190788398,0.35686169107102517,0.6964091076671871
-0.018910448771458088,-0.304894290361361,0.46551596092779657,0.556797308943053
-0.010986431557256426,-0.5344326749884222,0.14312643260234248,0.5533752447328265
0.20088888742936872,-0.6000000238418579,-0.08114247542475228,0.6379188624119028
0.01494578574352834,-0.5137373995146827,-0.07061343604158876,0.5187829502992554
0.37676539146315635,-0.36194522275145957,-0.14119700289713288,0.5411959886253058
0.5099996765475401,-0.19255237052422391,-0.0338858811664724,0.546190752773719
0.5178115598342288,-0.153233356211336,-0.0007304520277153781,0.5400090800291344
0.6000000238418579,-0.26283425152317974,0.022843643122399837,0.6554416102255667
0.4951428233754258,-0.24059819351011763,0.03815214008111323,0.5518237871397799
0.6000000238418579,-0.10129623623087747,0.09451989838542407,0.6157880863377942
0.48966706481208666,-0.2760877002582086,0.14022046454937787,0.5793617447450203
0.5388153274860605,-0.27686517949171113,0.16602793058435084,0.6281254321256305
0.5228369716846979,-0.16167491812997176,0.034606868026841875,0.5483565568381451
0.40182699498234875,-0.0838361370429841,0.23495630038086168,0.47296711815885917
0.01840094603451803,0.26866318899915387,0.21468898740905373,0.3443978299189545
-0.508612192008238,0.5231636160107791,0.04786881315460845,0.7312167628342019
-0.552463082250525,0.5062398405877069,0.022230295066975048,0.7496588687308261
-0.6000000238418579,0.5579329056232163,0.15511536845595097,0.833876449672624
-0.6000000238418579,0.5826218715781861,0.16868853774931802,0.8531729582092377
-0.6000000238418579,0.6000000238418579,0.16937548887946796,0.8652676542282272
-0.6000000238418579,0.6000000238418579,0.12066709739591652,0.8570651116539605
-0.5418902614366605,0.5722258253599852,0.08483459202299026,0.7926439040657007
0.5436724837141764,-0.13093155389954414,0.1294377034184886,0.5740008366028252
0.2932589275965676,0.6000000238418579,0.47407026007670083,0.8189892787543129
0.4885602083560039,0.6000000238418579,0.5477482940555887,0.948008069290499
0.3616690615113599,0.5986892771793786,0.6000000238418579,0.9215385989063641
0.2978407600371137,0.5666076437676211,0.5061070579757727,0.8160255476688663
0.31584132400132126,0.5907668696137156,0.4295064962233157,0.7957619408328884
0.19906084524062972,0.015424433183396813,0.5300441239797711,0.5664008356388839
-0.07750023726233535,-0.5316763702120069,0.3290519453165921,0.6300485950576882
0.04713855207058126,-0.6000000238418579,0.015500447270926587,0.602048449518093
0.013988201407720502,-0.5497352127483309,0.08280599483847506,0.5561126744601899
0.34256591983436513,-0.4817470623196439,-0.1074134854616201,0.6008072056363716
0.46913947635831965,-0.2608494504469986,0.027547464099870744,0.5374878108893199
0.6000000238418579,-0.3131512259824599,0.13952758190823977,0.6910366597060595
0.4775437692625222,-0.28494770922116786,0.05435689841240565,0.5587467413389225
0.5635389977525407,-0.2324171810511383,0.028930909753893563,0.6102712065753091
0.5633210795887076,-0.2558800684606974,0.09684960912431007,0.6262468322730023
0.6000000238418579,-0.2590580043879837,0.07351401491970466,0.6576590215585347
0.5440686493943514,-0.15454894712888395,0.12680287490117903,0.5796335406061698
0.5125599993873671,-0.2756218421316954,0.2473568683509998,0.6323532028482665
0.47412121387395234,-0.0975586989348044,0.17059895972404326,0.5132374014450697
-0.01820782850361702,0.2814127256710095,0.1194660319526002,0.3062625997063691
-0.4963874583659428,0.5395495382060724,0.09604796838858554,0.7394183019326486
-0.5605347640695861,0.5389982385592453,0.043604514160390906,0.7788579309191629
-0.5696352289074548,0.6000000238418579,0.25872386169258255,0.8668462142916706
-0.6000000238418579,0.5024936464956133,0.23548523870668858,0.8172840332634882
-0.6000000238418579,0.5583298905102128,0.19380252894698902,0.8421945829044644
-0.6000000238418579,0.6000000238418579,0.18139420601575973,0.8677003602606996
-0.6000000238418579,0.6000000238418579,0.013486668699022264,0.8486353442162643
0.5711365078372685,-0.09697768248352956,0.22769400657641758,0.6224517187021402
0.19526249971297616,0.19599566541091162,0.6000000238418579,0.6607130793803435
0.359361139790631,0.6000000238418579,0.46291180597530124,0.8387060256807306
0.46111680239760555,0.6000000238418579,0.5800584038533108,0.9534655137677885
0.2795064696938181,0.5745595709587838,0.5161826143728057,0.8213933640843392
0.338081082591709,0.6000000238418579,0.540300614188653,0.8753419907151991
0.18423905520516326,0.14476800146180158,0.48998296871801617,0.5431253201093241
-0.211832608761302,-0.5618708115693882,0.4312068751573934,0.7392639800580478
0.03359782153379487,-0.5846006084731767,0.0752733507075074,0.5903835722356785
0.2338328842174544,-0.5690942443784783,0.032171800425739305,0.6161015350320094
0.14487020654947846,-0.4768924086309211,-0.11850186137223218,0.5123050236960142
0.4287388669725529,-0.4682658494947387,0.0524018933032081,0.6370524941303491
0.5536933950563763,-0.15949145130718595,0.0744702667516306,0.5809988979328514
0.5467630485064823,-0.2043331509194961,0.19376062518357784,0.6150162986851019
0.5200295925484513,-0.20857171821848586,0.13528556630973176,0.5763984066758552
0.5797697508025268,-0.21399674887270692,0.16801882542023183,0.6404357096300196
0.48342193536067923,-0.28527383361481007,0.07357610095876788,0.5661195724981162
0.5153002989880708,-0.21056547797780156,0.10748111296469098,0.566943037965318
0.3780258795734892,-0.15297369450329573,0.23920457812075435,0.47278255787542106
0.37325080496260543,-0.014433473169864874,0.31084688687520357,0.4859529561932757
0.004711234688467569,0.14188223312964576,0.28515784701292524,0.3185400469692812
-0.46717460480693274,0.5038958759109338,0.18309957888059425,0.7111178671098145
-0.5701760980579111,0.5899608591341585,0.1693558303285564,0.8377565251152234
-0.5723110872959268,0.6000000238418579,0.1555244352623959,0.8436396500969849
-0.5329803619572451,0.5378226537368387,0.10647723299922518,0.7646297628602896
-0.5591449553863169,0.44704649034197574,0.18280119613571144,0.7388571735929017
-0.48667819076142615,0.5826439328360671,0.2103594949301174,0.7877694656057371
-0.6000000238418579,0.6000000238418579,0.1935118001836874,0.8703142386694541
0.4953275646005477,-0.29973748618353163,0.21675596818217613,0.6182031273127994
-0.10536076901806285,-0.560923366860765,0.45210457811993443,0.7281033338033125
0.42433667072699044,0.5614209778993102,0.48057057048162766,0.85217556745199
0.4445766759961016,0.5941594015618785,0.6000000238418579,0.9542923262367472
0.361082385856454,0.6000000238418579,0.6000000238418579,0.9221608030036027
0.4028323542916674,0.5613558561106131,0.5570892497772637,0.8875487226463916
0.09391948111501847,0.26143923324533513,0.4390187906499734,0.5195275162651043
-0.14628708851292338,-0.4583185422877195,0.33345430217921124,0.5853610596137676
-0.1392337272549507,-0.6000000238418579,0.07673593127683287,0.620704811133649
0.10067607011078727,-0.4513567112183766,0.041303961132222566,0.4642893161166142
0.24873015361458994,-0.49591649292964296,0.017516155756476026,0.555073574392854
0.493679511416548,-0.5367022679248723,-0.025335123584390162,0.7296647537569697
0.5987560488949957,-0.18273605793908565,-0.003970374822258815,0.6260327761672647
0.48731258066433014,-0.2636098869213005,0.05252676856034755,0.5565274343388494
0.5633037878702607,-0.2825342778519772,-0.017638765088122232,0.630434692592465
0.5805091951246577,-0.22289213679225528,0.09072033210810038,0.628412292150543
0.48989523701227844,-0.221388687935696,0.11927507433162055,0.5506694450848159
0.5749945521470314,-0.27078889024465874,0.14896670006490298,0.6527912651123067
0.42670348000744673,-0.19136990153069966,0.23041218376502237,0.5213329775582028
0.33573144714776293,-0.12204618413997026,0.3142535506948203,0.4757795390633782
0.17001926121618915,-0.036019259826750805,0.3488681023807788,0.38976004043735846
-0.3097913978350016,0.6000000238418579,0.22387156791047924,0.7113994782831167
-0.47872384829097975,0.6000000238418579,0.19855235318790332,0.7928427262006059
-0.6000000238418579,0.6000000238418579,0.20345402335137885,0.872578705240005
-0.5918256640705426,0.5731515887182121,0.08128424754076702,0.8278692464399302
-0.5626762434045587,0.6000000238418579,0.10131774962508766,0.8287761277276199
-0.6000000238418579,0.6000000238418579,0.21155984238540926,0.8745042161880063
-0.6000000238418579,0.5852214583922684,0.17540660249062245,0.8563011503964635
-0.3240270564422892,0.33478865875068287,0.27679455949938847,0.5419337667124979
-0.07149510350861332,-0.6000000238418579,0.11437974877133861,0.6149750445058173
0.39541482538123995,0.5083521605196031,0.6000000238418579,0.8802129468750473
0.41871720530908374,0.5960518237307937,0.6000000238418579,0.9437170673485166
0.19756046922620774,0.6000000238418579,0.506873783384943,0.8099081428742865
0.27596469692234993,0.6000000238418579,0.5746155844163046,0.8754082547084907
0.16154999033875106,0.6000000238418579,0.48076363183271265,0.7856412016192001
-0.3375597276124325,-0.5079448238320632,0.32046548389067964,0.6889503901797667
-0.05480434006403512,-0.5673219549015417,0.26789485523211165,0.629782001698203
0.12816054444272806,-0.5210702764361513,-0.054590105020092095,0.5393694816201676
0.1614304118358808,-0.43902768756062893,-0.09529106112741648,0.47737351690382274
0.3709970065132324,-0.3794160263335282,-0.14530666306378925,0.5501902636463477
0.569152036151958,-0.28853081062947855,0.118483071145836,0.6490164151133413
0.5874812052167826,-0.19025804708537858,0.0371293789945949,0.6186363081393056
0.5332007334121038,-0.23766717779433538,0.10847131412132194,0.5937631981683743
0.496083808814487,-0.23449908312606021,0.1081502974459323,0.5592722522998035
0.41082987869715537,-0.18917152148225885,0.1881752846351452,0.48987446505992743
0.45968793011636633,-0.21601711548766672,0.11735671523807423,0.5212954880773012
0.4293346712233115,-0.1290795955959731,0.26580448071821494,0.5211926936206309
0.3033472195296246,-0.13240937094517713,0.25741736539683047,0.41930356201479746
0.20015819270350443,0.01769501522988226,0.25295786124189523,0.3230543224202284
-0.43196339895878544,0.41419252053465927,0.31985616910129255,0.6785689287161885
-0.6000000238418579,0.5663294130016754,0.2866724313207003,0.8734472597245777
-0.5612845487097601,0.6000000238418579,0.23991004167982588,0.855918922170415
-0.5979706890378589,0.6000000238418579,0.14685313269119593,0.8597295017270606
-0.5937192606096914,0.6000000238418579,0.13663037237116205,0.8550850528944072
-0.48532203391131884,0.5770873926290774,0.14430314164430447,0.7677178726717663
-0.6000000238418579,0.6000000238418579,0.21333147112171924,0.8749344968575745
-0.6000000238418579,0.6000000238418579,0.2187950278781493,0.8762826721125211
