0.6000000238418579,0.6000000238418579,-0.6000000238418579,1.0392305258366357
0.441057945575722,0.5830399546374396,0.6000000238418579,0.945763040443712
0.5327362418457593,0.6000000238418579,0.5177349074402684,0.9549122296673955
0.4216295825270733,0.5984766673972184,0.6000000238418579,0.9465441642581001
0.4086538130818873,0.5906508723158082,0.6000000238418579,0.935877353355674
0.5179382850471839,0.5917770911874762,0.5677306457058187,0.9699372551075014
0.42757448553829946,0.48436282789648466,0.6000000238418579,0.8817183894767372
0.5902096896911369,0.6000000238418579,0.5854048896070647,1.025205536071376
0.40153062050798005,0.6000000238418579,0.5616377415706053,0.9146932931711501
0.5585912120523995,0.5632195128155859,-0.5817026133178098,0.9836759080810935
0.5887211947999476,0.6000000238418579,-0.5456174178409163,1.0021432235305974
0.48887872600585136,0.6000000238418579,-0.6000000238418579,0.9792867128484714
0.5719222903013661,0.6000000238418579,-0.589032648213101,1.016884750310835
0.5514478512855219,0.6000000238418579,-0.6000000238418579,1.0119756864213088
0.5829916704057363,0.5954900343813323,-0.5172010758155586,0.9808081472106164
0.43301655036466724,0.5718864903165239,-0.6000000238418579,0.9351778009055273
0.4370376208775548,0.6000000238418579,-0.4810691640842646,0.8845504232689488
-0.47712064290316575,0.6000000238418579,-0.6000000238418579,0.9734701665201612
-0.5524922933405013,0.45459433247212666,-0.5511423109367017,0.9031398497580942
-0.6000000238418579,0.6000000238418579,-0.544507712280219,1.0082106456257531
-0.6000000238418579,0.6000000238418579,-0.4140879237525791,0.944176289586951
-0.5398192188934239,0.5322270395132063,-0.3093876462614786,0.8187741607640755
-0.6000000238418579,0.6000000238418579,-0.20315171776227192,0.8725082679552223
-0.6000000238418579,0.568923420138226,-0.29120305432893534,0.87662597807874
-0.5868258683689158,0.6000000238418579,-0.2542478395970651,0.8769302095018378
0.4418612386113163,0.5289093014550637,-0.6000000238418579,0.9137759199951814
0.5683266115618391,0.6000000238418579,0.6000000238418579,1.021271361896446
0.5090806854118144,0.6000000238418579,0.6000000238418579,0.9895267563233562
0.48547955209766824,0.5589272722670149,0.546779125594941,0.9203572694205042
0.5413188749194904,0.5840551316042368,0.5214591820257783,0.9518750966467917
0.43903487054345014,0.5382271602578861,0.6000000238418579,0.9178453694400829
0.6000000238418579,0.5596627843701374,0.577669391686265,1.0034562207243245
0.43464258862223404,0.6000000238418579,0.5205634235249865,0.9054835649345168
0.4849991870380006,0.6000000238418579,0.5482387564072886,0.9464618185984904
0.47152676348027445,0.5601409004711368,0.3510486019692943,0.8119916489739255
0.6000000238418579,0.5799672337855046,-0.6000000238418579,1.0277947506604956
0.6000000238418579,0.4611832420001305,-0.6000000238418579,0.9657587897203996
0.5906603503772447,0.5640556745684608,-0.6000000238418579,1.0134290710902667
0.595810529611821,0.522352574906356,-0.5905580165367716,0.9882313345585966
0.5900570156630933,0.5412381550707481,-0.6000000238418579,1.0005528725898762
0.44481381351722904,0.450713851355784,-0.6000000238418579,0.8723544767523888
0.39257119220299386,0.5605116839774893,-0.6000000238418579,0.9101019269473013
0.18553823402729475,0.5582382174762988,-0.5796873281645799,0.8258884562528235
-0.4190366573825103,0.5681061251556061,-0.6000000238418579,0.9264644182481346
-0.6000000238418579,0.49596770262157786,-0.5970506404165375,0.9810471231677679
-0.5428546948645825,0.6000000238418579,-0.48244255327067154,0.9420414351572195
-0.6000000238418579,0.6000000238418579,-0.4323727511340843,0.9523372580886021
-0.6000000238418579,0.6000000238418579,-0.2446589604372707,0.8830957276211374
-0.5660912848545512,0.5650078692356402,-0.23725109462188637,0.8342549472348115
-0.5184448632069101,0.5511582569390652,-0.21265278249085146,0.7859909072494679
-0.6000000238418579,0.582318070420458,-0.24854540546002662,0.8722781565095646
0.15804341977453096,0.6000000238418579,-0.6000000238418579,0.8631209531430046
0.49108423725760897,0.6000000238418579,0.44730333022512747,0.8951223524879753
0.4915982684079281,0.6000000238418579,0.6000000238418579,0.9806471917678312
0.4507370619301385,0.6000000238418579,0.5451145234189991,0.9275310082417547
0.6000000238418579,0.49458694925474056,0.5606105066612128,0.9585929371543915
0.510635044571611,0.6000000238418579,0.5848314800160506,0.9812115151039786
0.36370825611166646,0.6000000238418579,0.6000000238418579,0.9231921537709523
0.5006935464699132,0.593594957052745,0.5432083934589762,0.9476942329883363
0.6000000238418579,0.6000000238418579,0.6000000238418579,1.0392305258366357
0.5739175136127259,0.6000000238418579,0.3258619095764669,0.8919458084180143
0.6000000238418579,0.5395909498320424,-0.6000000238418579,1.0055637475372239
0.5572380560124994,0.5492405172111616,-0.561839057796672,0.9632458272325014
0.5908418298054781,0.6000000238418579,-0.5914249386851477,1.0290177620220393
0.527940757146754,0.6000000238418579,-0.5886825271171044,0.9926069662257557
0.46041656938524245,0.6000000238418579,-0.6000000238418579,0.9653929120233564
0.30505528099381407,0.5403702659186702,-0.593756130756704,0.8588393863595226
0.18446914504024958,0.5503593061132377,-0.6000000238418579,0.8348198966888338
0.07684189785217421,0.5763170944368181,-0.5921042992888756,0.8298394855886232
-0.6000000238418579,0.592225874814639,-0.5459059538760282,1.0043628955151074
-0.5947890249504668,0.49584980581955196,-0.5037139409723665,0.9237795995056002
-0.5871409626980293,0.6000000238418579,-0.5162661532164983,0.9855279192621381
-0.6000000238418579,0.6000000238418579,-0.34729909660046293,0.9168515254499814
-0.6000000238418579,0.6000000238418579,-0.20186564352394498,0.8722097197668669
-0.6000000238418579,0.6000000238418579,-0.23284018931336448,0.8798946590245582
-0.6000000238418579,0.5420079502440258,-0.1445321588109425,0.8213782269262511
-0.6000000238418579,0.6000000238418579,-0.29185102129920787,0.8973165973355507
-0.5695048209611301,0.5522642321498097,-0.5179397985118012,0.9474139317597313
0.4030468645366352,0.534019827994872,0.15829465602510173,0.6875181087292107
0.4800692501320776,0.6000000238418579,0.4486133046917369,0.889786722017724
0.4847043476672943,0.4986137070630796,0.5679054720263077,0.8978143230513687
0.562786862498321,0.6000000238418579,0.5360370936397787,0.9818680394883597
0.378986412985271,0.6000000238418579,0.4684681551170753,0.8503488355942334
0.4507601693647314,0.5714589071643996,0.474021321512591,0.8685886403308498
0.5075984021319719,0.48367129724209157,0.6000000238418579,0.9228185575902821
0.4928738850679599,0.6000000238418579,0.41800837872707164,0.8818478893087229
0.41112114680500134,0.6000000238418579,0.32306652687894444,0.7958596652363489
0.5626745773497279,0.6000000238418579,0.03829305010388562,0.8234494922532795
0.6000000238418579,0.547793921167923,-0.6000000238418579,1.009989226323226
0.5591663975953354,0.5871792350187788,-0.6000000238418579,1.0086855520166893
0.48442025908531217,0.5415222948478722,-0.5586520676933676,0.9165159660189569
0.4546820310227291,0.5878486394533671,-0.552536938307003,0.926066326153697
0.42112295301075764,0.6000000238418579,-0.6000000238418579,0.9472827448934985
0.24005939531873677,0.5455406093014683,-0.6000000238418579,0.8457204610792178
0.047789612459380515,0.5653268901388666,-0.6000000238418579,0.8257592678155844
-0.5204209297576132,0.6000000238418579,-0.530469047840251,0.9551101420551198
-0.6000000238418579,0.5629482070813849,-0.6000000238418579,1.0182881424609667
-0.589945320150462,0.6000000238418579,-0.5807334455522313,1.0223927054515929
-0.6000000238418579,0.5315689781591328,-0.1698825770888695,0.8194056975331148
-0.6000000238418579,0.5835930546413095,-0.30714256477882734,0.8915814248484099
-0.6000000238418579,0.5217513564107457,-0.23842023875252377,0.8301016303884082
-0.515169000096807,0.6000000238418579,-0.21116765418432804,0.8185297217845459
-0.6000000238418579,0.6000000238418579,-0.21527682225859035,0.8754108563538705
-0.6000000238418579,0.5888314653876672,-0.4636338045083529,0.9600410553323786
0.5910281922262339,0.6000000238418579,-0.6000000238418579,1.0340765838305546
0.4817179325162293,0.5147140366827685,0.459966215808995,0.8417550865611848
0.4858239213679938,0.5394721787128642,0.568372776878789,0.9220101559502936
0.5699686377635351,0.6000000238418579,0.5969623988989323,1.0204059889786115
0.4716701532583174,0.5863178229239758,0.5423637702154227,0.9275773726192996
0.5541004224404822,0.6000000238418579,0.37687041435425694,0.8994768568309582
0.5520642016169492,0.6000000238418579,0.47174464922921255,0.9419755439466475
0.5568567385968013,0.5812056719942245,0.42265874620516075,0.9091368853053113
0.42509510533340955,0.5512948763650565,0.24083795199267966,0.7366375013565449
0.549905301160754,0.5061659666379481,0.05601512254364516,0.7494915076108651
0.5198807623905837,0.6000000238418579,-0.5039691349451795,0.9403514899714027
0.5231341979487274,0.5628599127871214,-0.6000000238418579,0.9749259967281693
0.4321577068872471,0.4157533666871429,-0.6000000238418579,0.8482989886496197
0.38086913790776167,0.4140688457678503,-0.6000000238418579,0.822504916615306
0.29202221852356547,0.43204031479786353,-0.5191262591119001,0.7358178324976758
0.33668708788363133,0.4026903980396288,-0.5864256049944717,0.7870277898613282
0.10859612805816188,0.4168397452621597,-0.6000000238418579,0.738612564792718
-0.018183469297356702,0.3141932127616681,-0.6000000238418579,0.6775308421846321
-0.5982471161876595,0.6000000238418579,-0.5115400043263996,0.989733709976241
-0.5831256402392442,0.6000000238418579,-0.48182861199824567,0.9655021244175563
-0.6000000238418579,0.6000000238418579,-0.3333947119520457,0.9116754308294415
-0.5680446022290966,0.5718660564350342,-0.3202353449309902,0.867327004518619
-0.570397022696664,0.5286378928477131,-0.16823518889909522,0.7956845254493788
-0.5351883589961777,0.5411622466059054,-0.2268124862442597,0.7941832664271357
-0.6000000238418579,0.6000000238418579,0.016150662862065124,0.8486818609651936
-0.6000000238418579,0.581625494514691,-0.21989206825851154,0.8640837726532624
-0.08540720056899465,0.46780719832583917,-0.5719560577132557,0.7438223555859239
0.4893640548884679,0.6000000238418579,0.42620450989361314,0.8838141722561188
0.43450557251771027,0.6000000238418579,0.5860103099049989,0.9445650874736616
0.5641567638111329,0.6000000238418579,0.5447159483809603,0.9874149822565229
0.5394955323215338,0.5137535089276366,0.48453806363101415,0.8886929911041535
0.5027869248306513,0.5016768234704829,0.4614636008663151,0.8470082537452648
0.5335396286902061,0.53515080780194,0.5491171604752254,0.9341202162475268
0.5781200944788389,0.480239231616552,0.3994866810617903,0.8511416871294947
0.5234433456677061,0.6000000238418579,0.2315482239631137,0.8292210469799377
0.527936334924682,0.591846316441456,0.04994656442388645,0.7946656500168957
0.542091268659076,0.6000000238418579,-0.18139467350748678,0.8287140639228492
0.5279424433902584,0.46199775538053167,-0.6000000238418579,0.9231279316106494
0.45784831031226814,0.3938136098523868,-0.5884337116209132,0.8431894612320121
0.3053054857159374,0.2912557081523913,-0.5664442366229597,0.7063288188534876
0.3535475588607655,0.2659650504572981,-0.5524277890975643,0.7077497768338629
0.3033004261942168,0.29004482993400493,-0.467985703462219,0.6285918950687063
0.19964219233577618,0.1485097255087171,-0.5244450074477449,0.580478000761592
0.20564964056386292,0.2545946500114935,-0.4427612050453743,0.5505884989461303
-0.14888044101628634,0.3771063118121115,-0.6000000238418579,0.7241371311678247
-0.5110276662127855,0.6000000238418579,-0.5204100670407814,0.9444447798164309
-0.5492105673118434,0.6000000238418579,-0.44078179344135,0.9251599133590905
-0.5152801007464476,0.5543532631885586,-0.31413363286291096,0.8194516837060759
-0.6000000238418579,0.6000000238418579,-0.19910166393555884,0.8715741677002413
-0.5087878479807999,0.5630900041549138,-0.2369111356221325,0.7950234670837604
-0.6000000238418579,0.5110832390287385,-0.210790648207282,0.8158669028695691
-0.5041187087119138,0.5717001696801369,-0.13123565749654592,0.7734336133658889
-0.525765247091373,0.6000000238418579,-0.35131333736761805,0.8716938594894749
0.2583937635328287,0.18390023261907118,-0.6000000238418579,0.6786653528803706
0.49155133000714835,0.6000000238418579,0.33749496813437674,0.845887458328855
0.5805969745440462,0.6000000238418579,0.42110913271362715,0.9351073612771708
0.5262640884211269,0.6000000238418579,0.41875180864639017,0.901280753492813
0.5500373237263398,0.6000000238418579,0.5134939740103197,0.9624017598940555
0.5618339837679367,0.6000000238418579,0.39901651311226183,0.9137131013961921
0.5363808040055733,0.6000000238418579,0.513898974070093,0.9548803857374961
0.5285680980579222,0.6000000238418579,0.40344659582931364,0.895630179583661
0.4132530112444879,0.5699662535309025,0.13120327065608595,0.7161381708145041
0.5881829471649704,0.6000000238418579,-0.20313253315077445,0.8644200564367713
0.576170194826755,0.6000000238418579,-0.2338266915192746,0.8640874051181285
0.3682707131911429,0.4159945413836754,-0.49000512954278036,0.740796735706607
0.32363334918536135,0.21294344204177906,-0.473112743960478,0.6114892662274191
0.3263263103486028,0.17946783772448704,-0.4357953207687767,0.5732496203288725
0.20171511618460147,0.10872563646527666,-0.3889613123697301,0.45144341244781666
0.2206192796851969,0.025894142746585302,-0.5491882773021636,0.5924112905098229
0.3321666057195345,0.1942934010917743,-0.5019630449721761,0.6324962277996483
0.13062558893807785,0.2815291730576588,-0.5075184221828423,0.594892148731945
-0.18008114559590666,0.3555276103187661,-0.43532353028021314,0.5901996922345303
-0.6000000238418579,0.6000000238418579,-0.3831148835690098,0.9310086311267776
-0.6000000238418579,0.6000000238418579,-0.3554239914440973,0.9199599289721884
-0.6000000238418579,0.6000000238418579,-0.27737326991590866,0.8927127130742026
-0.5390792433917695,0.6000000238418579,-0.19161401776646014,0.8290490884565751
-0.6000000238418579,0.5820668880483264,-0.15170750870452554,0.8495981750038231
-0.6000000238418579,0.6000000238418579,-0.11883446193583558,0.8568090140539136
-0.6000000238418579,0.6000000238418579,-0.10489565831034697,0.8549872258418959
-0.6000000238418579,0.6000000238418579,-0.43824457391011284,0.9550174677890014
0.6000000238418579,0.6000000238418579,-0.15845322554728025,0.8631960854329666
0.46462374726333433,0.6000000238418579,0.48860148104520595,0.9025556284300827
0.47312383813836756,0.6000000238418579,0.4437699872092373,0.8836164305696771
0.5006546790835025,0.6000000238418579,0.4270032543413962,0.8904981277445664
0.5310187482007458,0.6000000238418579,0.6000000238418579,1.0009899940364775
0.41196168397249977,0.5874655997395395,0.3120256212357235,0.7824245958853376
0.5343422051175122,0.5908150576613047,0.3384537465836521,0.8655258304092879
0.5050482375453718,0.540898691611599,0.22346238908230032,0.7730333473849594
0.4392759092382219,0.6000000238418579,-0.05146903296710992,0.7453941335977001
0.507389311084046,0.6000000238418579,-0.23293423907700556,0.8195744635766518
0.498319628350133,0.6000000238418579,-0.23064221389177675,0.8133377597518419
0.4678529251953356,0.01829878019891229,-0.3354667503068615,0.5759853691996408
0.4347099075202858,0.027932047727639464,-0.39356573508485126,0.5870663427751875
0.5393420681741894,0.10153787931154368,-0.3900362058441358,0.6732964052382774
0.40866300033297875,0.030549241870143407,-0.37539127625174123,0.5557493268605045
0.32402209279481275,-0.004144518585124102,-0.4203654632806211,0.5307679496470786
0.2567679037221794,0.10612599181106819,-0.3442075625758966,0.44234752023064966
0.3475342564441175,0.05463092175895046,-0.38630268250607874,0.5224886214318839
-0.03047379482754442,0.2638194750644016,-0.42246869905171547,0.49900818557704707
-0.6000000238418579,0.4921706982359515,-0.2617049088590498,0.8189758751838895
-0.5008002217947042,0.6000000238418579,-0.289350375144408,0.8333813834950146
-0.5715605445960428,0.49640220197046614,-0.17267662660835997,0.7764752537182982
-0.6000000238418579,0.590106796127637,-0.09034861514407366,0.8463976203326109
-0.6000000238418579,0.6000000238418579,-0.06046427650576658,0.8506797199615292
-0.5194928038587614,0.6000000238418579,-0.13147062862018927,0.8044608928102442
-0.5527257188738385,0.5757934790069095,-0.1702402452875042,0.8161039099814628
-0.6000000238418579,0.6000000238418579,-0.2066094961530382,0.8733198389599726
0.40573745717158727,0.1182495646446442,-0.3996621655749211,0.5816663049229766
0.49869689181139254,0.6000000238418579,0.32610952725477116,0.8456039511963648
0.4634736091834659,0.6000000238418579,0.41289198958471185,0.8633004170524882
0.5990009825536675,0.6000000238418579,0.4178343887837903,0.9451919287429472
0.49477326575939085,0.6000000238418579,0.3518817969914523,0.8535932357829322
0.45783621724848733,0.6000000238418579,0.31903266728756063,0.8193874988253418
0.5062367391376372,0.6000000238418579,0.18781213457069645,0.807185890953837
0.4816599892337301,0.5293884187689115,0.05024615703427815,0.7174769121386407
0.5657014195488348,0.5481823626999462,-0.2223080762384389,0.8185003846154856
0.5171825954926816,0.6000000238418579,-0.1954394743947993,0.8158887508983638
0.45563380353727934,0.38952107632464517,-0.275532224860678,0.659732399358735
0.5479021991204036,0.011907312512047019,-0.3062556668239408,0.6277986439568108
0.4033596628261078,-0.09332025713739645,-0.34026820853905576,0.5359012425155959
0.43296234542491585,-0.04543800252909269,-0.33469541256235885,0.5491284219742825
0.5570790723360117,-0.039212947680498544,-0.346330087588446,0.6571295744901196
0.25246188556247784,-0.059761919356550064,-0.4319114137947482,0.5038412051759152
0.26074571517486156,-0.007691522991178146,-0.4405077862795005,0.5119517528838435
0.38074767916534846,-0.06285221477757108,-0.41564296706970544,0.5671668821138566
0.11677965702678805,0.05883374547657172,-0.28163938534253913,0.31051512246301227
-0.6000000238418579,0.4973017807572886,-0.28828813252544655,0.8309146388827253
-0.5905207081330929,0.5390847581755467,-0.3115563387664407,0.8581342758897038
-0.6000000238418579,0.6000000238418579,-0.2772987043967379,0.8926895477603451
-0.6000000238418579,0.4771928732998967,-0.1231866666240452,0.776458641379169
-0.6000000238418579,0.6000000238418579,-0.09026060686050341,0.8533153194284552
-0.5529154328711846,0.6000000238418579,-0.061553044332622764,0.8182324130612117
-0.6000000238418579,0.6000000238418579,-0.10316849029469816,0.8547770438015678
-0.6000000238418579,0.5829835870163214,-0.26179004063550604,0.8765865141083261
0.40551507065762005,0.07820402258558168,-0.359114780537667,0.5472858186355988
0.4792964220481606,0.6000000238418579,0.19521039420519737,0.7923586225972095
0.492526347560041,0.5128988204593279,0.35183200522414604,0.7933682391988273
0.5196353150091637,0.6000000238418579,0.3761321436756304,0.8783486088797136
0.5468382942453982,0.6000000238418579,0.31871032159448365,0.8721286704118297
0.40655201676519304,0.5722991109924258,0.27846617795811024,0.7552179996829821
0.3777761721604739,0.6000000238418579,0.18115342578423976,0.7318001288164796
0.4575918929861844,0.6000000238418579,0.03940673159757979,0.7556078742523223
0.4260817112160984,0.6000000238418579,-0.27460779232178545,0.7854648896334665
0.596959223418309,0.6000000238418579,-0.2315328475025626,0.8774780923231449
0.4620806051672304,0.5463906414553898,-0.2794534859448695,0.7682157701768987
0.4769688655054687,-0.03036955774775585,-0.27997935586220635,0.5539043675657236
0.462007617414985,-0.048242699748293205,-0.3437632534068804,0.5778854307052205
0.4650229784996769,0.0035028346153227474,-0.39060654498883923,0.6073154973909124
0.4084629138574136,-0.04711850417312824,-0.3705320914468494,0.5534944771399064
0.4683038216067765,-0.11756932025798156,-0.3464951091412224,0.5942977999759237
0.30076544919663917,-0.05857267285039791,-0.33547370489483763,0.45434922703925057
0.26453395517953815,-0.10384754709353378,-0.28269436184227587,0.4008473882884673
0.2712885146528645,0.014872472322635888,-0.22388488815108704,0.3520555236862075
-0.5295736835704057,0.584522101919283,-0.14623026039381565,0.8021830607893113
-0.598805380233275,0.6000000238418579,-0.22659383295876329,0.877446680511979
-0.513173688781954,0.6000000238418579,-0.16705037190691946,0.8070025342107346
-0.5570839115991294,0.6000000238418579,-0.15354743575342522,0.8330182040023308
-0.5372250213914607,0.5402027239469014,-0.1402095279852481,0.7746537409104494
-0.5557129432294398,0.6000000238418579,-0.09180746939360407,0.822949278703988
-0.5523361189948404,0.6000000238418579,-0.1976013475952948,0.8391194846551885
-0.6000000238418579,0.6000000238418579,-0.0941548906657742,0.853736025160438
0.45266027925141805,-0.14325134058019345,-0.2136179635650347,0.5206293396915572
0.39253135622125823,0.6000000238418579,-0.14798423706025277,0.7321067057782188
0.570028381506664,0.6000000238418579,0.2713800605816199,0.8709647074449233
0.5300081863419428,0.5363493747124819,0.3003213068738687,0.8116478403263169
0.5347057661442209,0.5854084255512075,0.24104314935395332,0.8286827383894841
0.5310731724058941,0.5996646754708053,0.15496637015710302,0.8158743857582704
0.5104565871117059,0.6000000238418579,0.1501715451715272,0.8019460386554477
0.40016869179076986,0.6000000238418579,0.007413107423478227,0.7212419598591296
0.5345379545223254,0.5399566431213145,-0.0834221554214174,0.7643580687681039
0.438336334802929,0.5672295360673969,-0.26901176562670065,0.7656731803069079
0.457022493685151,0.5765029371648991,-0.1162309493914977,0.7448052294998998
0.4943303416121747,-0.05826447516995059,-0.22227937831483469,0.545128753350315
0.5614241387551928,-0.14551543637950742,-0.28373826442229894,0.6456618375737464
0.4441276771079907,-0.18310953704892308,-0.30905912392004775,0.571223282272211
0.42254789749467125,-0.05247631502337147,-0.24667923691484178,0.4920885441061273
0.4091510206079949,-0.06209233135078773,-0.2969489840017013,0.5093512681605716
0.35326956777380214,-0.171069179740656,-0.3624987829697464,0.5342933832893471
0.40213109044351913,-0.08607718104882112,-0.31686879412343055,0.519157517221741
0.3499414018331167,-0.1784379399673069,-0.21022011626151843,0.44552393921955463
-0.11078718624303552,0.03305785627608815,-0.2845534702015886,0.307143777246074
-0.6000000238418579,0.6000000238418579,-0.22444996134648887,0.8777117080049124
-0.6000000238418579,0.5862408987273231,-0.08195720542491047,0.8428495734541903
-0.6000000238418579,0.4568950531938756,-0.07391733177038184,0.7577710011469938
-0.6000000238418579,0.5739275553980923,-0.027038719796633748,0.8307369979865477
-0.5985511283973625,0.576657588239289,0.012996555929649878,0.8312438498092733
-0.6000000238418579,0.5703045206523689,0.007255352199597831,0.8278284333255886
-0.576792387918282,0.5225823555498834,-0.0029072479962419795,0.7783252720960886
-0.5031361371706391,0.6000000238418579,-0.1786475173311443,0.8031568567756885
0.3523110662752025,0.6000000238418579,-0.23746774243716823,0.7351966027726227
0.5632167197903097,0.6000000238418579,0.2013028591792838,0.8471929787098929
0.575387325082571,0.6000000238418579,0.13562805710643666,0.8422977931529757
0.5590371889371739,0.6000000238418579,0.20373759996338792,0.8450039152949819
0.490547314496514,0.5910278997371055,0.13127618625014292,0.7792201762684139
0.5375273703171601,0.6000000238418579,0.10703460315719138,0.8126451308679139
0.47610101686006323,0.6000000238418579,0.03001668807960367,0.7665332402633851
0.4591538806258091,0.6000000238418579,-0.15422270891589274,0.7711076180724231
0.4570958198052495,0.5904883805282339,-0.22691576988900936,0.7804510763953185
0.6000000238418579,0.5840529668474328,-0.1724429892937423,0.8549002756170336
0.5339765487472901,-0.24543480369138015,-0.008938341519313164,0.5877491739034681
0.47154026667432913,-0.06297565464297639,-0.17819740318622534,0.5080063687350022
0.6000000238418579,-0.20603684135665018,-0.2663932844602541,0.6880527527827917
0.4901096345551881,-0.1273972235343318,-0.3078099990307429,0.5926082196117284
0.4269695322895586,-0.15765078332947363,-0.22552496607175793,0.5079549796090482
0.4616546166669113,-0.0845760213410045,-0.2676700830551628,0.5403011769730884
0.25325474940915216,-0.26674396948720364,-0.22945190788464687,0.4335187324533822
0.4618747535214327,-0.2648540549438951,-0.30416137220839834,0.6131803150007377
0.4284911280015258,-0.30292942470149925,-0.21714154935563884,0.5679096192023592
-0.48725428704790397,0.4823019446589438,-0.15024561955404897,0.7018587124653651
-0.5805341024295955,0.6000000238418579,-0.1958257824981675,0.8575357775539081
-0.6000000238418579,0.6000000238418579,-0.1874919789597454,0.8689955692606848
-0.5391541979479455,0.6000000238418579,-0.03595007678951123,0.8074525904325865
-0.48361267674945585,0.5780133292228149,-0.16386169002033185,0.7712530604985209
-0.6000000238418579,0.6000000238418579,-0.04092805967073243,0.849514663374842
-0.6000000238418579,0.6000000238418579,-0.027926564254379338,0.8489876030964846
-0.6000000238418579,0.5677024578368493,-0.07728805831694352,0.8296140989656775
0.3474025564262806,-0.255357014625332,-0.25338991275443956,0.5001021785751184
0.44750563380612207,0.5807874426913031,-0.005605843605670957,0.7332167287771426
0.5260971524958986,0.6000000238418579,0.23535231316559568,0.8319669186854244
0.4610053434585979,0.6000000238418579,0.3209177396570889,0.8218966789896556
0.4762045769164891,0.5374631516104742,0.2014984882233517,0.7458143731328675
0.6000000238418579,0.5370702267817302,0.2231663231711104,0.8356121498059501
0.47148471506172673,0.6000000238418579,0.04419424490917501,0.7643631312603715
0.4087213629221642,0.6000000238418579,-0.07257198135655751,0.7296025449497816
0.4234433685908221,0.5572585095647327,-0.11364674099701255,0.7090535343858686
0.3764155787442339,0.6000000238418579,-0.1773041440966922,0.7301544193151523
0.46981748067209295,-0.2132714344956092,-0.1904869595063618,0.5499985924153494
0.5463335063323522,-0.15340314722328297,-0.24331494057357894,0.6174260976228125
0.5286950228221776,-0.17120555425004685,-0.25423866853450855,0.6111195214859434
0.454813287047531,-0.21981437004715093,-0.30285070778132095,0.5889754108261674
0.5107188407463907,-0.07291578997707504,-0.2574035296870715,0.5765475035213328
0.47050941860393847,-0.20090859733685634,-0.3443068252010093,0.6166770365100988
0.41722685575916385,-0.25223578788173456,-0.37958827443237614,0.6178902814752361
0.38843257118888197,-0.32061899814061623,-0.26959688160924933,0.5712782884921586
0.37981092831165986,-0.24224846418832108,-0.22152468523127633,0.5020098065111688
0.062441305139926406,-0.003679603741391424,-0.21313319341421783,0.22212207050676763
-0.5188522294736992,0.5374962607732237,-0.1978269599101538,0.7728165192607616
-0.4713017152366977,0.5915880900198223,-0.08824509286161275,0.7615044132849851
-0.6000000238418579,0.6000000238418579,-0.1934367294335791,0.8702975499876004
-0.6000000238418579,0.5843006749584205,-0.07912152528257543,0.8412297683333234
-0.6000000238418579,0.6000000238418579,0.029747734411118665,0.8490494596447574
-0.5803548254860253,0.5264196563045884,0.0516786132559266,0.7852388535196227
-0.6000000238418579,0.5504132736760501,-0.041361014706121635,0.8152702214520878
-0.6000000238418579,0.5496748425942763,-0.2126914900381735,0.8410589343951652
0.5649324277820253,-0.17268424410991356,-0.10551502627519227,0.6000849247342913
0.4382332906922837,0.562711834752825,0.030783040916311677,0.7138911833395435
0.47134559150805266,0.6000000238418579,0.1755308185278338,0.7829289645283009
0.5271579301530802,0.6000000238418579,0.23264386908950208,0.8318766024828702
0.552205166988414,0.518096893292731,0.13873252680621184,0.7698062426885859
0.5167233243367935,0.6000000238418579,0.2248364921660475,0.8231369696067783
0.4890231749557663,0.5938406882605387,0.07213244727705048,0.7726535566654339
0.28537399444628575,0.6000000238418579,0.12321253143539324,0.6757363932919231
0.40219364109901834,0.6000000238418579,-0.20234108040137894,0.7501344321977983
0.48636838784762726,0.44687924789602507,-0.1147440838126238,0.6703890479919965
0.512440266483513,-0.24094888812095194,-0.18247183156908708,0.5949347550081389
0.5099135925282374,-0.2784876413322673,-0.15797963437669849,0.6021003264387574
0.5635370065911318,-0.17879747397988904,-0.2363345614629367,0.6367075619475248
0.4586627178381122,-0.2229963034658165,-0.1766989054017577,0.5397419228337202
0.44806897890629016,-0.26920096184305314,-0.27418583248524103,0.5902650577926625
0.4638886142397798,-0.2810401393370857,-0.1369465082369073,0.5594019596481524
0.4168507204052738,-0.26039925209440334,-0.21713126293541807,0.5373251147467891
0.4510347989638568,-0.30152432361485376,-0.27004586450421303,0.60603141547579
0.43674883228319117,-0.316588832694967,-0.15062893245884323,0.5600599135642397
-0.03211295809469161,0.17614871111645602,-0.19130480839602348,0.2620250755577018
-0.5260083632749395,0.6000000238418579,-0.16313145207956037,0.8144302901433594
-0.5847612070643693,0.5643085546809301,-0.052658765183373646,0.8143480580956132
-0.6000000238418579,0.5078108209217871,-0.0065156434156633525,0.786075258524659
-0.6000000238418579,0.6000000238418579,-0.008044561223953917,0.8485663039419761
-0.6000000238418579,0.5263013184630636,-0.010843672818072303,0.7981921395668932
-0.6000000238418579,0.6000000238418579,0.06636059201221245,0.851119137014714
-0.6000000238418579,0.6000000238418579,-0.03677267767575765,0.8493246064043507
-0.5062559445503011,0.46248737526463013,-0.11244022097434697,0.694861466023584
0.373180665954994,0.6000000238418579,-0.14498307373053132,0.7213070980665555
0.5606995236079662,0.6000000238418579,0.14918313731809685,0.8346493831810459
0.49970696032507966,0.6000000238418579,0.21150495080564735,0.8089755367270757
0.6000000238418579,0.5276391877215418,0.2754418369361167,0.8451457546272245
0.534428797386991,0.5302679599887181,0.19418102774102797,0.7774988877173163
0.40387513946569076,0.6000000238418579,0.09930602274548661,0.7300526303234504
0.49295624778145464,0.6000000238418579,0.014855887937788581,0.7766766304218385
0.40085751009692716,0.6000000238418579,-0.051286831002946065,0.7234066014667428
0.3306099821288503,0.6000000238418579,-0.24363505300193916,0.7270907975932074
0.6000000238418579,-0.22958618001294,-0.054215284707996414,0.6447085696337015
0.49064074786403733,-0.15028468232132924,-0.13396232819047738,0.5303392636597991
0.6000000238418579,-0.20591535944160266,-0.22229832174635694,0.67217386717682
0.4682338294337933,-0.30221196719575766,-0.1869620805149908,0.5878178388693714
0.5986110413818744,-0.3077384185960507,-0.01261155193364727,0.6731992011184099
0.5011545216170903,-0.3146142202028934,-0.25505383987863234,0.6443527165520173
0.46670617436468764,-0.32689474446178846,-0.18119664462686724,0.5979189336113178
0.5129828249914556,-0.30692843623323063,-0.1768809157062795,0.623412625831305
0.6000000238418579,-0.30807237121861797,-0.09028107023804322,0.6804845965646971
0.3792387669670869,-0.4134566970198216,-0.18093809521950405,0.5894973087155864
-0.06342781369329098,0.058904394779225044,-0.1359499099369697,0.16116821425482072
-0.5832969775368916,0.6000000238418579,-0.17586892238177593,0.8550820255821252
-0.5677961498277722,0.6000000238418579,-0.11799965438060067,0.8344557596442205
-0.6000000238418579,0.6000000238418579,-0.11863067281977768,0.8567807734503227
-0.534867607601275,0.6000000238418579,0.008850111311848319,0.803841844358437
-0.6000000238418579,0.6000000238418579,0.20622310984314352,0.8732285086126296
-0.6000000238418579,0.46706640085069395,0.09178069283453039,0.7658816794982353
-0.5159405605876984,0.5270383432961188,-0.05055888260365449,0.7392700981197576
0.25626363754969017,-0.183129351878198,-0.1789652841581228,0.36226507474958924
0.3134019716489551,0.588327432233424,-0.02292532932379876,0.6669899055281355
0.41452305353060814,0.6000000238418579,0.1982529275564443,0.7557338247050149
0.43240965987727287,0.6000000238418579,0.2885447848739727,0.7938741937129434
0.5335836345697955,0.6000000238418579,0.2718039906842713,0.8476962504593485
0.46900909433614224,0.551618484273863,0.1882331397950272,0.7481204432975326
0.3418919630039289,0.49706886179620935,0.10948953907634762,0.6131521237843102
0.39321525637283183,0.6000000238418579,0.17355316400888277,0.7380643381115741
0.24399188510274727,0.6000000238418579,-0.06670657180517348,0.651138875608131
0.35219889520316394,0.5460634888647562,-0.18844182762855394,0.6765646444010126
0.4841343825131348,-0.4020966872326449,-0.045646597388917964,0.6309924389943415
0.48136447294836815,-0.3392931701336096,-0.11378839833914517,0.5998161474258281
0.4915409136926545,-0.24483750452583436,-0.08290396982281134,0.5553655928022813
0.594717785246192,-0.3335777603009206,-0.14393536173888433,0.696907995803189
0.5329579364931409,-0.34027359672174134,-0.1650359702544622,0.653503752227031
0.5228201747513015,-0.2771401173145476,-0.1570252743650058,0.6122128033139359
0.3809382940117919,-0.17954970325349429,-0.15531435261740373,0.44885925178389213
0.4778492154363443,-0.32309158243667657,-0.20698646316122754,0.612838836291043
0.5697048598640484,-0.3718038181590777,-0.15584437530165296,0.6979177429063872
0.35469816924406716,-0.398316890037701,-0.16211330098037413,0.5574476284900244
-0.39584179542090336,0.3672559700464315,-0.20522724476255122,0.5776555171809734
-0.6000000238418579,0.5049329110530367,-0.11728100071032421,0.7929136815583011
-0.5332332203481503,0.5469854603664355,-0.09649400024169774,0.7699622414234254
-0.6000000238418579,0.6000000238418579,-0.13758539656233537,0.8596102596919579
-0.5100213791813281,0.5614581353147685,0.14461856050754063,0.7721862294656866
-0.5500694655156007,0.4716158929069616,0.023429555899542653,0.7249461438097998
-0.6000000238418579,0.6000000238418579,0.1014317286765215,0.8545691620944249
-0.6000000238418579,0.5228422201825627,-0.07585255484921283,0.7994483259678603
0.4673140726456111,-0.3316210893023002,-0.153103434546225,0.5931236389088888
0.3275919025496884,0.580815162859835,-0.11114594156362934,0.6760296800807543
0.4474748632143344,0.6000000238418579,0.18470013398846552,0.7709396353245008
0.4820241675425807,0.5356916525075011,0.15187285645327286,0.7364633115020812
0.5291006519834538,0.6000000238418579,0.27712328622143545,0.8466078456438456
0.4848797448194353,0.6000000238418579,0.11539497375594443,0.7800156379935763
0.4719395995645046,0.6000000238418579,0.03179482021262714,0.764027437229638
0.3995390372668731,0.47749990072592396,0.07317214484495882,0.6268905488796419
0.22182480607315747,0.6000000238418579,-0.05798306083801252,0.6423148048611121
0.3730203821478316,0.3317993730960688,-0.0695492673030832,0.5040556815145072
0.5595228003270041,-0.3973835997833247,-0.21620348585628923,0.7195300110203443
0.5042637213280492,-0.3464681202383394,-0.17262942496649203,0.6357066755614279
0.5233173630715922,-0.27780600565139574,-0.13306822781909694,0.6072432729335937
0.6000000238418579,-0.3808298445306321,-0.07070778563611324,0.714164539896107
0.5359022211682933,-0.3170260953190127,-0.24144700398357027,0.6678273665394167
0.5694062261477761,-0.278206769032903,-0.1576705591715078,0.6530562471495356
0.5518513688605016,-0.2498835217044253,-0.2415006259185889,0.6521535555769711
0.3659149707711773,-0.28067024061979545,-0.16341333556469562,0.4892580791815555
0.5089675421922584,-0.4098101333823009,-0.091655001311857,0.6598431205169333
0.5332944287364509,-0.40740366254665106,-0.06222780642266801,0.6739829314381338
-0.24640757641303057,0.11051848797253017,-0.1826453502133062,0.32602201436715755
-0.6000000238418579,0.49636022676504865,-0.08871319217569806,0.7837369034251755
-0.5382444362955153,0.6000000238418579,0.04869343439282603,0.8075135617228205
-0.6000000238418579,0.5525110373547968,0.019211338163868108,0.8158661351736265
-0.6000000238418579,0.5008079078913981,-0.012425054154736048,0.7816412036142525
-0.6000000238418579,0.6000000238418579,0.08048392146960004,0.8523366229580803
-0.49081095700569616,0.6000000238418579,0.11244317765397349,0.7832872348813048
-0.6000000238418579,0.6000000238418579,-0.00980603887861975,0.8485848311270648
0.39220795112877527,-0.38938063195494876,-0.0851545391830566,0.5591919607914135
0.2361393963165005,0.5249558954202644,-0.01614503996079575,0.5758482169326815
0.4180543338817406,0.6000000238418579,0.16982649130901117,0.7507399628618857
0.4616935334507122,0.6000000238418579,0.26264134930541183,0.8013372734407163
0.4599415043948296,0.5976113455537522,0.1962614934666802,0.7792330085522026
0.45747004586770257,0.6000000238418579,0.17757519879109274,0.7751205214043324
0.3699605502793749,0.6000000238418579,0.07503923224710962,0.7088735597759896
0.383388783889385,0.6000000238418579,0.07458744525190608,0.7159261660336335
0.21605106632315652,0.6000000238418579,0.00022033289591438798,0.6377132117309379
0.31578108014356876,-0.39015351142268817,-0.14254909668820248,0.5217831906249139
0.6000000238418579,-0.39554326684753927,-0.07387429755723707,0.7224347142809715
0.5800600285176174,-0.2708373095743143,-0.15693890389773701,0.6591299602490659
0.5328972798242388,-0.28579606250887585,-0.17865971685279386,0.6305380199603914
0.5000445341086464,-0.244783458777172,-0.16725220961705112,0.5813233002423304
0.5043104869720016,-0.38387201511458285,-0.2564254777762836,0.6836964362279968
0.5558834517949693,-0.26508866605512105,-0.13009282946919004,0.6294462305309908
0.5078088321987175,-0.32568967637479024,-0.1152857049366971,0.6141940809865332
0.5547927039672844,-0.4496080285644196,-0.17429691036710498,0.7350658043253226
0.5624370824244231,-0.3374868418119051,-0.050406639198795955,0.6578553559541708
0.4521184431082732,-0.3880972865269897,-0.19831009983855907,0.6279788898571675
0.20246799471700427,-0.2347687991884716,-0.12091708536311219,0.33276210645118826
-0.5548182669691161,0.6000000238418579,-0.02112172181859595,0.8174775012839347
-0.6000000238418579,0.5864631248684464,-0.11762951455389187,0.8472164588432388
-0.5697961138813684,0.5371875401570871,-0.17172374598351103,0.8017026316714576
-0.6000000238418579,0.6000000238418579,0.07438700944611676,0.8517825335112225
-0.6000000238418579,0.5827890158168767,0.09516690498782554,0.841843100210482
-0.590296091781039,0.5799145898399061,0.20537210812979845,0.8526007918591403
-0.5247526603064936,0.5313507210753501,0.19807652186721936,0.7726145557786571
-0.6000000238418579,0.6000000238418579,0.028555013594636414,0.8490085076263076
0.29851818437947797,-0.5259784901704806,-0.09937221572523214,0.6128958441573743
0.4516720269348742,0.6000000238418579,0.18602693635266676,0.7737012792896538
0.5880520251629657,0.46276679759052275,0.23713336654561668,0.7849780422277498
0.5800225605125493,0.5586231469734753,0.28571225556677593,0.8544691240876627
0.5767025504803149,0.5491823852843247,0.1870830375622713,0.8180386219370128
0.4098671713834454,0.6000000238418579,0.12833213318267256,0.7378755065695783
0.2896491248272369,0.6000000238418579,-0.040637647768426044,0.6674938670426606
0.2341045507379611,0.522060807770764,0.018452798278420723,0.5724446990328318
0.21715482296804534,-0.5427928221152405,-0.09662579625819923,0.5925511027587758
0.4006749739635238,-0.4176928203373398,-0.06025513547785355,0.5819264629431163
0.4061000568145934,-0.3529091111667765,-0.18963821128570213,0.5704601196130898
0.45413454204536063,-0.36599196580264265,-0.11995452401432066,0.5954640116265083
0.5562136764669774,-0.41555362201183726,-0.11147187782253337,0.7031958803927609
0.4671806552418596,-0.21635306903358964,-0.08672085783489203,0.522098575267244
0.45207349213895665,-0.3530315440372168,-0.12439493569037058,0.5869206193391268
0.5108853085781293,-0.4840354141213481,-0.13049831597044348,0.7157680428153502
0.5266027770042454,-0.39903302837080423,-0.122489944774538,0.6719684732561695
0.5329827659666475,-0.38571986854766527,-0.10191225773540474,0.6657601325452087
0.42312423367320995,-0.36412985121932806,0.04271776466446331,0.5598655848402183
0.20543044063404825,-0.2752923516507024,-0.14828089460298344,0.37413202017567854
-0.5174753540952964,0.5572184906957396,-0.12069135503896411,0.7699607727997781
-0.6000000238418579,0.6000000238418579,-0.002172389886325621,0.8485309519977915
-0.5639681095112699,0.6000000238418579,0.15837931813595585,0.8385368599943333
-0.6000000238418579,0.6000000238418579,0.14869053107913965,0.8614574459908375
-0.5671188130418863,0.6000000238418579,0.10027075059338098,0.831671810356001
-0.5419206940483856,0.6000000238418579,0.17948589985482177,0.828186727432171
-0.6000000238418579,0.4948000645768158,0.08599733028920442,0.7824465945560256
-0.48725826827205143,0.6000000238418579,-0.12854881322511852,0.7835467095146881
0.6000000238418579,-0.27534151487741826,-0.06549952511035839,0.6634027179737088
0.4023002180207462,0.6000000238418579,0.056720744013322055,0.7246121285427086
0.4869067203948012,0.6000000238418579,0.284460417922056,0.8234050718451046
0.5334978720642625,0.6000000238418579,0.2539134447454279,0.8420760331049778
0.3965793735167057,0.559982589817902,0.20575395917696493,0.7163730816516374
0.45548629725419953,0.6000000238418579,0.2032271897101514,0.7802365578682255
0.4225238935005544,0.5772945101304059,0.09500023633830923,0.7216789015274784
0.1288503399482369,0.6000000238418579,-0.07804719863397669,0.61862250519167
0.15430604754261024,-0.4601290234493334,-0.0338693644441429,0.4864937906864893
0.4070683501304304,-0.4187110595827131,-0.08997765454085327,0.5908634118063684
0.56884686192779,-0.33171585260090203,-0.11754186724250565,0.6689082521143631
0.4729733387663144,-0.4043871678005284,-0.1385564952647123,0.637519147199147
0.4394844235569313,-0.3683872853398962,-0.04359698111858212,0.5751142906517975
0.5637156162838737,-0.40604765942941146,-0.09014380629684393,0.700553997621949
0.6000000238418579,-0.3782429229780565,-0.02832879824349599,0.7098381915642007
0.519113394971356,-0.4645059016012305,-0.13675443796798792,0.709891700025433
0.4296938320050474,-0.36882517262058634,-0.04661142193495593,0.5681913602621794
0.45786973464024183,-0.5185834394024786,-0.11373609457035044,0.7010772972576885
0.44553795936667173,-0.4929745644253518,-0.13271725815888608,0.6776000774942368
0.49610324044148624,-0.4497657104899903,-0.19678872979715673,0.6979494420688989
-0.5284996664147743,0.41524077943339854,-0.006011911754697619,0.6721405696637648
-0.6000000238418579,0.5814029231819358,-0.13528635681259527,0.8463638614888721
-0.6000000238418579,0.6000000238418579,0.0006575332224387775,0.848528425905932
-0.6000000238418579,0.5792339175652588,0.03992535167944922,0.8349287356265532
-0.6000000238418579,0.6000000238418579,0.17148734030541224,0.8656835247973039
-0.5635614750663596,0.6000000238418579,0.2452425382830754,0.8589211066056806
-0.6000000238418579,0.6000000238418579,0.09407556939850559,0.8537272807976287
-0.5833844207353512,0.5327715702683506,0.041386003498432244,0.7911357214337484
0.5284040180850311,-0.4235625274507938,-0.07132835294035322,0.6809579685429152
0.4993472732927784,0.6000000238418579,0.1468163343945832,0.7942938776046463
0.44098277017370213,0.6000000238418579,0.20228764728965953,0.7716126777381822
0.4541296781495183,0.5879127243057851,0.335358269086252,0.8150707359618319
0.4193254117254903,0.5679273424635967,0.20718804994997064,0.7357323937945012
0.4451206940188146,0.5901922044391712,0.13107204174331055,0.7507590495966864
0.213206227875117,0.5319606888308472,-0.03921231679424897,0.5744359632321938
0.1322251792227025,0.46286402067301835,-0.06517425934037857,0.48577184329130796
0.05714518383107148,-0.5779537613580688,-0.025040685366671145,0.5813115844593664
0.4600651932547706,-0.4806831227958317,-0.026070659863025147,0.6658798133980302
0.5259815438349553,-0.40566681298103147,-0.07708265751361909,0.6687031357026465
0.549369212664268,-0.23665427074500245,-0.008456122224115736,0.5982334675427946
0.5942673015679132,-0.36289366127120815,-0.1429281032701974,0.7108261938111508
0.6000000238418579,-0.3087417772307821,0.030856683651739214,0.6754803095160031
0.5513511938775295,-0.447979337241343,-0.07709039908547444,0.7145743874618847
0.5234174653232684,-0.4271893234154083,-0.059255492064125725,0.678209240858093
0.5017550418206358,-0.5013362271601739,-0.06820499637849964,0.7125644224816564
0.5858833059459958,-0.49587250036383895,-0.061978323963305715,0.7700585026117142
0.48751385164227146,-0.4619161731554419,0.02645167742324961,0.6721130840893923
0.478992482009835,-0.5549382315918546,0.001098802445554714,0.733069878027362
0.11434972078560934,-0.051940106390559126,-0.08180987312074162,0.14988825382811444
-0.5400934578835149,0.569414183738445,-0.06338184518587309,0.787369490258708
-0.6000000238418579,0.6000000238418579,0.050541320232666775,0.8500320477907413
-0.6000000238418579,0.5603358248200958,-0.006699995760624189,0.8209879141194708
-0.5301296698858206,0.6000000238418579,0.11914274110639078,0.8094643217967199
-0.5843468082169021,0.5104436391172664,0.26992279843788114,0.8215060669922628
-0.5532054249339228,0.5800273078662033,0.2378806778891932,0.8360951721902594
-0.5995800047539295,0.6000000238418579,0.24577741764220506,0.8831210277950713
