0.5516052819450261,0.5889071402375963,-0.5844405978707283,0.9963186334360962
0.35862377544582513,0.5838732524121446,0.5451951094505294,0.8756464438151556
0.3701170674165587,0.6000000238418579,0.5484236827873119,0.8931714326182078
0.5032263286020342,0.5606673971951681,0.5901714172118511,0.9570198377096117
0.32632052304472947,0.5786151304936662,0.49740500223751893,0.829874863607336
0.478243730470888,0.586802007259539,0.6000000238418579,0.9659470430974803
0.5226413738962634,0.5475570363714375,0.5044955873283274,0.9096639552174196
0.6000000238418579,0.6000000238418579,0.585448888246507,1.0308978892060703
0.5762559867193995,0.5014292846360935,0.38692828681504965,0.8562802046399546
0.6000000238418579,0.6000000238418579,-0.14728957198212006,0.8612167411489028
0.5320508956223255,0.6000000238418579,-0.4469338054830624,0.9180566489200547
0.47632277287359726,0.6000000238418579,-0.5756635807674682,0.958265083779142
0.5660145827024572,0.5534394938593494,-0.6000000238418579,0.9933115371349311
0.500642144679952,0.6000000238418579,-0.5906017568936669,0.9795167282317633
0.5208825856904726,0.6000000238418579,-0.5927731435606602,0.9913116040946004
0.4663364402030654,0.5306452363118312,-0.5379846316219891,0.8879648113203326
-0.6000000238418579,0.5433002001384513,-0.6000000238418579,1.0075590130066532
-0.5936295066854355,0.6000000238418579,-0.6000000238418579,1.0355655693523484
-0.557126732334907,0.5806554648359497,-0.6000000238418579,1.0037683962629298
-0.6000000238418579,0.5508208616094827,-0.6000000238418579,1.0116341625334095
-0.6000000238418579,0.5947487709542376,-0.4839351316571502,0.9736114937765625
-0.6000000238418579,0.6000000238418579,-0.3518427793009319,0.9185822764274654
-0.5532454136552546,0.6000000238418579,-0.26580593048024453,0.8583317010452733
-0.5646323411399332,0.6000000238418579,-0.2591918785235318,0.8637072068496067
-0.5849311444375299,0.5380349586227993,-0.4351762943182116,0.9060929685025518
0.4172442508863694,0.5142042249977408,-0.6000000238418579,0.893587588607566
0.6000000238418579,0.5771801176941183,0.5881434156945553,1.0193378214784756
0.46450262295283906,0.48399944343478674,0.5626696575592947,0.8755656979993818
0.47741814808693817,0.5835991993994225,0.6000000238418579,0.9635954245805854
0.38015067118966717,0.6000000238418579,0.5797684673963421,0.916867513440894
0.44286126892211697,0.5549747127043716,0.6000000238418579,0.9295821985509606
0.4474790126413981,0.6000000238418579,0.5610377686708228,0.9354148134597218
0.5791472536362701,0.6000000238418579,0.5168129733403002,0.9810745228663855
0.6000000238418579,0.5581915065118528,0.40460766499173983,0.9139393574643068
0.5450500091022641,0.543669084302937,0.1708696297246497,0.7885759418162661
0.5635681898651499,0.5811752360012865,-0.21841353665055935,0.8384976043861055
0.5794839898116662,0.4528738911153156,-0.5642177280958376,0.9269509697926868
0.6000000238418579,0.6000000238418579,-0.6000000238418579,1.0392305258366357
0.4846983961220559,0.6000000238418579,-0.6000000238418579,0.9772065249596696
0.48539089757674736,0.5287948250926584,-0.6000000238418579,0.935536380428557
0.4456640982313822,0.5338434126939198,-0.5751233292892702,0.9024256875897628
0.4618806512910447,0.6000000238418579,-0.6000000238418579,0.9660920211126369
-0.5461384112353411,0.6000000238418579,-0.5459617542211822,0.9779271086891718
-0.6000000238418579,0.6000000238418579,-0.6000000238418579,1.0392305258366357
-0.6000000238418579,0.5974823095321127,-0.6000000238418579,1.0377789588463853
-0.5705076832036731,0.6000000238418579,-0.5614990386833516,1.000380035609958
-0.6000000238418579,0.6000000238418579,-0.48761762013949145,0.9786577546266935
-0.5463712837560556,0.5904888483558048,-0.2571284442251454,0.8445790055260955
-0.6000000238418579,0.5906300446601414,-0.23335734131378272,0.873670147716235
-0.5887545893949249,0.5929277922111122,-0.27272854700194193,0.8789631355521805
-0.5684979898522695,0.6000000238418579,-0.3321979259370864,0.8908116832828379
-0.6000000238418579,0.6000000238418579,-0.6000000238418579,1.0392305258366357
0.5157987653911722,0.45879858134125584,0.3245939202725405,0.7628274494914973
0.4010834516023636,0.6000000238418579,0.6000000238418579,0.9385456794262736
0.5827204523988585,0.5769150283984217,0.6000000238418579,1.0160679624149715
0.4910426010791653,0.6000000238418579,0.6000000238418579,0.980368753732519
0.4187877013214667,0.5658615496307537,0.6000000238418579,0.9249770055189837
0.3762112143555789,0.5966369030773753,0.6000000238418579,0.9260186286089988
0.5670737735026135,0.6000000238418579,0.5651938593375696,1.0005082667512646
0.6000000238418579,0.6000000238418579,0.43046038492748573,0.9514705461612458
0.6000000238418579,0.6000000238418579,0.20165537979498005,0.8721610799736009
0.537435296299515,0.6000000238418579,-0.3576608767547693,0.8813387708933312
0.5016477867783922,0.34304744010185007,-0.46595092430116336,0.7657952154441813
0.6000000238418579,0.4099761693246984,-0.5097039349477263,0.887625252753424
0.4974809747394815,0.6000000238418579,-0.5208037977910693,0.9374027654277407
0.5433386998425862,0.6000000238418579,-0.5535357757882148,0.9806216530519417
0.5962800511852522,0.5778128094419697,-0.6000000238418579,1.0244108408284927
0.37882403855848734,0.5407794359262483,-0.6000000238418579,0.8921603438399981
-0.539262507475508,0.5755631451976537,-0.47776525514262946,0.9221369882507098
-0.6000000238418579,0.5940037003617062,-0.5940380407922357,1.0323379381587734
-0.5967444406164082,0.6000000238418579,-0.6000000238418579,1.0373543197129176
-0.6000000238418579,0.5029990588822233,-0.5597443217650866,0.962456122425791
-0.5731369887645201,0.6000000238418579,-0.37681184971485804,0.9113030267621328
-0.6000000238418579,0.5686188073913292,-0.3131502652386744,0.8839629321122123
-0.5788630322709689,0.6000000238418579,-0.27693132826466826,0.8785063456313815
-0.6000000238418579,0.6000000238418579,-0.2634331433244978,0.8884802069952293
-0.5899611702972684,0.6000000238418579,-0.2409894989802046,0.8752886093669234
-0.6000000238418579,0.6000000238418579,-0.5056254749380736,0.9877536019305688
0.5297760896281176,0.6000000238418579,0.2452475504187578,0.837143413483192
0.423030190838769,0.5832767797283904,0.4556457533804199,0.8525135756719755
0.500382830974869,0.6000000238418579,0.5819708506241585,0.9742038170325864
0.4542114274747182,0.5926648493605406,0.5486796693589022,0.9266115821011346
0.4020291865803307,0.5922807860000814,0.6000000238418579,0.9340364152095713
0.5846597766381074,0.5848853660128708,0.6000000238418579,1.0217230419270975
0.5245257706676656,0.5546344147028703,0.4556637612172221,0.8890309788494042
0.48114555467813136,0.5647161853946276,0.44089802262286026,0.8630159217453258
0.5167688458076627,0.6000000238418579,0.05010735349659823,0.7934486848448656
0.5410730390356611,0.6000000238418579,-0.2159137627252528,0.8362887151670126
0.5518086575153556,0.31269593420492925,-0.41641501295661654,0.7587311808492199
0.5543071451249906,0.4021398038162123,-0.6000000238418579,0.9104794679509193
0.5477100792604948,0.4871033119645869,-0.6000000238418579,0.9472359769670055
0.5794979523832096,0.4562034349297066,-0.5779280734981379,0.9369846898403756
0.542587625623969,0.5072378096551795,-0.6000000238418579,0.954825405838298
0.549621503893273,0.22578855752559002,-0.6000000238418579,0.8444313464466012
-0.27840101363515873,0.5601429232511694,-0.5951111607723836,0.863379703570395
-0.5966016776026166,0.5790572246444832,-0.6000000238418579,1.0253003753737038
-0.6000000238418579,0.5050372302416637,-0.592560249616636,0.9829497860858057
-0.6000000238418579,0.5335322329801988,-0.4528560832952703,0.9218108832166172
-0.5785927715154418,0.5972266125537569,-0.3517896088447988,0.9028871196797149
-0.6000000238418579,0.4849228033705255,-0.21089498541166962,0.7997667464397027
-0.6000000238418579,0.6000000238418579,-0.14905144689797845,0.8615198146548
-0.6000000238418579,0.6000000238418579,-0.1472974866624911,0.8612180947922232
-0.46822231312746665,0.5563593318473299,-0.16656212541797166,0.7459965028522552
-0.6000000238418579,0.5828048500912362,-0.5984583014502141,1.0285007829237534
0.6000000238418579,0.25431589098821583,-0.4799392964007283,0.8093320265805538
0.4460225984717996,0.48724061195849777,0.584834138708227,0.8822531054566037
0.34288748871691743,0.6000000238418579,0.5588524807668456,0.8887564085777845
0.5303608480325974,0.6000000238418579,0.49267215300927214,0.9402172664266901
0.3346711260837786,0.5414304312844131,0.507856746173946,0.8142911943459772
0.3802161710833313,0.6000000238418579,0.5255208153771422,0.8835929451722413
0.6000000238418579,0.6000000238418579,0.4654931039309069,0.9678243058673874
0.5884925060487607,0.5084853855778153,0.23914027328994314,0.8136761562998874
0.6000000238418579,0.5972227562075538,-0.011835204132761179,0.8466493496124836
0.49026602598308444,0.6000000238418579,-0.2399733468193978,0.8111399460186752
0.589354431991433,0.346267883076677,-0.5270330424912366,0.863136096589592
0.5686508677540165,0.2770846992184557,-0.5665419390567391,0.8491816699909084
0.6000000238418579,0.31863029171498847,-0.4895209223262638,0.837350598497287
0.6000000238418579,0.20103764837697935,-0.5639672967722613,0.847629209326689
0.6000000238418579,0.17552151521090498,-0.6000000238418579,0.8664916961647077
0.5691974241644369,0.17287308192509987,-0.5353124410321884,0.8002688421109199
0.4650563327829498,0.08271418975606659,-0.6000000238418579,0.7636223271086031
-0.5959199941650741,0.5841927703484937,-0.5760905888190575,1.0140425034972835
-0.5115040943994851,0.6000000238418579,-0.5120204895535992,0.9401071475743469
-0.6000000238418579,0.5529048517912474,-0.6000000238418579,1.012770374939335
-0.6000000238418579,0.6000000238418579,-0.4067266629777661,0.9409711130515588
-0.6000000238418579,0.6000000238418579,-0.04408471939474867,0.8496725955946642
-0.6000000238418579,0.6000000238418579,-0.06625335985214587,0.8511107829843059
-0.4350969566331707,0.6000000238418579,-0.14814690549363685,0.7558153847924888
-0.6000000238418579,0.6000000238418579,-0.01580813871045772,0.8486754117269742
-0.6000000238418579,0.49043521767087994,-0.10675470920723978,0.7822552647825617
-0.27645066920056516,0.4961639398751492,-0.5671668681347639,0.802671716235017
0.5723229966032648,0.5459383561795406,0.38238476382533326,0.8785331005686213
0.4109724430738144,0.6000000238418579,0.5122112324323107,0.8895272475906043
0.5792517051630321,0.5327617940545093,0.6000000238418579,0.9896300802566027
0.5490212502218517,0.6000000238418579,0.6000000238418579,1.010655426154545
0.40969461766794746,0.6000000238418579,0.5079249955217326,0.8864747652539625
0.44883594324011056,0.6000000238418579,0.5668655011910897,0.9395691720118828
0.4866898638415249,0.5990179661894985,0.20745882940601523,0.7992050508363916
0.6000000238418579,0.6000000238418579,0.08606295936717256,0.8528815217810125
0.5788321674767285,0.6000000238418579,-0.11439345922462552,0.8415061320212786
0.4818008164178369,0.2933865640860088,-0.25040893775819106,0.6171809611420896
0.5662642427463478,0.24946749470542606,-0.3742031414768674,0.7231301505392048
0.5567144363357022,0.22903953756798134,-0.533231156950746,0.8041924770457408
0.5442761982227216,0.1037747999558567,-0.5897252339243126,0.8091857886695383
0.5820860183916765,0.11334879854424507,-0.5389763402994827,0.8013535913322675
0.5331598770065891,0.041933822517017494,-0.592280223294518,0.7980061170356867
0.4723010676825645,0.09327884841430711,-0.4997654921507205,0.6939270777540257
0.04889903249040373,0.23904496687980248,-0.5553252449403668,0.6065638789419807
-0.5958787302350306,0.6000000238418579,-0.4034777789968943,0.9369449332276732
-0.5627843339775918,0.6000000238418579,-0.5650504790437031,0.998002143809496
-0.5189930308367179,0.5852810961972077,-0.3482587942988779,0.8562662643298494
-0.6000000238418579,0.6000000238418579,-0.0961094040147844,0.8539537895931707
-0.5596573298659836,0.589548094586041,-0.21485801934544152,0.8408015527934044
-0.521950812030894,0.6000000238418579,-0.07714271070158052,0.7989891592533201
-0.49026476075248177,0.5363748500700474,0.012647177807968424,0.7267857088095915
-0.6000000238418579,0.6000000238418579,-0.03703007154910187,0.8493357895552216
-0.6000000238418579,0.6000000238418579,-0.038588578590798894,0.8494051657590259
0.5237114626508188,0.03915459986688019,-0.6000000238418579,0.7973749478211775
0.6000000238418579,0.6000000238418579,0.15977413992941736,0.8634395363953663
0.48387281934252635,0.5871221175652277,0.5721414125185533,0.9519406925599344
0.416013122047151,0.6000000238418579,0.6000000238418579,0.9450222086998157
0.4606525505666592,0.549020588129157,0.5785416019795959,0.9210509018259366
0.3929519923317436,0.6000000238418579,0.45886120244500317,0.8514487066153726
0.5934152915795061,0.6000000238418579,0.41348555539007825,0.9397404117131826
0.5292543588038723,0.5849651115376795,0.23005507447485385,0.8217175276947781
0.5645688344677371,0.5826995473672008,-0.27213082011000705,0.8557639362627668
0.516722594836535,0.5875593091641667,-0.19662048312106722,0.8067761747739186
0.6000000238418579,0.20251184733034544,-0.2675691538461624,0.6874622382424583
0.5745733621939677,0.08923827970067988,-0.2500658845611755,0.6329541576829876
0.5516147450806304,0.1725636504127569,-0.42927186521599936,0.7199523419644999
0.5291111912346766,0.12243394075868441,-0.6000000238418579,0.8092890405471396
0.5293815747929815,-0.007022490491811029,-0.44440261618149346,0.6912219993402702
0.5037708053347467,0.01909598860421835,-0.46215372346760963,0.6839120887975059
0.5581730932553237,0.018793208253294336,-0.5766801575577277,0.8027891322330377
-0.41277388670516374,0.47012602841365037,-0.5010550257785131,0.8015340934705062
-0.6000000238418579,0.6000000238418579,-0.4607135519635265,0.9655345846645315
-0.6000000238418579,0.5605247543517464,-0.4125512476595291,0.9189050880241929
-0.6000000238418579,0.6000000238418579,-0.11641410300857447,0.8564766783746952
-0.5634087921689999,0.6000000238418579,-0.020661345042430113,0.8233203428086322
-0.5556787146713841,0.6000000238418579,0.06970627366193216,0.8207544255969039
-0.568721514212401,0.6000000238418579,-0.06996237767709401,0.8296619333370121
-0.6000000238418579,0.5172104099102524,0.023850720077743914,0.7925121409656689
-0.5767637920220526,0.6000000238418579,-0.06204455812240728,0.8345693665540884
-0.6000000238418579,0.6000000238418579,-0.44836622143759375,0.9597042907826793
0.6000000238418579,0.2567660540230474,-0.19749325120684447,0.6818595305347329
0.44994586473296727,0.5586406257834053,0.47493704311851737,0.8602882219884989
0.3429434351766433,0.5490982119856136,0.4861840209845978,0.8096258076403605
0.4137343802976703,0.5236382625600888,0.46552522453608547,0.8136872262341461
0.33452871525241223,0.5306984577793683,0.550878617854091,0.8348757787998542
0.40645800102553276,0.6000000238418579,0.47997874142459596,0.8692454931878802
0.6000000238418579,0.5553439226567283,0.33939742300767217,0.8852104336180415
0.5377999446380834,0.6000000238418579,0.10166382373663296,0.8121356673116313
0.5318574184891811,0.4973233920037392,-0.15503051112789823,0.7444711742012972
0.5380217251773256,0.48785814765167546,-0.14432310521030345,0.7404742451229847
0.6000000238418579,0.29823527478793643,-0.09824187697498565,0.6771969980217235
0.5595704798937271,0.1484142939914257,-0.22713411656985372,0.6218808821144426
0.6000000238418579,-0.008651299612870145,-0.4222280161405474,0.7337243155362947
0.5432781669230407,0.07669624302415223,-0.4203279070156796,0.6911649801353226
0.5023731752830143,0.10044529736825936,-0.5061322568490315,0.7201652077339131
0.6000000238418579,0.021670250432242466,-0.40263823523390413,0.7229019137035805
0.5836684783847876,-0.20042972306036044,-0.6000000238418579,0.8607212064055911
-0.17719960329351098,0.25060615925473984,-0.3599207514902219,0.4730180692289416
-0.6000000238418579,0.4826971282424728,-0.4286780517002108,0.8813406936215126
-0.6000000238418579,0.5996778235730447,-0.2044707753277749,0.8725948765943307
-0.6000000238418579,0.5985128322851845,-0.07928698460421035,0.8511780453864466
-0.6000000238418579,0.6000000238418579,0.02171568497105114,0.8488060015069533
-0.6000000238418579,0.5402064703541942,0.0651149755948488,0.8099771720668952
-0.6000000238418579,0.6000000238418579,0.06528617832682126,0.8510360405417514
-0.5715892722433213,0.6000000238418579,-0.10683396672818096,0.8355404366042123
-0.5968845314237174,0.5321743429725865,0.0858054829083923,0.804265662619235
-0.5113094592894987,0.5958157673319786,-0.0584661912319856,0.787306857125917
0.5942958269603733,0.14211973428463598,-0.09240238398073086,0.6179997972337629
0.2441473898632308,0.6000000238418579,0.5597757589481347,0.8561290071555914
0.4770865281559675,0.5664724254360847,0.5704313554698746,0.9348232428810024
0.5893973761991402,0.6000000238418579,0.5709290503203233,1.0165378872330963
0.2664372752757793,0.6000000238418579,0.455896463465703,0.7992686880312193
0.4346111105090875,0.6000000238418579,0.4165343047739265,0.8499339227502751
0.4900841464797061,0.6000000238418579,0.33967153103298464,0.8459073520399643
0.6000000238418579,0.6000000238418579,0.03600962465383373,0.849291911116649
0.560159374393927,0.5865640051453176,-0.11337583316364669,0.8189566144790962
0.5813807851854371,0.09815850279870442,-0.13201295149102454,0.6042070244675166
0.6000000238418579,0.05855352264272362,-0.05229376647496342,0.6051141889232478
0.6000000238418579,0.050325654378514995,-0.2352092847115374,0.6464179048520925
0.5786009244676384,-0.024230868997454524,-0.4194639102727875,0.7150637292077643
0.5554958516005601,-0.06615777771037856,-0.41256061377404174,0.6950962183285285
0.5764610279368341,0.016443256071494883,-0.5060284845874139,0.7672304247187143
0.5586624535747899,-0.07995821850605267,-0.4537025183313008,0.7241153422494446
0.6000000238418579,-0.07697198622939994,-0.3597335664495101,0.7037989443760293
-0.15462288054487405,0.07206536187140877,-0.47785155214526204,0.5073891578042318
-0.5944486123763065,0.6000000238418579,-0.3294778156844461,0.9066006907092782
-0.5909287183356872,0.5947420370501049,-0.2580323229282502,0.8772089377475101
-0.6000000238418579,0.4633072401678622,-0.06142761438598432,0.7605438706684476
-0.5512344680341911,0.6000000238418579,-0.0035674590440418763,0.8147835259277145
-0.5116602931107737,0.6000000238418579,0.025905766986803247,0.7889660277347862
-0.6000000238418579,0.5917341496796622,-0.024714760047060746,0.843065923799276
-0.5268172270859011,0.5406666677521248,0.21474346247949594,0.7848385764285207
-0.6000000238418579,0.5644154178537251,0.16904895715456325,0.8409175598334658
-0.5819498853268117,0.5837615707177921,0.009151265514877549,0.8243342684489811
0.6000000238418579,0.09191384742022046,-0.06496159344698516,0.6104655539676166
0.5090167049728185,0.6000000238418579,0.4523966456322761,0.9076126704332365
0.3838537751419562,0.6000000238418579,0.5216015423079117,0.8828430881186949
0.5039867716937034,0.6000000238418579,0.5413239598711841,0.952383496383201
0.32979639147081774,0.6000000238418579,0.528621273618425,0.8649890978268852
0.16796450517358597,0.6000000238418579,0.45706248030094043,0.7727342457192415
0.4819689702687002,0.5630527422272311,0.4906467664141059,0.8888513532779788
0.543914041884376,0.4572766940139019,0.19595107181164118,0.737116871595959
0.6000000238418579,0.5279622868288045,0.04115707847767358,0.8002737719259255
0.5066294458276595,0.23128839522100486,-0.038504426138162184,0.5582564894166285
0.49581765739526706,0.09103446757138145,-0.0899341274445501,0.5120650065666935
0.6000000238418579,0.01812721999143907,-0.061398888654374484,0.6034057078308428
0.6000000238418579,-0.07326998814118812,-0.22521601960214754,0.6450509865567797
0.5646196035446738,-0.16333007935208405,-0.33347853914585823,0.6757809908535148
0.6000000238418579,-0.06475136012155847,-0.41084693264871996,0.7300602504688799
0.6000000238418579,-0.24994778446360372,-0.4010132179533902,0.7637313169838116
0.575375063003309,-0.1976196900976711,-0.39039219853576335,0.7228527330777329
-0.1723498130981388,0.12047018116062547,-0.20003221342004318,0.2902247560590912
-0.47401005905976257,0.487367691113622,-0.20715682126515172,0.7107226962943737
-0.521901023900544,0.5886544052635769,-0.016414106387676264,0.7868698179960633
-0.6000000238418579,0.5937246405655068,0.08245665666940516,0.848120320269457
-0.6000000238418579,0.6000000238418579,0.12592549233839323,0.85782124410691
-0.5692021845388282,0.6000000238418579,0.16587809742190496,0.84350856468581
-0.5162611293089587,0.6000000238418579,0.12363386008021315,0.8011310214964373
-0.6000000238418579,0.586639340353758,0.02330188982818826,0.839457397567314
-0.6000000238418579,0.525709240702245,0.10347025681289279,0.8044105471802859
-0.6000000238418579,0.6000000238418579,0.12705416752760734,0.8579876565001349
0.43167948264279676,0.003889665035728185,-0.4284612322530059,0.6082280269542066
0.4462580406661143,0.5267581645182509,0.3755037209226819,0.7858902259047224
0.41416659722835614,0.6000000238418579,0.6000000238418579,0.9442107961044375
0.35712020590211124,0.6000000238418579,0.46924201473060534,0.8412627047850356
0.325905567741119,0.6000000238418579,0.46227575795987463,0.8245685805876112
0.300652852752222,0.6000000238418579,0.5043462784291382,0.8394982638717016
0.3742694209131424,0.6000000238418579,0.305953255147868,0.7705095861677941
0.6000000238418579,0.6000000238418579,0.3376763935958079,0.9132499132287565
0.47703178369141197,0.5605582572546015,-0.06340548085461628,0.7387862596384228
0.5315175568094244,0.1977963441493582,-0.1998704524287423,0.6013173078413603
0.6000000238418579,0.07855922210943045,0.05330792143313123,0.6074646610924703
0.5298848239586667,-0.0806931080741845,0.029548632141996767,0.5368076247724525
0.5532405944391774,-0.054780103507955924,-0.09353795297157874,0.5637600231675443
0.5338456581282229,-0.2679557052217705,-0.16501645164035006,0.619694986243413
0.5495188807794325,-0.2161022501602301,-0.40369588520956956,0.7152912348075661
0.5626190431547491,-0.3001294521795996,-0.38384278745021916,0.7442802975113247
0.6000000238418579,-0.22789093859674198,-0.2442626922079152,0.6867303483241386
0.5812309057066669,-0.19036421246651097,-0.32839445678729823,0.694197967719016
-0.460541901895439,0.6000000238418579,-0.11556342967522598,0.7651495136834363
-0.6000000238418579,0.6000000238418579,-0.12613190467859248,0.8578515690947413
-0.6000000238418579,0.6000000238418579,0.03762572692597832,0.84936196791896
-0.6000000238418579,0.5602215151578012,0.10169293993867612,0.8271575597728064
-0.5831380482483055,0.6000000238418579,0.1803429040634441,0.8559051203089685
-0.6000000238418579,0.5921342297791126,0.1230729498243911,0.8519213142449308
-0.5451330205066446,0.5883810309032727,-0.06901731620167406,0.8050625053430184
-0.6000000238418579,0.6000000238418579,0.173906556267867,0.8661660046050116
-0.5660958257197315,0.48085515030695536,0.24564543766013358,0.782322082340303
0.4931292912616396,-0.1744688060266018,-0.2704613329137276,0.5888677226491745
0.5333530407011953,0.5085889692714871,0.14378486129196943,0.7508676927572496
0.31487736630536334,0.6000000238418579,0.6000000238418579,0.9050678499603564
0.39255065392797595,0.5708769446912025,0.5433077607165717,0.8804429707448969
0.3877422684073435,0.5991721045922658,0.5492358142433371,0.900561634358659
0.19034653905470578,0.6000000238418579,0.48498881364492386,0.7946357548594484
0.4348285776737686,0.5694641589325362,0.39597799061158956,0.8186353824013017
0.4535820153278598,0.6000000238418579,0.22421066117687394,0.7848611939855887
0.5353228280442823,0.5626494776878512,0.025717341195206078,0.7770497709966143
0.5895401499115036,0.16872334465276173,-0.10566066543722058,0.6222453950083753
0.6000000238418579,0.17633184146591752,-0.05962138407071993,0.6282098824147069
0.5694635557319538,0.07067081677674791,-0.13074159748207015,0.5885375697123646
0.6000000238418579,-0.12526713657959132,-0.06261812528357891,0.616127351877118
0.5153434984269538,-0.18843327031229823,-0.10791445069141997,0.5592240583161192
0.5369471608495924,-0.16778015597271384,-0.23790441035119075,0.6107871501163183
0.6000000238418579,-0.3185793249225241,-0.3258226010224951,0.7534276224133181
0.5236199414038136,-0.289551268526267,-0.1359048922720098,0.6135861144813906
0.4559165060769872,-0.2833104057035188,-0.24889710120285863,0.5916708658371865
-0.032498943669321934,0.017631716593609403,-0.11399366212908207,0.11983995066445265
-0.6000000238418579,0.4986292450518435,-0.2022153536587874,0.8059294025450057
-0.5035010728814375,0.6000000238418579,0.11821130157275794,0.792140941261411
-0.4894402839672639,0.6000000238418579,0.11811222113713404,0.783263887181155
-0.6000000238418579,0.5937531255486885,0.16435845184110554,0.8599747109076358
-0.6000000238418579,0.4994759235951338,0.19187446413755083,0.8039229047921911
-0.6000000238418579,0.5227048605501103,0.12079781777622511,0.8048680094477842
-0.5821023593578228,0.5445280856598262,0.12572543656996527,0.8069453997904736
-0.5954795275926033,0.6000000238418579,0.14863627503518828,0.8583056790261125
-0.6000000238418579,0.5466441502509785,0.09505547515123958,0.8172242036124923
0.6000000238418579,-0.16964692899766753,0.013357381942956548,0.6236653980949558
0.24409687924101253,0.5959799862215689,0.45499005540997084,0.7885374949574885
0.3896510866783435,0.5991533136415907,0.5720419752435524,0.9154478051958272
0.5131354677429898,0.5419466404829782,0.592189257955607,0.9527341111897988
0.26917238426900214,0.6000000238418579,0.6000000238418579,0.8901987585216683
0.18490647671621652,0.6000000238418579,0.4277885981848961,0.7597325308809892
0.4159518034269476,0.6000000238418579,0.3745456456143966,0.8205488236741707
0.4099925838003504,0.5232888973713983,0.141335617579189,0.6796329492306504
0.46629072564437446,0.27213954381861494,-0.08475539397790577,0.5465075012660954
0.5918080892203494,0.2156818891727479,-0.10881862868411196,0.6392159147991054
0.6000000238418579,0.024847157975157352,-0.08138828106634177,0.6060045067197161
0.5923234127354606,-0.09906352819773101,0.06327729193807596,0.6038746753827171
0.6000000238418579,-0.3174141801833761,-0.05824616335559496,0.6812814439989991
0.5361783824675441,-0.20665203923520642,-0.09623379881927197,0.5826261813382312
0.5298051404224984,-0.1736892659686038,-0.18754530884700588,0.5882471341208
0.4941841105346274,-0.2605372023158419,-0.12784327099183812,0.5730981336851128
0.6000000238418579,-0.28634303972421987,-0.22413374004515135,0.7015898363255868
0.3268074113676438,-0.14816089214986933,-0.10700196029226838,0.3744384510087789
-0.6000000238418579,0.5451758580247461,-0.06792249777694281,0.8135294773316496
-0.5835470904659552,0.568606799154068,0.040522422656495305,0.8157713929609618
-0.563853976760145,0.6000000238418579,0.17434267334892872,0.8416214727945762
-0.5429734471869547,0.6000000238418579,0.23606181777668522,0.8429385355839106
-0.5591403060577265,0.531580797894144,0.30872800846128967,0.8309807517365111
-0.6000000238418579,0.5875525802485009,0.2246808544018455,0.8693098121507915
-0.5775648102984889,0.5708089813322283,0.045284364477699346,0.8132986394497503
-0.6000000238418579,0.6000000238418579,0.12302804315349136,0.8574006978202418
-0.5535696050351941,0.5836804618480944,0.2716313544353999,0.8490617067530696
0.4522869673913954,-0.1879962095149315,-0.12662218081803445,0.5059043905118854
0.45660544138396997,0.5243057796976016,-0.005403276638405563,0.6952799976442521
0.2040582844401022,0.6000000238418579,0.36770865661415386,0.7327001216103717
0.3280015242292186,0.4874167321099534,0.5934572260317947,0.8350757748652451
0.39450081569317963,0.5519819725540918,0.5780019536660173,0.8912918994633705
0.15515602663467942,0.541662436064499,0.49779492989472307,0.7518453161876325
0.32151070235947155,0.5564208585458923,0.5150375312177242,0.8235514325890502
0.4881739905475544,0.5824667842938163,0.34865089566540364,0.8361452307470222
0.5148973631514724,0.5115625385948852,0.036888704569370434,0.7267573886784977
0.5637919361760455,0.12833774455468494,-0.05920972388409895,0.581238088374247
0.5838555952225626,0.041808071518915746,-0.032692676815037625,0.586262809697286
0.47467523122850164,-0.04821995517131139,-0.13138493999806866,0.49487750168789335
0.47422088233167203,-0.16123372494846117,-0.12018741688590312,0.5150988006954506
0.4972792467078919,-0.17918596316793506,0.03468668361271665,0.529714474620845
0.5989837969148926,-0.18672900885501292,-0.04784983529690123,0.6292367745550933
0.5299885883223929,-0.314174631059184,-0.01239586364517431,0.6162363669799495
0.6000000238418579,-0.33759651715980965,-0.1364466406432996,0.7018469368398679
0.6000000238418579,-0.28196404425580635,-0.018091512212369376,0.663197597762123
0.16774453006436185,-0.032323346344854675,0.046869978244702404,0.17714350382134225
-0.5852536560876791,0.5669238965671992,-0.03722614878100872,0.8156655764564283
-0.6000000238418579,0.6000000238418579,-0.005672809570086312,0.848547133628344
-0.6000000238418579,0.593495812881017,0.26402224993263457,0.884276572672272
-0.6000000238418579,0.5646375086055802,0.1982516948956955,0.8474191874530352
-0.6000000238418579,0.5778942013376822,0.1814766737348823,0.8525816791720454
-0.6000000238418579,0.554133093884223,0.236482199711314,0.8502866252789308
-0.5467311269970786,0.6000000238418579,0.1166256317046046,0.8200710285141305
-0.576484404982153,0.5513380617274775,0.06160794784232093,0.8000646640955849
-0.5766071911736718,0.5929776849720167,0.18680076123771083,0.8479344975804156
0.6000000238418579,-0.3198479279916124,-0.1138986442340672,0.6894023693091839
0.29256408411756785,0.49671633641430946,0.4235863942492568,0.7153644494727786
0.24071368278403693,0.5903711767424213,0.5065163953038314,0.8142727197439887
0.3311225824280838,0.6000000238418579,0.5678024472830137,0.8899673097056164
0.2815224205481287,0.5359757985112508,0.581948467182049,0.8397552907345012
0.25072165214447706,0.5854114406137783,0.5251816670420224,0.825459681058132
0.22575349578207382,0.6000000238418579,0.400847052245747,0.7560707829047235
0.4394654223741985,0.5324675451768532,0.11883555715905236,0.7005522348651093
0.43858534458713727,0.18841252059234226,0.06024621384802464,0.4811299083258072
0.5117267853113365,0.1465601128732963,-0.02731819079153386,0.5330013630738957
0.5692242972408423,0.006152602124311457,0.08439227474910005,0.5754791144077763
0.5925092879833098,-0.20414451675434336,0.1302360097625247,0.6400809779287443
0.557590275990548,-0.18733701704070171,-0.11476116082174248,0.5993097678714051
0.5804607178197438,-0.27006467499730635,0.10479420810473072,0.6487306063887465
0.6000000238418579,-0.24328462180868177,-0.11017254073094673,0.6567537015883013
0.6000000238418579,-0.36858705611238063,-0.09589037332935735,0.7106696913764262
0.5444412200442754,-0.25960751112206304,-0.07027588609342117,0.6072487151740271
0.5722983831440076,-0.33533045969099456,-0.0689089640227386,0.666873602617847
-0.03748801206521646,-0.026365166792891914,-0.005442663051746122,0.04615295927363345
-0.5530245178500003,0.6000000238418579,0.03133022741530267,0.8165890821602686
-0.5809399386052815,0.6000000238418579,0.1747494483313773,0.8532459261954076
-0.510093648532027,0.5367404817438071,0.15314913443786915,0.7561352606474305
-0.6000000238418579,0.6000000238418579,0.2800258395762818,0.8935404456715217
-0.5376799033271007,0.6000000238418579,0.17824946913963635,0.8251500350243176
-0.5880456733387405,0.5888488046233349,0.12897691956537038,0.8421256880177181
-0.5080436097712717,0.6000000238418579,0.09046990672253141,0.7913868472890093
-0.5837147021418321,0.6000000238418579,0.06457574314752546,0.8395790068300976
-0.6000000238418579,0.5644333669812218,0.3037631639248016,0.87798468900636
0.6000000238418579,-0.1513556166545289,0.024145085085837015,0.6192669347195158
0.24414029995752606,0.6000000238418579,0.5026397125013282,0.8199092603800733
0.2187578478450738,0.6000000238418579,0.569385320148833,0.8556019327964539
0.44863810652214164,0.6000000238418579,0.5286226699871877,0.9169068144901017
0.29619588080275006,0.5433697111406641,0.48234931670463177,0.7846295343122326
0.15775063318112048,0.5853132503195217,0.5256604354653336,0.8023688407972057
0.09908566440068389,0.6000000238418579,0.36657492050470786,0.710067017853236
0.4483311473229352,0.6000000238418579,0.2174145720936942,0.7799166253060731
0.520328954747002,0.06466854256748222,-0.1146826647023228,0.5367274495767245
0.5280436799614638,0.051623805865187444,-0.04990360671182892,0.5329029135237491
0.5392024513093132,-0.04989494086809976,-0.05280476362869524,0.5440745644524156
0.46576432718345395,-0.11756255817271616,0.05441455096303072,0.48344421282840594
0.5865600978832126,-0.16415223243020427,0.12493771616439941,0.6217782054406216
0.4728713802479376,-0.2232746476910591,-0.073221571514682,0.5280343824925
0.4513227744030892,-0.2848412436684723,-0.035615279505966435,0.5348787048703584
0.48451465762041646,-0.29856999133033973,-0.0030416152239567396,0.5691289349481355
0.5216310624992084,-0.4161283250744383,-0.13410690476806664,0.680622075898058
0.6000000238418579,-0.3486135120645216,-0.007374597094426116,0.6939638276498967
-0.4651501156160909,0.49579649046130436,-0.006448269265599604,0.6798679064258958
-0.6000000238418579,0.6000000238418579,0.0863583062739286,0.8529113753977969
-0.5889630149915945,0.557488217539998,0.16547478031511542,0.8276789526406051
-0.6000000238418579,0.6000000238418579,0.3486215143093626,0.9173532675364563
-0.5984391798635968,0.6000000238418579,0.2262582347067036,0.8771101808659151
-0.5819904746968775,0.5760323557980909,0.0880475180305138,0.8235766831300707
-0.529548494280828,0.6000000238418579,0.08161932977521413,0.8044149124663696
-0.6000000238418579,0.6000000238418579,0.05903998015869749,0.850579670858409
-0.6000000238418579,0.5669095798766073,0.04828061747985202,0.8268721294071637
-0.5725868515315096,0.5903383476809427,0.24709632483085475,0.858726767391321
0.6000000238418579,-0.24664514640724566,-0.0756518643408578,0.6531133603247826
0.08848413412701328,0.6000000238418579,0.4335852128469666,0.7455371267763844
0.27172321632275853,0.6000000238418579,0.5460557465636922,0.8555760709920807
0.3099505585593383,0.6000000238418579,0.6000000238418579,0.9033655992850879
0.11649831283608081,0.5850599175893143,0.4891267665135983,0.7714349990655834
0.2184807764882698,0.6000000238418579,0.563321727976777,0.8515076320949152
0.3007179809599978,0.5133980970274734,0.42951191815722534,0.7338183684967198
0.4685542681381316,0.563403104292928,0.22332945263363901,0.7660562672095365
0.46265869592660835,0.11333132708852256,0.028144905650979157,0.4771678890393381
0.6000000238418579,-0.016931586781686936,-0.0886484800957783,0.6067497509389415
0.6000000238418579,-0.10385512537965519,0.008158720608854919,0.6089765844429713
0.5567716522711537,-0.17019768685228126,0.0969804328092444,0.5902263377133267
0.6000000238418579,-0.23925451905101092,0.024927204169961747,0.6464241015032558
0.6000000238418579,-0.33762261909101826,0.01818293123913295,0.6887087051290669
0.557139678643733,-0.30737266741249286,-0.1565981689138461,0.6552904430088101
0.5233576419080519,-0.3688107003060014,0.04497039196567276,0.641830889064484
0.5496216332417811,-0.35905736695781076,0.10552712354085814,0.6649376709864214
0.6000000238418579,-0.44861650743877235,-0.042079224132742565,0.750351557911627
-0.10720635901311742,0.2681928620378221,0.18432903460283034,0.3426336347448965
-0.6000000238418579,0.6000000238418579,0.04249328382312645,0.8495915114868633
-0.6000000238418579,0.6000000238418579,0.3454615200979986,0.9161570384431262
-0.6000000238418579,0.5465727153756776,0.33338184731294507,0.8774310331422996
-0.545391663460117,0.6000000238418579,0.15541305729369204,0.8255939156506642
-0.6000000238418579,0.6000000238418579,0.1442026830708788,0.8606941797324416
-0.5898562351097898,0.6000000238418579,0.03125493152110437,0.8419663161032718
-0.5648275815356254,0.6000000238418579,0.08437063283581081,0.8283408894644335
-0.6000000238418579,0.5887274549903567,0.14486243062835402,0.8529860307632284
-0.5875340207653871,0.6000000238418579,0.27166791618374575,0.8826096027409803
0.5196582997419883,0.03640482652755006,-0.11069214540460892,0.5325624948675135
0.1217952344032347,0.5594230201321677,0.5718455527794679,0.8091943714650948
0.4063961063659809,0.5660423221728739,0.6000000238418579,0.9195443079974555
0.1899517280608054,0.5875233528307495,0.6000000238418579,0.8609676984213761
0.20091276632136823,0.5372024341499821,0.42401057637920925,0.7132582728640445
0.16581077530026245,0.5616751919209817,0.5137942121511214,0.7790742755765571
0.22012276253424523,0.517402035676356,0.35391459262648606,0.6643902738464166
0.5106565791819189,0.5442241227999758,0.16632254935860014,0.7646000445489959
0.5487227103360275,0.07442059805672196,-0.030024918301852166,0.5545597659158741
0.5238915135204611,0.06693583140425863,0.005156899006380389,0.5281754604976464
0.6000000238418579,-0.05522437248180878,-0.018518667674226164,0.6028206208970195
0.5367191818464891,-0.18285893583602436,0.08656359617569487,0.5735835830634597
0.4384495059422673,-0.3501065639407299,0.02640101831359687,0.5617024026505473
0.6000000238418579,-0.3059411788668675,0.10052959108591719,0.6809597875209522
0.6000000238418579,-0.42866172534318425,-0.01272981684821417,0.7375045434581502
0.4488966861848156,-0.42504848464750694,-0.022266196135536487,0.6186034534814665
0.6000000238418579,-0.420050389702267,0.026495907491346227,0.7329013518974067
0.5482312244620651,-0.46155740605821977,-0.05149047737400203,0.7185012065560991
0.06788634050900832,-0.07870269121282747,0.09293503521708713,0.13942592873152368
-0.5891881969416983,0.5718833216176396,0.10149067039819948,0.8273412966471032
-0.5563097253867059,0.6000000238418579,0.12408064113427486,0.8275726824118561
-0.5556301915546789,0.5985434117060653,0.303740277402222,0.8713422298845639
-0.5902294149940321,0.5644559167233729,0.3160145593813337,0.8756976909808539
-0.5143848830886444,0.6000000238418579,0.30580180388585076,0.8474116944084432
-0.58632412568929,0.53230010958695,0.12475016745800338,0.8016744921178353
-0.5963919711269683,0.5655562490722206,0.2503815983359926,0.8592020710372134
-0.6000000238418579,0.5437408227763647,0.10613603939682881,0.816651069810475
-0.5652426138073262,0.6000000238418579,0.2055231410285191,0.8495522365176827
0.5171100882515514,-0.4801502269326916,-0.004208578719543277,0.7056662071616304
0.06516003312920093,0.5955906124303434,0.46515424277370343,0.7585133335037213
0.26044563145366406,0.6000000238418579,0.5724841835821046,0.8692353513319605
0.3810351524085568,0.5362341438585312,0.471471114752106,0.8093329700786305
0.2195502717879637,0.6000000238418579,0.49986236695146946,0.8112118936176443
0.09370984008890504,0.6000000238418579,0.44989610805038116,0.7557698530495898
0.17949777378429232,0.6000000238418579,0.4674272166143023,0.7814778833950075
0.3384083509354011,0.5422063651714064,0.35511660331279415,0.7311742311950158
0.5123456321064748,0.06385135701998068,0.08380016356582565,0.5230654929791635
0.5298091841234396,-0.05925735165281887,0.049072385621826586,0.5353665140229333
0.4845433776719561,-0.17305494794781856,0.013007502298831075,0.5146838786779941
0.5662519394029901,-0.1838501604074882,0.0048882466616346765,0.5953705025569639
0.5276266124930622,-0.3725975067516217,0.033939951857674955,0.6468157887532818
0.5931082940071652,-0.4860866557789484,0.1061666865468126,0.7741634521719435
0.5146895169339512,-0.45748713124493023,0.016118453979354852,0.6888102631749214
0.6000000238418579,-0.4141770987320964,-0.02170283556790642,0.7293926999881849
0.6000000238418579,-0.39703843208028333,0.04887941538973173,0.7211301840915008
0.5294585364616462,-0.41074367504574705,-0.01432735838336796,0.6702551615768729
0.13215051367544972,-0.13915920986989888,0.02984579327425363,0.19421589876338463
-0.5160500461638952,0.5153613164226116,0.16016987737476673,0.7466989528778337
-0.6000000238418579,0.591419487807169,0.2256426731895732,0.8721763899191841
-0.6000000238418579,0.6000000238418579,0.24049988758419105,0.8819525231827781
-0.5728183031519464,0.6000000238418579,0.27534083298666234,0.8740328434022914
-0.6000000238418579,0.583028928660372,0.22181939150723595,0.8655210007352402
-0.5647447488794397,0.6000000238418579,0.24281693689807737,0.8590091529440744
-0.6000000238418579,0.5599839997375762,0.01434922356167423,0.8208459105027853
-0.6000000238418579,0.5863427049815817,0.12463225410803658,0.8481338308659775
-0.6000000238418579,0.6000000238418579,0.20873875131660202,0.8738260258894068
0.6000000238418579,-0.3458044641831461,-0.004784239579884164,0.6925342193766172
0.3911041890654179,0.0677200703248485,0.21447098613308757,0.45116105607889034
-0.022497335509257255,0.5678677669894003,0.5509556158928981,0.7915377575166372
0.2960879673009795,0.5033707530892662,0.5435696228845077,0.7978208660901812
0.14613863904354496,0.5769227302491491,0.6000000238418579,0.8451013945733743
0.017951557108130345,0.5153969449914753,0.5399579822224514,0.7466665198566851
0.18103010418219867,0.6000000238418579,0.5090784072062255,0.8074235269758216
0.2569003963116028,0.6000000238418579,0.24472092576678428,0.6970553591670037
0.5492565151906399,0.10570947897900118,0.153429779415022,0.5799981988219618
0.6000000238418579,-0.023032794766604137,0.001028566619194704,0.6004428334107093
0.532700294947789,-0.10326388857864388,-0.005770387183783421,0.5426475212235792
0.5163376149650543,-0.2030663379134044,0.17974810350718318,0.5832236714467192
0.5645113287959753,-0.3021595249298285,0.05986910137629242,0.6430845419883937
0.5139096601137294,-0.3980397972456242,0.020794707009912816,0.650362390355696
0.5472160368139887,-0.44324066259638994,0.1596915389279746,0.7220866038990615
0.6000000238418579,-0.38344392019807355,0.024679153354135952,0.7124874238590978
0.5471798476860426,-0.31850705839561566,0.015026413100952762,0.6333074490736939
0.6000000238418579,-0.4742948272572749,0.06427708640941077,0.7675201336841406
0.38175777851807446,-0.3460075091952445,0.05731177392815279,0.5184060544682557
-0.4179970737341762,0.4824561304870536,0.01632401926006044,0.6385545748796089
-0.6000000238418579,0.6000000238418579,0.20915330736766558,0.8739251473686367
-0.5112355174689869,0.5951181273503499,0.21615967962687288,0.8137888835067497
-0.6000000238418579,0.6000000238418579,0.23680661541484604,0.8809525698496457
-0.6000000238418579,0.5882343098838367,0.20540271706922542,0.8649912763225789
-0.5556645271699365,0.4934865452119288,0.16151941173262752,0.7605133512481212
-0.5502122528306566,0.5675001831636868,0.009156821923605118,0.7904896131155329
-0.6000000238418579,0.6000000238418579,0.08819257124060076,0.8530990486704861
-0.4932004862803121,0.6000000238418579,0.0450839140023348,0.7779969842995127
