Episode: 665
5501937.8667602185,0.20008288641819902,4.996065289539803,20.099941628623196,19.961101706487536,30.84295998740021
5503713.8621664755,0.2001084993990099,4.9969639504552115,20.14310164243077,19.979655015850053,50.44911624131896
5505348.183030607,0.20009203885198604,4.997370993646434,20.17249601540816,20.00604048720832,68.39165530075212
5506911.291498015,0.20004973968265433,4.997029133343622,20.189820229680237,20.03771928630685,84.58945646392408
5508472.721235599,0.19998467477730625,4.995851287732954,20.20163929523619,20.070508614239756,99.18069595021838
5510182.446380349,0.1999312357980072,4.9935846706248315,20.20867579783324,20.106022971169757,112.39959259591114
5511858.778974013,0.19985392813449177,4.990416479622538,20.216024417976275,20.137840147570824,124.50182583134408
5513553.835360326,0.19976530241010731,4.987397586168485,20.23362140422006,20.15748898075457,135.7226937482337
5515104.334482554,0.19965972405794635,4.992512366900813,20.28311917362297,20.137588944879013,146.27622024834622
5516656.726337744,0.19954243828548354,4.997032307837929,20.317565829379173,20.129954521949607,156.33859326905468
5518010.93669867,0.19941906039918403,5.002296377745103,-339.66889486950436,20.131585791221816,166.0771680561073
5519576.631377213,0.19927005520079225,5.007626124579756,-339.6662309718442,20.14366324310226,175.623502022646
5521071.87013053,0.19911939671897788,5.012627672899021,20.318437852422687,20.165282841580073,-174.8809134460872
5522380.9830029495,0.1989859985283534,5.016584652179689,20.29002959245782,20.191604195785818,-165.30577202078751
5523880.268541792,0.19883733278429147,5.020470979882095,20.24275159246721,20.228621561346802,-155.5174821693972
5525218.867638454,0.19871520971545942,5.0236089152218835,20.184105210682883,20.270877853870235,-145.37475570757982
5526597.725528114,0.19861122955337135,5.025460901456986,20.12309233910309,20.307501493305747,-134.7164316076118
5528335.236428501,0.19856126139597,5.026767005142056,20.037871435510876,20.350576318586743,-123.35094431554413
5529755.166446723,0.19863455759947135,5.02727835563059,19.956063906160622,20.395527240523197,-111.09255527050486
5531496.237733401,0.19876952858466684,5.026942848425654,19.879562722156248,20.436721046969186,-97.70157490195615
5533571.145900406,0.19895850352294053,5.025852733123746,19.81637497988945,20.47226180136036,-82.93334878454772
5535933.586446727,0.19920448518191047,5.024240430921105,19.779267294043926,20.498718222547645,-66.57041809704185
5538364.682952052,0.1994831059756695,5.022105321620951,19.778289940178446,20.517668451355636,-48.502908710395964
5540747.29216855,0.19975187255271995,5.019033095600806,19.816393203321752,20.52960767601345,-28.844662967117586
5542960.546520431,0.19995789243785875,5.015277180869415,19.887866417968368,20.528353967051594,-8.045889934700373
5545065.3040173855,0.20009301572603327,5.011054670754791,19.9636889525233,20.50807461041185,13.123557562451891
5546910.443264039,0.2001631107443788,5.012319522701729,20.010707260646868,20.521633661940037,33.71701238033168
5548569.241163557,0.2001810468206493,5.013134764327493,20.04941208620363,20.540413169217786,53.00535858524837
5550151.989911133,0.20015796028306718,5.013460409685551,20.076227734723542,20.567813487620164,70.6154986067288
5551776.053576188,0.20011602501343878,5.013030844559519,20.094477659746875,20.59872978579509,86.50645933360039
5553475.258905347,0.20006651525426716,5.011707178609117,20.105961723514124,20.632621154510968,100.8337544363928
5555006.217627615,0.19999481143606038,5.009728689655277,20.11495820618931,20.661929510660958,113.83871762015661
5556468.18319297,0.19993190840160624,5.006363880083484,20.116729526242302,20.694163537166464,125.76806740323563
5558171.152843492,0.19983590916776856,5.005852988126962,20.149885692976657,20.697296955121487,136.845224676542
5559860.2269199565,0.19972610764267815,5.010470348300265,20.199835360030647,20.680394272519727,147.27783631655996
5561384.730639925,0.1996049921736943,5.015829784264941,20.232090743048495,20.672327930795163,157.24700060618278
5562986.898944059,0.1994654901368846,5.0213205534808925,-339.74917175484444,20.67488157682074,166.90092475383534
5564562.491497476,0.1993151636547376,5.026643227106522,-339.7478095226333,20.68768173919262,176.38311126256505
5565762.051369134,0.19919423697037208,5.031430090391677,20.237307349991852,20.709006366017384,-174.1752664641531
5567288.603130527,0.19903857932825955,5.035920975260288,20.204605346370755,20.739489662144592,-164.64496677790873
5568842.342105841,0.19889188777234004,5.039616243633959,20.15454711143845,20.775250159237324,-154.89049949608545
5570395.691677002,0.19875351191033178,5.042721051068594,20.092107387292284,20.817679776561032,-144.7764052957911
5572015.698614305,0.19863958328388212,5.044871328362469,20.018806179601572,20.86089648899955,-134.14045602589653
5573823.353671212,0.19857678791798258,5.046219230615835,19.93083371401743,20.90635612097749,-122.80023728652627
5575675.273707567,0.1986476709095179,5.046625721010652,19.846063124983754,20.944155389335883,-110.55707179280688
5577662.189938156,0.19876976047942196,5.046282115787455,19.765929152665215,20.9831403676478,-97.1881297553911
5579651.343917422,0.19894656480295161,5.0452129300094075,19.705511736591433,21.01712947708572,-82.45597041985306
5582386.25957533,0.1992083893262363,5.043437933503951,19.660531477571517,21.045765857493844,-66.13492333663861
5584795.525857227,0.19946633565630895,5.041017700316594,19.651872051503975,21.06694369719211,-48.12871726899307
5587718.585488878,0.19976742505918899,5.037863569356428,19.68584042329605,21.079011973971152,-28.55711798095368
5589438.06924198,0.1999433734666354,5.03397348216925,19.764208744125476,21.077665793464746,-7.878072621349912
5591607.918983458,0.2000817032807566,5.029739412017572,19.84266920471413,21.057447128863185,13.164359120541455
5593321.295251653,0.2001432714803464,5.030473126408853,19.894289018623418,21.065174120402396,33.63947515460068
5594623.551849214,0.20013185258173835,5.031458380056298,19.929867468483454,21.087540731259786,52.82491186201277
5595984.903275963,0.2001005490790794,5.031805203357194,19.952247741475052,21.115315446089287,70.35796258380567
5597532.409928879,0.20005250806780608,5.031401800212201,19.970259033029244,21.145686452478287,86.18754446002909
5598947.770745626,0.1999914394645702,5.030031804068405,19.974341585606393,21.18144069710257,100.47220295958392
5600691.306598064,0.19994083628765877,5.0276799878504015,19.98164853801335,21.21683341041235,113.43361760265957
5602333.146390149,0.19987292578015226,5.024555577041796,19.98941448894988,21.24724518257185,125.32454328178024
5603953.436147664,0.19978951814042176,5.022746259134246,20.01330471219806,21.258684358399613,136.37017306171518
5605659.187696494,0.1996804772394911,5.027403747747694,20.064472730928763,21.241047604152186,146.76906574859964
5607221.882747116,0.19956438774602664,5.032889327757332,20.100607024359263,21.232083771595487,156.6994079231906
5608859.938508106,0.19942402046475413,5.038397338732917,-339.87868644403113,21.23387101180117,166.31194159750706
5610462.222888717,0.19927248895048028,5.043476315004644,-339.87523512513883,21.24526557510199,175.74717708345713
5611965.609773112,0.19912218747757252,5.048503493261068,20.107841663008436,21.266683761321612,-174.86340907862868
5613530.720017392,0.19896490135602476,5.053050474634548,20.074564504237763,21.2964174353341,-165.39606045851292
5614914.013973182,0.1988329846810375,5.056977633822655,20.026364702022715,21.333080563849425,-155.72163674013737
5616487.202575812,0.19869156101206592,5.060132556001085,19.965506309759228,21.374549338429873,-145.70195203108156
5618127.832737209,0.19857519311191343,5.0624922577682705,19.89034680282826,21.419755352047282,-135.18073153464914
5619658.877424533,0.19853130363372734,5.063919911378483,19.808673835730303,21.464528536975997,-123.98703312998532
5621085.6730958,0.19861577568334532,5.064504193675173,19.726028869704866,21.50959985619492,-111.92683245764547
5623030.85293605,0.1987431152380759,5.064251982050929,19.645652363793747,21.549152250856807,-98.77081111141965
5625300.343229771,0.1989200616887531,5.06322451387852,19.57522128939371,21.58529592782392,-84.28645936652634
5627817.1244690325,0.1991701591601435,5.061849634628479,19.53625525237984,21.609227297847916,-68.26309276520564
5630480.456791528,0.19945478863165364,5.059706603683702,19.526448948219027,21.629603430258285,-50.57519953224628
5633045.769031541,0.19972873789172052,5.057095864471989,19.55575282953199,21.64113908208744,-31.303981169215493
5635245.412035467,0.1999404772083645,5.053293597594142,19.623192677016227,21.642088634327422,-10.850658891235431
5637473.788326988,0.2000893802107683,5.049228063052015,19.706896616589198,21.62566425338691,10.070014386249005
5639453.123880312,0.20017407034362122,5.04829643593519,19.77694635538206,21.61653167781136,30.565170892468466
5641186.516210759,0.20019634997899444,5.049244772845682,19.819564699606836,21.635335784376064,49.87193460914019
5642427.6587957665,0.20017242647548456,5.049710223450098,19.838701481000847,21.662344214229975,67.5861193769024
5643809.567483462,0.2001376821535637,5.049446772928978,19.85221092139067,21.69166906333219,83.60738581841291
5645217.952420663,0.2000828991973965,5.048250818216004,19.85666809024663,21.727075921121454,98.06138629036782
5646713.577640608,0.2000298409560918,5.046148131334713,19.859501798239098,21.76157198273002,111.16932644549019
5648416.241921676,0.1999525682495863,5.04343363837554,19.870504450613296,21.790133149767037,123.1687885030158
5650161.087439466,0.19986884415515627,5.041427776770197,19.895288386744486,21.803961385638175,134.29064302545632
5651874.371162793,0.19976607586553316,5.044978796990575,19.945150800308536,21.788835678715312,144.739209273728
5653546.8420249745,0.19964482110721057,5.050454528040789,19.985960068661086,21.777541492681703,154.6911788118551
5655185.234714786,0.19950903136291745,5.055998321736451,-339.9895015197881,21.77700594246746,164.30037205138595
5656575.944220914,0.1993803130520344,5.061391358569571,-339.9849225231411,21.786715935572772,173.7086042508618
5657780.283788936,0.19926174238192942,5.065956519915335,20.007054742234068,21.803893306320656,-176.96092005243764
5658920.83154971,0.19914636176308378,5.070265276650046,19.98156021741533,21.82949484874776,-167.58036918806658
5660256.592193132,0.19901269733217994,5.074383472894369,19.939786998939148,21.864737209708522,-158.02629951939736
5661595.507164106,0.1988857265559337,5.0777894609160965,19.88547936662559,21.905659415915895,-148.16508676566113
5663221.084281735,0.19875929816544555,5.079935900226079,19.82167813796644,21.942645271629637,-137.84329877343953
5664953.306796741,0.19868874112838275,5.081653920103839,19.7357209943512,21.988995399883894,-126.89527240581145
5666722.028820712,0.19874290823099797,5.082321900498246,19.65188203907175,22.026102260454095,-115.13620063414469
5668450.50735317,0.1988578415640894,5.082293678884925,19.58536211539996,22.054250620062522,-102.36467511513403
5670284.694306241,0.19901862492292915,5.081551492326998,19.523272517650433,22.087932048911334,-88.34585581218923
5673071.075336058,0.19926185329795956,5.080033071126553,19.464577861069937,22.11927390094251,-72.84053948899123
5675451.768949496,0.1995253110403678,5.0782093801844255,19.450240554524378,22.1398394155993,-55.71676236791328
5678145.163532855,0.1998170956825882,5.075374423459974,19.46823131875195,22.156075429065183,-36.97374042809085
5680420.631562859,0.20005455232823335,5.072045836382064,19.530922046602264,22.160857593549018,-16.914298936615587
5682144.010959741,0.2001889345404376,5.067872520854012,19.617402966087635,22.149679096535525,3.841846266688266
5684188.961373266,0.20028958414770032,5.0641486634784965,19.709375430065457,22.1211278702114,24.445405824164062
5685775.641426465,0.20032277364506346,5.065350073912498,19.746414567684127,22.13987242058838,44.07714210403835
5687353.057798212,0.20031521510575317,5.065954360798961,19.779020689692413,22.162569825225013,62.207055281837455
5688993.242953185,0.20028511197720697,5.065926590339709,19.80027401986855,22.192573124262292,78.66043841961616
5690643.750155805,0.20023604419565325,5.065035428684246,19.812361635918755,22.22726023953403,93.50936527723
5692180.153305439,0.2001815165140837,5.063300533042621,19.818125451387278,22.26087062133306,106.95498882122119
5693915.232005591,0.20011895192699117,5.061394696410573,19.836208220644803,22.28391121096034,119.2254211559033
5695460.787820417,0.20004867156469514,5.059209990385272,19.853453917405453,22.30130711444611,130.55984853089268
5697185.310530435,0.19994569821241207,5.06254635632517,19.905390498125573,22.284291618635407,141.15876404494688
5698872.834196718,0.19983222175726872,5.067953512564719,19.952127754823504,22.26919186533925,151.20686358823087
5700335.418399643,0.19971543716223872,5.073494986975052,-340.0210142230788,22.26483685635971,160.8678191630737
5701737.491682734,0.19959238500727045,5.078334599213643,-340.00832910386504,22.270166607667278,170.2771830852365
5702891.1048739515,0.1994823107895848,5.083610944670991,-340.0130344996007,22.28602490836714,179.5658236389328
5703892.547861727,0.19938041668012454,5.088507228642638,19.967857948452785,22.310808322058506,-171.14510297791057
5704712.122051282,0.1992933371857814,5.092874907336147,19.936593042040187,22.34335750180999,-161.7344321529585
5705624.8093592785,0.1991997662897412,5.096582330651182,19.892626383367787,22.38222746020984,-152.07258609382137
5706710.920779098,0.19910656875833116,5.099184804533551,19.8391373175887,22.420728884301024,-142.0174139608067
5707847.656676371,0.1990346796347882,5.10094614057355,19.778057311655267,22.459584990812623,-131.41613221644516
5709519.422848491,0.19900716455895928,5.102142574423974,19.69066743207848,22.506049782891274,-120.07954635586987
5710990.304918019,0.19908474322844108,5.102452758696264,19.610520269119604,22.550613198937366,-107.82841859425753
5712849.868134063,0.1992149178808954,5.101992076767467,19.539447110811714,22.586420236894035,-94.43096026248391
5715056.641652571,0.19940860642071695,5.101140464017279,19.489419298857936,22.60986292540293,-79.66093604057437
5717920.52089373,0.1996787938788791,5.09935586389306,19.449732375529752,22.635762233626068,-63.32235451126772
5720408.468338873,0.1999582356425085,5.09692342706479,19.453243408479537,22.65490275343631,-45.356393773149534
5723176.440376008,0.20023934719051076,5.09417107225513,19.493445004533097,22.663787690943536,-25.90723377626462
5725207.439884104,0.20042763667353306,5.090209564543751,19.576575234952745,22.660586055658435,-5.467821564474498
5725998.591975285,0.2004692746853384,5.085935760829485,19.65232660357721,22.63834456277682,15.231194775044901
5727890.754741874,0.200535651528747,5.0868965996284325,19.703008792113536,22.649052198021245,35.290140400427525
5729613.211471429,0.20055495787738556,5.0878300817194635,19.737634106850216,22.67122541277703,54.056609004511664
5731290.570208935,0.20054518911036678,5.0880577311001405,19.768943404054294,22.691539021576553,71.20534567992235
5732949.016265748,0.20050857582797946,5.087588269817041,19.784004016293533,22.724648788099643,86.70715822668447
5734697.264763409,0.20046737101707254,5.086457494319425,19.80010379181489,22.75353856459341,100.71263867352948
5736345.818129338,0.20042184378228844,5.084972535762719,19.817723227310342,22.775640312084317,113.44767894290403
5738107.952922519,0.20035562726947173,5.083816762678028,19.84711753123557,22.78682052168623,125.14035911792871
5739868.719573826,0.2002708342650765,5.084099256701712,19.887323198879383,22.78498047331323,136.01041648939395
5741617.63712565,0.20016506886965096,5.088676923322677,19.939875209250445,22.767287494852784,146.2500002934779
5743319.316698076,0.20004015307909243,5.094201630041275,19.978748549416004,22.757570515692255,156.02752852586937
5744986.519142127,0.19990132607881214,5.099746490312913,-339.9983676339119,22.758403186925847,165.48879766786771
5745856.842939498,0.1998221083509492,5.1051785150686815,-339.99916297968,22.76932030197389,174.7733949746345
5746744.121303925,0.1997347862899439,5.110310396559075,19.986881818965106,22.78957987355483,-176.00565469784718
5747649.913604105,0.19964048460936681,5.114987765560937,19.962070293424258,22.818171061567384,-166.72973540258707
5748266.009524792,0.199572022230091,5.119071065379652,19.927513348371416,22.85380572359903,-157.27656175541784
5749021.614627657,0.19949433462571367,5.122178948234942,19.884249955575434,22.89173137191724,-147.5125007422217
5750225.699989207,0.19939474179286512,5.124705886141446,19.82176193520076,22.935914602113414,-137.28739977657867
5751834.386143921,0.1993248970863956,5.126394075708164,19.739682000847143,22.98222372088891,-126.43410301247502
5753499.035126509,0.19937735721014863,5.127191295855059,19.650754881296454,23.02786128982635,-114.77625114281196
5755376.479390504,0.1994881114490102,5.127126065622031,19.56680756019832,23.07060490989915,-102.11165397803408
5757754.295920061,0.19965241994579022,5.126272204099605,19.488798627697125,23.10850053678092,-88.20872288306029
5759980.982605038,0.19986539279044088,5.124861108076582,19.441925151924096,23.137335214006725,-72.86438053393456
5762420.758909263,0.20012312291780393,5.1228140441350405,19.4223053241291,23.160337214591763,-55.917649192697844
5764873.314064074,0.20039309833631172,5.119950098934113,19.43909722483519,23.1768379939143,-37.3793667231788
5767217.169425681,0.20062538920089498,5.116350156107989,19.491834658343468,23.18238396480192,-17.528616165351778
5769083.84722768,0.20077213817347167,5.112819022565194,19.581297606714624,23.173536323007333,3.0165884035184947
5770460.209572135,0.20083493204448707,5.108806819880984,19.663624243371373,23.144142022063157,23.462192712044477
5772334.428328326,0.20088748348665572,5.108944642185114,19.719137986938843,23.146094660349057,42.97298095233269
5774026.130044252,0.20088755329187125,5.109382778147801,19.760559490847257,23.161305759807345,61.027236922652484
5775593.979060322,0.2008760233014683,5.109391698038997,19.792163440662346,23.174748901317564,77.44333781056173
5776964.412406951,0.20082955375257014,5.108899064904138,19.81144966277759,23.195280365428264,92.27191482595751
5778777.484391691,0.20079435271782767,5.1077715494548634,19.833056753177203,23.21801216329653,105.69058057530212
5780596.518849768,0.20074160514882708,5.107706640425852,19.875111747549422,23.218747131444243,117.93548888913247
5782314.0173018705,0.20067307414963298,5.108102397125193,19.917166287514153,23.215418947721055,129.23567971229602
5783984.1865533665,0.2005870448877896,5.109058469902608,19.957743051039976,23.21027252843096,139.79483591368952
5785721.317701273,0.20047479694167508,5.1134308402396815,20.00412472585349,23.19694610766009,149.79082712439774
5787299.334257882,0.20035632238049986,5.118356991391897,20.035700810364084,23.1917537402314,159.38391791923513
5788427.119267434,0.20026009042096307,5.122771877168197,-339.9525662067001,23.195299131759555,168.71653407759356
5789213.597407395,0.20018555757969836,5.127589771252618,-339.95892290320916,23.208102468377266,177.9122290733417
5790311.025329741,0.20007650688961168,5.132501520748503,20.021886790011262,23.230869457655814,-172.91549676381277
5790890.424280833,0.2000138888634442,5.13701804468759,19.99386055634555,23.262026822323644,-163.65092604020148
5791433.890581818,0.1999516388553839,5.140901518161318,19.956923014021132,23.29973416422954,-154.17006477282584
5792427.971629299,0.1998634839673302,5.143332340002352,19.911644393592187,23.332760246241385,-144.330481172654
5793410.196338857,0.19978843334896745,5.145487422808355,19.85246589119327,23.375452114140035,-133.99404928019013
5794933.497141203,0.19976547347628765,5.146908758230231,19.76823270287331,23.42199614496494,-122.97661696900853
5796455.910346562,0.19983866919393653,5.147440569769894,19.684913614011293,23.467168491962358,-111.10724698563874
5798434.737029636,0.19995521332623942,5.147173140369378,19.60890357755989,23.502637758489737,-98.16795783321878
5800694.432209827,0.20014459508422613,5.146181094517212,19.54428176681881,23.536085180698183,-83.94072728495804
5803104.693343792,0.20037852686536933,5.144656136705765,19.504209554550055,23.56203742976709,-68.22213799525804
5805600.934546383,0.20065400510896048,5.142794142027284,19.500451801900095,23.57955825736197,-50.89820140086021
5808569.513897739,0.20094932416505004,5.139995945355577,19.52421896676993,23.592101558408935,-32.032190196200496
5810575.986846644,0.20114944111996744,5.136789412807003,19.59154266729555,23.593477748703663,-12.006839629807795
5812020.2857063245,0.2012471267540355,5.133018069863995,19.651968687384546,23.57962935400021,8.53824664523846
5814084.536563201,0.20134391885704278,5.131398883477824,19.72097282192203,23.565082732427733,28.719659729302883
5815819.130368562,0.20138316200365813,5.131348836603809,19.774633910609552,23.564128689779004,47.807959583211456
5817607.522452828,0.20138430517885336,5.131644522462405,19.815661101144357,23.57823194187249,65.36627499072226
5819380.038674891,0.20136355132855227,5.131608173893709,19.860329451063443,23.583713844860785,81.28699419151332
5821194.056648336,0.2013335540188139,5.131223787957938,19.894173546290947,23.596282349327566,95.668903427259
5823036.429615913,0.20129225068030518,5.1313261955190645,19.940468140077787,23.59434905038246,108.71254180527123
5824876.715087058,0.20123447466918115,5.13116232659438,19.98134500363039,23.596127711767494,120.64722194523071
5826541.087235084,0.2011551253507172,5.131501633741069,20.020099880916433,23.59355152733043,131.6971731117174
5828147.603968779,0.20106889028130673,5.132736925986917,20.05936072638158,23.587657751938345,142.05466230713705
5829787.013502402,0.2009608293146136,5.137492161450661,20.102140787849894,23.575476946255797,151.8905181540549
5830807.25928417,0.20088589678143065,5.143092087555602,-339.87643063654826,23.57194158889458,161.36394506283668
5831930.964933382,0.20079069111073258,5.14812663590099,-339.86624573500256,23.5779568968319,170.59687615753006
5832880.767668059,0.20070068030058028,5.15344840351925,-339.87366730786727,23.59415328093629,179.71733548465124
5833523.03571878,0.2006348941610406,5.157883050625411,20.110193400265093,23.616512443248286,-171.16278568392542
5834259.522233367,0.20055741336538516,5.161519561489939,20.08456638605284,23.6432917859254,-161.9243335918386
5834607.0229730755,0.20051430096361847,5.165282033607663,20.04741795180225,23.682038620411493,-152.45116391533247
5835330.135047708,0.20044157822063877,5.168123378340442,19.999713467302577,23.72304008253159,-142.60254275685955
5836587.4782639425,0.20034921853132928,5.170283213951672,19.93182920291253,23.768998361359074,-132.22349786349326
5838161.893383168,0.20033761287256463,5.171461370641733,19.849635004503163,23.81195817258115,-121.14308345895778
5839732.493725058,0.20040108325525122,5.171770275165791,19.776416283452757,23.847382408753433,-109.18671896125032
5841564.568689665,0.20050588303646527,5.1713459973683396,19.701196734825906,23.886406935182777,-96.13783073821776
5843601.157398099,0.20068589348895216,5.17022957003336,19.64303775366215,23.9195482857155,-81.77891649870652
5846220.507157685,0.20092658362084476,5.1685301974636655,19.60124893347737,23.945907556328837,-65.90650830845547
5849248.813152803,0.20121246374666182,5.166708083202683,19.590478503924448,23.96150793349487,-48.42698004448704
5852013.256911721,0.20149158000924916,5.164497285217625,19.623637641877842,23.970052452070306,-29.46012551780184
5854319.8215707205,0.20170252335789857,5.160935451430488,19.693018779982363,23.969740191253905,-9.409914044426952
5856702.950872287,0.2018557270722094,5.156934513588138,19.763253859052668,23.952813613071797,11.046905738295816
5858729.115760954,0.20194248410232182,5.155899523541355,19.830362852825072,23.942641254602183,31.04499013467807
5860295.999246787,0.2019670453466652,5.15621503145796,19.875412407110236,23.948808078935212,49.891589172806
5861777.219212009,0.20196307736818514,5.156136759672388,19.925261471450778,23.944757218868197,67.19748796463708
5863324.678375883,0.20193601262679226,5.156065186219748,19.96203834907417,23.952638029660605,82.87518876619582
5864939.990650743,0.20190813482414902,5.155726592770886,19.992783783600157,23.96270285303204,97.04271543086728
5866655.4544795845,0.20186888095717898,5.15595930523878,20.037638871769744,23.958699182779654,109.90216537819714
5868476.959519986,0.20180125638342447,5.156331654156644,20.083338133419325,23.95462955975951,121.68030488768149
5870330.877862837,0.2017229868804807,5.1571000512035114,20.129616225661934,23.949108332620664,132.593978506592
5872068.998863308,0.2016190744182371,5.1606929529859435,20.179926674769796,23.9328919740398,142.84020181876545
5872945.819656495,0.2015648859991644,5.165308420387789,20.208095869217416,23.92193770066273,152.59570150249456
5873843.900055291,0.2015018998955903,5.170354328225833,-339.77250340016656,23.919521642268947,161.98947321252524
5874666.758278701,0.20143471453059164,5.174809834234569,-339.76455813863714,23.92542200531642,171.15462307870766
5875430.4793985225,0.20136336622867532,5.180005119762101,20.22868853029914,23.941832144289915,-179.787854525045
5876015.300837306,0.20130379550234342,5.184134663210742,20.211989759418387,23.96309651951195,-170.72216699600716
5876142.581198998,0.20128565332676782,5.187679478354722,20.189383694204373,23.989580724634884,-161.53780830449864
5876415.669978825,0.20124784286180258,5.1911855393326425,20.155735546849762,24.026098428364417,-152.11424284160125
5877012.232475424,0.20118835833880208,5.194161632820008,20.106736311194926,24.069487722116186,-142.31319876438133
5878060.362066172,0.2011072770888526,5.195952257209507,20.050705148931776,24.10800929426449,-131.9846411024785
5879603.346150851,0.20110071424331885,5.19670031305798,19.984466603750946,24.135713056603244,-120.95198539041408
5881360.734348847,0.20117245038988804,5.197069815369922,19.89795603827307,24.180383965729934,-109.0409606045465
5883008.555226697,0.2013109667776972,5.1966564751533975,19.83157129063203,24.216931820848114,-96.05203033006272
5885450.007978898,0.20150198210027467,5.195798553129676,19.773784833585438,24.24203531855917,-81.74476625504549
5888153.673917672,0.20174230275871358,5.194590300476093,19.737972733873672,24.260587459856904,-65.93661123295688
5890869.352655064,0.20202364833458594,5.193330369709419,19.740432389727935,24.27126390726476,-48.53836148634828
5893914.847076984,0.20231920659693026,5.191397134936837,19.772333725875388,24.27866746679725,-29.646125539783686
5896168.540342182,0.20252981760551184,5.188191989006627,19.845219053334976,24.278404055678678,-9.674425522507294
5898403.9328309465,0.20267356907383657,5.183903366492953,19.909616478677485,24.26052078153404,10.723623371708047
5900119.753348453,0.2027436262955365,5.1823341081240875,19.976830826484633,24.245395701386936,30.675166464504454
5901988.939261455,0.2027846112508156,5.18212882628783,20.035375454566868,24.241391391155634,49.48142049213252
5903532.099679703,0.20277200504084597,5.182148969838314,20.084473080017336,24.24275544898538,66.75653109881287
5905357.224937476,0.2027660183857538,5.182157930273185,20.133692567587705,24.240667552225936,82.41161208607805
5907157.99598819,0.20273619650681557,5.181864684190224,20.17006285029409,24.24946071754623,96.5566217444479
5908939.053966144,0.20268364501862876,5.181736495104729,20.21085215603768,24.251511889304552,109.39513088034903
5910802.649884142,0.2026291691080683,5.181413601261072,20.2500214502685,24.254947021607297,121.15078340202548
5912644.5979857,0.20255438301404607,5.181769923352502,20.29308102800932,24.252341047500508,132.03949013623415
5914453.127015568,0.20245909260747286,5.183151396768678,20.336678490583843,24.24598940846827,142.25278168439593
5915495.554865994,0.20239919724152367,5.18686164424091,20.367144488142866,24.236880410869365,151.96908977902228
5916153.869874844,0.20235917104968001,5.191518878818364,-339.61549507866715,24.234219506520933,161.3239827324855
5917054.229187047,0.20228554524731843,5.196366300450696,-339.60699785366774,24.240110308469895,170.44037243883125
5917508.617441237,0.20224578143257452,5.201722866511204,-339.61265678976196,24.256310689254313,179.4405478705906
5917872.033111274,0.20220704275152923,5.206703508232263,20.37115570272233,24.281101923987144,-171.56408734812467
5918258.644576166,0.20216016757968214,5.21021529111013,20.351681521342947,24.306524163519448,-162.45972673876514
5918897.337871268,0.2020887833480626,5.214030499402408,20.313029353309094,24.344992176752932,-153.12497331587
5919494.261964912,0.20202430210070074,5.216743165493338,20.270931252897967,24.38310316623512,-143.43460052733715
5920520.977748467,0.20195677860048283,5.218891664298368,20.208113121600007,24.42717793657202,-133.23496497630524
5921917.255612224,0.201971480005339,5.220089333274539,20.130247740670914,24.468290139457054,-122.35997351082707
5923460.402663743,0.2020478343934638,5.220422106259603,20.061029401579948,24.500011302397777,-110.64001779885231
5925662.044826943,0.2021660577821335,5.2200992340250965,19.980534523724003,24.53636193649619,-97.8583801614104
5927942.796263948,0.20233895064207272,5.21932762188667,19.923501551882364,24.561151177567453,-83.80967995651325
5931119.289626468,0.20259310851602808,5.218256466166202,19.877851369264974,24.578840303681883,-68.27996649120942
5933972.515985392,0.20286823571389787,5.217609452991465,19.875965344958484,24.584755803500393,-51.17332345206227
5936706.011091305,0.20314573167528474,5.216685237256217,19.908876495761994,24.588745341363175,-32.5529900517338
5939352.066822281,0.2033825867559399,5.213688774740272,19.96863796663678,24.590153660798915,-12.765707220547743
5941238.781922044,0.20351153680374237,5.210494807062789,20.047756180905605,24.578906357719934,7.536987340642285
5943406.704814648,0.20361613020592975,5.207894248369495,20.123136652375035,24.55656724544408,27.543458688346057
5945340.384146294,0.2036665358386969,5.207802976264849,20.179490287680856,24.554937964707875,46.5025718887975
5947176.527954217,0.2036819238794716,5.2077444640889725,20.233194317362052,24.552638391639622,63.97636712968442
5948943.96954369,0.20367455001168064,5.207733208087081,20.279008995122453,24.553593835412258,79.83546476756173
5950744.968350036,0.20364141026357713,5.207940042843459,20.33253503965778,24.546097601605045,94.16198938152469
5952492.577286599,0.20361058407725943,5.207355530203716,20.36306260044421,24.55662699451651,107.15287979525017
5954371.594851885,0.2035554141672595,5.20738352017537,20.406295109447196,24.556235133403348,119.02469417419894
5956169.275192723,0.20348482444202762,5.208099249526496,20.451246327941565,24.550679827675214,129.99835083418134
5958001.062973715,0.20339285028859186,5.2092238268580875,20.49485670325508,24.5450536959706,140.2650638665382
5958732.87302045,0.2033569908283992,5.211697224130187,20.517898545217328,24.53809274649147,150.0136027951361
5959259.673308877,0.2033301395934028,5.217092829851842,20.53592467072813,24.533154289648003,159.3717223000641
5959784.422999265,0.20329313387929465,5.22174298089165,-339.45657362683227,24.537150128399492,168.4683124748269
5960215.362208668,0.20325735194237105,5.226137784532143,-339.457862157792,24.548724522819274,177.42183628618275
5960281.830183983,0.203249667997068,5.230551952424124,20.52909540461549,24.568693973166784,-173.65315855178096
5960428.8631544765,0.20322844131848852,5.234867315737836,20.506609408623973,24.59750494028968,-164.6483853029442
5960288.865791855,0.20322646275658454,5.2380433781607305,20.48570732729701,24.62711819368646,-155.45234155347845
5960571.037173007,0.20319117112072643,5.241118307350696,20.446012013136638,24.66683426806183,-145.9308569347091
5961054.683672054,0.20314802775645605,5.2434596973920105,20.396270435292557,24.7101525647226,-135.9493845302112
5962696.010139013,0.2030755432196737,5.24470761657442,20.324574840087354,24.74686308664869,-125.33006793730152
5964245.290600436,0.2031223456959825,5.24516480417983,20.256519654836975,24.77675063143472,-113.91953158873586
5965851.745910371,0.20321893311090675,5.245058034578294,20.19418493486145,24.805805477425604,-101.52284623359373
5968231.589232756,0.2033849614172109,5.2445615331026225,20.1365100489395,24.82580171584958,-87.90967640869188
5970868.0236607995,0.20361433923402242,5.24410661865997,20.104529751871286,24.834617739681974,-72.88341439504097
5974173.791507939,0.20390932986279542,5.243700505868874,20.091714279207697,24.838970981738754,-56.28776241849392
5977360.021971483,0.2042134836321313,5.243019507655875,20.111493095275353,24.84269045567952,-38.135275453297005
5980197.989740871,0.2044728306839559,5.241582058428365,20.161599852044734,24.844811531532685,-18.68282448634005
5981534.42331464,0.20458622878172436,5.238511877581938,20.24503882342472,24.837695852881435,1.491695767840816
5981884.095677707,0.20458660425330744,5.23469948298005,20.317992897929052,24.811483799597166,21.63378370633707
5983644.687322671,0.20463853833611606,5.234461767849656,20.3735950447145,24.80807036795995,40.92006915615399
5985443.28446063,0.2046540130062843,5.234253497168922,20.433783478460814,24.801730279542053,58.81643694270899
5987187.888512509,0.2046420645117788,5.234254869547128,20.48104032181608,24.803917736528547,75.11252027026379
5989060.790468097,0.20462798165712123,5.23430565959703,20.529917211951894,24.801190918079985,89.84028397826286
5990986.189047124,0.20460386937799577,5.234370068149738,20.576328473759652,24.799672191213748,103.16719936824934
5992776.855520232,0.20456054378694044,5.234915480161547,20.624414624861252,24.792460966639776,115.31453885127185
5994633.425273994,0.2044885899512436,5.234907147451134,20.66511243968942,24.792483841435047,126.49779573497658
5996498.440046396,0.20440376496549026,5.235504312306427,20.707938297790907,24.78904118983848,136.9177867566396
5997321.059363108,0.2043566808227522,5.238865910378802,20.73559561760453,24.77749820507456,146.77106418918652
5997945.498569807,0.20432560201038946,5.243765818187216,20.75752671768058,24.77020179552959,156.18770747688538
5998331.882813819,0.20430626506638658,5.247642936297395,-339.23202070058386,24.771326237591587,165.30302741578518
5998776.728199197,0.20427108514572903,5.251345307799473,-339.2299454184949,24.778853075314636,174.23659795800563
5999092.810465749,0.20424143602212422,5.255797666492646,20.76159277100049,24.79599849099552,-176.89994887282396
5999299.11562386,0.20421502086043344,5.258891818188497,20.75193977121473,24.81416372380238,-167.99790580382165
5999138.794407671,0.20421854088308236,5.262140947979314,20.733284686538674,24.84108951419897,-158.94608976428233
5999298.273914313,0.2041869173438283,5.264680481632598,20.70893188333411,24.870132799316597,-149.62346748249084
5999715.8852171,0.20413670902102168,5.266408284849346,20.678972027538837,24.897882317815338,-139.8973017322865
6000815.625622271,0.20406476733712975,5.267959353286779,20.621235457214798,24.935457411164762,-129.6102933927471
6002300.0182326045,0.20409745625379425,5.2686028921368475,20.554562029230283,24.964285295620908,-118.59513678544806
6004006.146896234,0.20417433279970182,5.268651143702182,20.503534067159766,24.977012491769116,-106.67695953392887
6006455.925786035,0.20431515304223455,5.268354348576779,20.440589360659317,24.99520948079075,-93.63538681034326
6009146.048825128,0.20452433535716,5.268084342393919,20.401283193261165,25.001927576309477,-79.2677327955754
6011868.440379253,0.2047792283806385,5.2681407323771055,20.391432313474972,25.00114812458748,-63.3945107774066
6014831.587177198,0.20506580061357685,5.268731863472253,20.40832382078947,24.996644389468347,-45.935096924850086
6017440.790958449,0.20533009958017584,5.268642091963591,20.455177145429076,24.996768478634337,-27.036299753623272
6020263.385727214,0.2055649985358882,5.267999906717747,20.525799768523235,24.996139477842373,-7.131696980040436
6022553.960610548,0.2057035540008687,5.2646742513742275,20.605449234557895,24.980111192778242,13.07525062799312
6024563.4895215,0.20578614686903313,5.263524676103451,20.670578449236437,24.96798824517662,32.760617236581574
6026282.471156998,0.20581740648054153,5.263305466447955,20.72558459945137,24.963318139726947,51.25312213313648
6027947.752252003,0.20580682421298338,5.263213486242509,20.782349140624884,24.957607702137608,68.19836336046126
6029512.058484882,0.2057795501438146,5.2632468166534405,20.82947741362336,24.95391598271617,83.54449944742984
6031247.525475923,0.20576256237232873,5.2629858460545265,20.863342899769375,24.960941611909906,97.40989146317467
6033149.464482304,0.2057249625016917,5.2628478029316925,20.904895346100254,24.96301203064497,109.99399121957163
6034830.992778117,0.20567917022525484,5.262579220365279,20.939736051460148,24.965702788201604,121.52754140575435
6036722.7695104685,0.2056054185890772,5.263073165473692,20.983881578077234,24.962290417506154,132.20969317579562
6037387.325267645,0.2055838724379486,5.2643863961504165,21.004981387389897,24.956567831086755,142.25347327147483
6037851.180986406,0.2055631418668228,5.2670684004438675,21.02184937129841,24.950386926822926,151.79848332511494
6038483.449753096,0.20552739908205792,5.270594128641431,-338.96180078471826,24.948665192203492,160.97633681654295
6038549.085995929,0.20553388838741843,5.274076251541501,-338.95686798702263,24.952977651603092,169.92099347008025
6039052.9949247725,0.2054906003143209,5.277385669648617,-338.95556484626485,24.962867359461338,178.73947360034435
6039135.36529371,0.20547990313354575,5.280801502616045,21.03687852290096,24.979522154531182,-172.45521663833784
6039190.812793555,0.2054640385046352,5.283731903811589,21.025089034319645,25.0001833141382,-163.55680457481537
6039106.607514542,0.2054570023016388,5.2859340088988445,21.011198883747113,25.02167679720741,-154.45199444731395
6038978.57170633,0.20544654428522058,5.287605028350892,20.99643638537427,25.04422136131627,-145.02105954663085
6039406.123526366,0.2054091823740817,5.289196024864397,20.959710010295755,25.07512167074498,-135.11487008622765
6041010.250958467,0.2053790110274286,5.289953157061979,20.898310812125157,25.098904460663004,-124.56065342431572
6042425.630702037,0.205446796719889,5.290168664229426,20.847478593615104,25.115072730302618,-113.21535454697727
6044582.367477348,0.20554775711166967,5.2901248803382455,20.795323093488,25.123022559073988,-100.86425241671137
6047204.426533695,0.20570978683973712,5.290191849020552,20.755632310061653,25.120673413690202,-87.29903764213054
6050196.966088947,0.20594109992344764,5.290917989817253,20.73910096345938,25.107455976227815,-72.3162460873408
6052743.056273818,0.2062036097548265,5.291941970497604,20.75437848957737,25.09686988518803,-55.78486469883339
6055867.637397291,0.20650205492954926,5.292859793806104,20.78429051717072,25.091859393924793,-37.690508409415806
6058069.585209021,0.2067190579725989,5.293696016917237,20.840982664823624,25.090495977698115,-18.30832840599575
6059594.356309051,0.20684169824179485,5.291336361090031,20.92010876169697,25.08455335783392,1.788656169421794
6059942.371400824,0.20684345381304733,5.288466297832101,20.98234986150113,25.06426746072,21.8424923477011
6062051.901003147,0.20691521067796667,5.287940632541482,21.043751937186656,25.056715007085103,41.02657329996449
6064019.954712996,0.20694714389025104,5.28775011702521,21.10140330256973,25.050750353450237,58.82308732093781
6065592.00827289,0.20693406961944158,5.2877358583964496,21.14852872201702,25.04809540196491,75.02457766503318
6067011.364263978,0.20690664543780823,5.287736373715756,21.186048929613033,25.04774693860174,89.66577466461378
6068877.11752351,0.20686999334430856,5.287869365360591,21.232921027026496,25.04485272799382,102.90197638567537
6070811.223766966,0.20682856591174548,5.288003867241289,21.278086687211626,25.043055464328294,114.95816919545871
6072684.794327676,0.2067597406812406,5.287315442659193,21.31290740902385,25.048863532104946,126.05418880943385
6074348.112156931,0.20668886784932744,5.288308856337289,21.353516844107613,25.043254410518784,136.39068833636324
6075023.029141381,0.206664249780489,5.289248449558893,21.37229882656392,25.0400574701932,146.1543486474602
6075606.356599757,0.20663125769320642,5.291749946671323,21.388088607420745,25.036345621737112,155.47932075988027
6075558.880855421,0.20665190508834286,5.294702721508062,-338.6052249792949,25.037120637366026,164.49852602943326
6075690.358900515,0.20664961501285417,5.297118237863012,-338.59990573836103,25.04187625238652,173.32325452579613
6075535.511161383,0.20666639998456304,5.300268502329562,21.396460671795857,25.053675213276055,-177.93166358621565
6075176.379082652,0.20669472674181502,5.302123262878416,21.396938602060857,25.06426383990152,-169.16442135766377
6074891.40864755,0.20670723169421518,5.303871261139046,21.394073993017532,25.078323783308708,-160.26438161928257
6074568.5167551115,0.20671514582381156,5.305311753859588,21.38941722160403,25.0942490857862,-151.11781055549747
6074363.199423425,0.20670827492855712,5.306951284348341,21.372760686635335,25.119510054367804,-141.59756737489087
6074915.617018806,0.20666124885535797,5.307877396327329,21.343390629863453,25.140654261222835,-131.54922083347694
6076271.939716553,0.2066700937981501,5.308402686890687,21.288907480572835,25.161817905627007,-120.80336959748048
6077638.9082232155,0.20676436694137063,5.30841163001017,21.256484063129168,25.1628386756146,-109.20182929709435
6079829.405794598,0.2069122352479768,5.308534576780173,21.22581103392693,25.153855101787588,-96.52535031033155
6082423.751521174,0.20711609165793135,5.309532899597979,21.220295973120628,25.126530187225736,-82.5671949176273
6085518.607293997,0.20735722860595612,5.310168342572208,21.20444799984817,25.1171390941311,-67.12554933999452
6088288.71831646,0.20762586047613502,5.31124960595359,21.221060450482668,25.108077540860368,-50.109128698392674
6091428.527582131,0.20792126923456292,5.312491254627291,21.260352407436343,25.103112345274784,-31.584710735660916
6094042.65335899,0.2081511401086292,5.312687098001462,21.322662491245122,25.10287932917405,-11.920515981270427
6095322.930904105,0.20823739300540567,5.310963713643669,21.397126094838605,25.09605334038031,8.228566397111676
6096373.92905383,0.20826995193986383,5.309270996305017,21.459243700955764,25.080708547182528,28.057643404831417
6098178.529848514,0.2083108004466123,5.3085144412831635,21.525082530630332,25.06699788009748,46.81712587036794
6099511.645455219,0.20828989174807505,5.308529634435583,21.571383958177787,25.06795401301797,64.08787128291645
6101144.600306442,0.20827533759538175,5.3084867067720864,21.609024368086587,25.073898176059995,79.74723472579831
6102983.0018245485,0.2082522440125506,5.308634037015839,21.658144293878472,25.068939967191092,93.88083158359652
6104784.202060325,0.20822186579575436,5.308432335438052,21.69567195874946,25.072300727422764,106.684991550181
6106653.697438993,0.20817744298063875,5.308434492164823,21.737020357879747,25.07221258307791,118.37715479072534
6108264.4316398,0.20811302072727197,5.309026804295917,21.775520887111877,25.06779463692355,129.17732969087277
6108352.1278343275,0.20812062737982354,5.310385214749301,21.785328047377867,25.061261764881284,139.2985687186794
6108762.456838647,0.2081129226713518,5.312641528227026,21.802654520413554,25.055136238116052,148.86700000618464
6109160.705471264,0.2081000885760911,5.315586074007856,21.81700402710273,25.052508564441677,158.03358964843616
6109387.512585323,0.20809315794465835,5.317397041451914,-338.1749547551859,25.053975309822714,166.92755612439322
6109358.605505474,0.20810275450344817,5.319720573699793,-338.1728419014582,25.059812777587844,175.66279763182385
6109130.655846117,0.20812476930683435,5.321659006296788,21.828608329413363,25.068175017254543,-175.65653847478916
6108533.548288468,0.20817327754870626,5.323154338514327,21.831445423468775,25.077667102431803,-166.92586544883417
6108060.973646423,0.20820201377307362,5.3249948802410065,21.827120968969574,25.093898979587316,-158.0345792335136
6107722.879992945,0.2082125758942178,5.326069705202504,21.824255744305795,25.106889827788518,-148.86658328093026
6107699.317579653,0.20819817636407412,5.327103436644813,21.810564607336975,25.12445851215394,-139.29064421038655
6108512.647038344,0.20814243132352503,5.327810152341565,21.777992550676828,25.142776040730265,-129.1510015991651
6109803.076271078,0.20819387314610452,5.327718313028018,21.749632405816733,25.138025235488925,-118.28142097790035
6111812.488177652,0.20828949033439081,5.327693974333295,21.72747616414235,25.11664657693312,-106.49971265451302
6114078.94752693,0.20843457479548325,5.3279794837553505,21.703570845805967,25.101684989744317,-93.60745509222009
6116764.571642712,0.20864876509816382,5.328996782693178,21.696727905250714,25.07826024295842,-79.38694615333786
6119940.561216507,0.20890743922594712,5.329493595492008,21.683467534861915,25.071861623685972,-63.64793809510247
6122999.23029035,0.20919468552235224,5.330640795855223,21.70247737095042,25.0636020377842,-46.32276071550872
6126078.362108856,0.20947876176926492,5.332136475504328,21.74610389736923,25.05901184468493,-27.535808824873566
6128268.958906533,0.2096727407062879,5.332865400530709,21.815641307842895,25.059352668850362,-7.726510052542242
6128798.172699412,0.2097016206152023,5.33093822814493,21.870933644158747,25.049817011907987,12.429358017291381
6128444.94689497,0.20964379970460711,5.329414406430898,21.923437866502113,25.033681867954478,32.08238058536514
6130344.142418986,0.20967702156807738,5.329173449030691,21.98399412755678,25.028486945582234,50.53063758436302
6131895.899333024,0.2096726045048568,5.329286330924429,22.021030015574926,25.036724380619244,67.44256555437003
6133623.589391438,0.20964105062340496,5.32927967839956,22.06862650234378,25.036676113569712,82.73871430083929
6135539.956032226,0.2096239812955867,5.3296219275521475,22.12190755109445,25.027328579733126,96.54534080148161
6137328.130027074,0.20959245128607398,5.329560577678999,22.160980626300784,25.028172355665465,109.06663320794604
6139272.416693427,0.20954242273617565,5.328903228815581,22.196835022290138,25.034694530346144,120.5178585830623
6139793.556739809,0.20953558645510015,5.32848729306738,22.205986033478744,25.037443258463263,131.14000967165862
6140213.808930123,0.20952635350830615,5.328928386475374,22.21788220155194,25.03553795263982,141.08860683290325
6140524.785105828,0.20952684423785187,5.330601166648028,22.23181512030529,25.03171988775218,150.52156073646864
6140829.62677202,0.20952188427665128,5.332127121958855,-337.7563725316101,25.030938476531478,159.57711130029168
6140607.477505004,0.20955231765717136,5.333628222270897,-337.7536788157354,25.03269513406323,168.3856427227999
6140741.438854279,0.209546701940996,5.335078202277717,-337.7473383659232,25.03685572414656,177.04654569746688
6140196.364399955,0.20959791700274705,5.3367408088333885,22.255506221509457,25.04465874017101,-174.32847250179006
6139741.587581372,0.20963112694537048,5.337941517162492,22.25945443546528,25.05279262245856,-165.63653408160187
6139362.205661457,0.20964968999135764,5.339157747136637,22.25938856279341,25.0641503939495,-156.76801290792324
6139293.030244626,0.20964017741773164,5.340043340748817,22.25371751991192,25.075479725859452,-147.60295077351077
6139319.947516877,0.20962382327059254,5.340666551942516,22.244911260713522,25.086758331313813,-138.01606417180642
6140692.057834756,0.20957718273710743,5.340979566309732,22.206472017307192,25.0955618666486,-127.83279908814578
6142654.986360868,0.209608230037549,5.340814332419966,22.16991662493712,25.085637224029977,-116.90030724386502
6144743.709636625,0.2097133100455569,5.340848989074778,22.144913252380558,25.066945523877994,-105.04504844831187
6147078.077978512,0.20986236563390093,5.341300876302903,22.126647863457222,25.046731593722416,-92.0541259565784
6149414.297971435,0.21007217124077449,5.342390245332874,22.1283177172506,25.023859951477714,-77.71837684872081
6152209.295291301,0.210331117421053,5.344026695060315,22.13981244958293,25.0044215665685,-61.847841080697954
6155049.289927546,0.2106123158609322,5.34555494739844,22.168073717714424,24.994405685521603,-44.38403213038802
6157496.453856809,0.21086139683611405,5.346752438019134,22.220923511416306,24.991288200400643,-25.487650526129702
6159946.9447452165,0.21106616685465096,5.347673672014326,22.292571490119578,24.992210007623516,-5.622184626402893
6158898.617295144,0.21099237981405192,5.34576882674434,22.345968537521145,24.98166744919437,14.50916531929725
6160350.401343936,0.2110355895261155,5.345056157219157,22.404284386396064,24.97339137229397,34.03743511657767
6161995.289522152,0.211052920726361,5.344582630708393,22.467008278290834,24.96212291538914,52.321863676428066
6163845.908821488,0.21105387721968166,5.344567505255875,22.51813370157452,24.96135810749412,69.03742923296545
6165728.073736368,0.21104199706033702,5.344678926732149,22.57208353412387,24.953579177374838,84.14571592663808
6167706.529041652,0.21102700231693297,5.344875686149334,22.62141239127171,24.948602385545115,97.7783265762302
6169667.16333686,0.21099142765454126,5.344805425026848,22.663736517681002,24.94952359202684,110.14315755570077
6171387.738293402,0.2109481021636868,5.344585137289446,22.69881213248921,24.951555913942645,121.46688554243283
6171480.214103019,0.21095917484091267,5.344477441491447,22.701197048320576,24.95220306985641,131.983246716545
6171543.939070538,0.21097718420232012,5.344863510352207,22.707056398658715,24.95064595708901,141.83822274580547
6171607.690735972,0.210987503728707,5.346158308530301,22.71417921539337,24.947997679993012,151.19025029650226
6171590.804998014,0.2110091866262895,5.347526948960295,-337.2781521431474,24.947583770317898,160.17346393401593
6171602.644422645,0.21101863977973637,5.348109916046291,-337.2722410686882,24.948372525440124,168.91226587970286
6171354.897957802,0.21104894301423008,5.3500115405059985,-337.2689670625252,24.95419262581751,177.51413124252326
6171026.467924161,0.21107915636736183,5.351610181724055,22.731512635974056,24.962004219800146,-173.91324939778502
6170498.326801838,0.2111190084376216,5.35259857339135,22.736780182087774,24.968905795522012,-165.27132822859096
6169945.577330064,0.21115937601482274,5.353624077869492,22.73642358540408,24.97873422414613,-156.44704992093443
6169425.543532971,0.2111780285267498,5.354816301108203,22.73466882776421,24.994378040261584,-147.33309715642696
6169273.668534333,0.2111779451831672,5.354579140808771,22.743648302599354,24.98992111851322,-137.7885465126366
6170579.007871198,0.2111023565093855,5.354373570123796,22.72526550099502,24.983828984040507,-127.64820077863648
6172408.896914791,0.2111452471058434,5.35414828368506,22.696268989919847,24.969393874714452,-116.75408557520659
6174496.827329487,0.2112478411991162,5.354229571036917,22.68124236550703,24.941292703612156,-104.93218314465409
6176702.7635717,0.21140410573223095,5.354779170583289,22.670011816493304,24.917903397326796,-91.97476107956437
6178971.506147204,0.21160695289775172,5.355804849597961,22.670748987203986,24.896978569115376,-77.66553462212529
6182333.080184672,0.2118859619555803,5.357298623858698,22.671534457728725,24.879632259591645,-61.80625374080721
6185678.725610504,0.21219029885862228,5.358172828958455,22.689241193962083,24.873997809458604,-44.34906713917385
6188551.846797593,0.21246299992841983,5.360235828736394,22.740630764524678,24.868989478027824,-25.454983502218933
6190756.900674053,0.21264983596582623,5.361130877071498,22.80969043922028,24.86997280961944,-5.587901005738378
6189625.984449098,0.2125716262887169,5.359091182085071,22.86136513417101,24.85846439857275,14.54513354700479
6191595.984806601,0.21264957658215802,5.358222534382691,22.920265947039486,24.8482387205558,34.06889963668204
6193538.386655113,0.21268754577663052,5.358013671219354,22.976917045841365,24.843168345033853,52.339699447173246
6195393.0290918555,0.2126907262129532,5.358029893098185,23.023972869092404,24.845442717074818,69.03481222046594
6197319.211349826,0.2126855111111715,5.358002748716072,23.06827586772655,24.84665122204491,84.11577044266403
6199217.573662227,0.21265574159563114,5.358198967592746,23.117042665245666,24.84179933183977,97.71607201470114
6201090.067681303,0.21262775280789847,5.358427484546645,23.160959501799063,24.83848043382486,110.04749288266076
6201684.595960189,0.2126111804315557,5.358048566467637,23.170215828617945,24.841955702896232,121.35684655305917
6201489.329535149,0.21263739142309457,5.358368516493895,23.16956773300221,24.839932228184402,131.83784524756473
6201676.8408899475,0.2126420605568576,5.359011000056925,23.17772058852498,24.83740356368072,141.6485714872455
6201866.219639413,0.2126491681495418,5.36108671160508,23.189478647388146,24.83328365339175,150.95256866805204
6201709.992402116,0.21268294065648993,5.362535810188623,-336.80454878767637,24.832905411550858,159.89016835530026
6201437.81657513,0.21272262610541756,5.362234891977373,-336.79718976689236,24.832472482327255,168.57838668632004
6201055.207759356,0.21276626216830266,5.363799121960064,-336.79329214943033,24.83728213482642,177.12648520737596
6200737.507931873,0.21279548255640574,5.364677252676226,23.212480621369767,24.841569529464856,-174.3614219546239
6200064.932242023,0.21285115797408355,5.365654872902731,23.216626416380176,24.848379926940122,-165.78270539581598
6199433.023709187,0.21288987886863087,5.3655382247808685,23.232249061678022,24.847249387163334,-157.03490442209062
6198794.398150835,0.21292570727630702,5.365636292712937,23.24403462911303,24.84850831192457,-148.00018195809824
6198592.013339192,0.21292676420528533,5.3656474558116365,23.2496892031105,24.848682249546794,-138.5474035965378
6199089.515678259,0.2128818888995284,5.36563842915599,23.242676664919497,24.84836663411705,-128.52748078481852
6200731.222019624,0.21294345173371057,5.36526730568909,23.225163200718445,24.825745564994218,-117.75521983283731
6202675.866664538,0.21302949163638507,5.365316098846165,23.208942335382552,24.801607691372112,-106.07163091742844
6205255.949829182,0.2131851448692751,5.3660172260308086,23.1975229302142,24.77020411404829,-93.25930583901273
6208182.661146581,0.2133906697116639,5.367180809360874,23.187376273932806,24.745640958791615,-79.10402945181545
6211195.009574397,0.2136512475377601,5.36866936043525,23.191893157928064,24.7277787428329,-63.42337201453465
6214295.535753792,0.21393306954312027,5.370553055189472,23.213781857859377,24.71522823496691,-46.12813336182196
6217804.3774565775,0.21423596465760708,5.37179017991107,23.25146428917098,24.711854890031763,-27.347618908812567
6219993.24380663,0.2144294634832571,5.373082365381854,23.322326654147503,24.71302147387097,-7.539148677897485
6220432.80773217,0.2144519334015542,5.372523193265914,23.371329980179784,24.709891400031232,12.615964596659895
6218935.805788361,0.21432695629109177,5.372239544950972,23.40352182644434,24.706613061306452,32.258680577505146
6220862.195073741,0.21436556026080894,5.3718967856804545,23.46314130499792,24.698756514996955,50.66763977209862
6222633.028451113,0.2143586726425442,5.371918896770668,23.511485075199122,24.701169489261183,67.507048139527
6224473.2434406,0.21434358887948346,5.371855543704647,23.55332104878163,24.704988820373327,82.71928605871538
6226145.111023178,0.21431076192814102,5.37211977232554,23.599530838786166,24.698263972591363,96.43137201958895
6228155.75609103,0.21428509671493406,5.372154455851761,23.643230481246896,24.697668252074056,108.84173395532959
6228011.013334274,0.214295090573425,5.372702494014692,23.645490402358828,24.692398146527314,120.22387634278442
6227746.277363699,0.21432267112676365,5.37235001025675,23.639015415697305,24.694605846671955,130.74206672510476
6227734.610362837,0.21434439477650724,5.372437434525654,23.641918351952047,24.69423095183033,140.57293274754107
6228059.202210147,0.21433962436028758,5.373191324044819,23.652462811465266,24.692638401523126,149.8764308723096
6228018.144664109,0.21436246019936522,5.3734709116673285,-336.3414065436599,24.692522529372653,158.79986026711305
6227705.800949484,0.2144068873371302,5.374373397735079,-336.33607425650337,24.693663134987858,167.4610927063802
6227136.181963522,0.21446941106486186,5.374228775086253,-336.32785028586375,24.69322726855216,175.96913031356075
6226488.160806136,0.2145315484086296,5.375484322212886,23.676880549964654,24.699148104569037,-175.5742464992661
6225973.267517403,0.2145720930892501,5.375881624811809,23.68562965798928,24.701821659545747,-167.06568584364064
6225247.732547976,0.2146235492359795,5.376673618881768,23.6918492583597,24.709135714077554,-158.40287199477453
6224528.720496474,0.21465980117934647,5.3776766325430465,23.695490143928527,24.721741920760188,-149.4759104523205
6224282.943383459,0.21465212547327076,5.377619016710665,23.705599923975566,24.72069489620297,-140.1526080464929
6224838.127684444,0.2146218358949028,5.376666185868968,23.720925608283903,24.69493465603941,-130.28131729659898
6226515.13884078,0.21467511264962671,5.376073824505532,23.711286465118498,24.663368791332246,-119.68928764507088
6228454.878034923,0.21476007497268082,5.376056267671872,23.703463713875237,24.63022019456549,-108.22028422187788
6230704.352777563,0.21490767981643039,5.376691504733013,23.698781334907487,24.597351184866834,-95.6651480540152
6233178.203903198,0.21511108471916512,5.377692128661169,23.69507231477977,24.574271463705813,-81.8047243728207
6236260.726997262,0.21536570999028087,5.379212106596379,23.69626476986926,24.554504086279298,-66.42864861297785
6239448.577089125,0.21565507901547581,5.381373921985047,23.7178965949346,24.538624126144992,-49.43296675390962
6242660.935231227,0.21594681731574977,5.382844921065494,23.75609813582002,24.5337944560208,-30.89782269850609
6244990.21955834,0.2161563926860968,5.384916237757058,23.820739438339498,24.53459043037817,-11.212284929599349
6246661.99068963,0.21626300600100196,5.385100405221904,23.885919095169644,24.535185241998814,8.949840177493108
6246270.868085202,0.21620867677231004,5.3836819569422705,23.936223462329703,24.520993902823772,28.759273408810394
6248331.026846105,0.21625900493211608,5.383091353290162,24.00156137577347,24.509017182964723,47.4332828572433
6250244.797795119,0.21627182875624001,5.38285995534634,24.06536173492519,24.49503482886568,64.5686265422332
6251851.3222057335,0.2162540068987837,5.382908283127719,24.112085932781934,24.489881656127512,80.06199201753037
6253725.595391693,0.21622584678694312,5.3833928515309,24.16903842399413,24.476468465370058,94.00632182577776
6255396.869631259,0.2161894335642814,5.38367458583316,24.21022903549668,24.472021340755216,106.61233216452118
6255664.625704054,0.2161760457008896,5.383409484909684,24.213396321187513,24.47462389089322,118.13022798799896
6254954.228266468,0.216220284635882,5.383566125158774,24.200968739243304,24.473533708094298,128.7623952863725
6254610.6360333115,0.21624737903042474,5.384273430451776,24.198634726827137,24.470462692462824,138.6713745220415
6254161.949846916,0.21629109081943498,5.384642324845354,24.19483328646406,24.469581212351404,148.02872484113004
6254172.537997652,0.21631347400828344,5.385243754377492,-335.79768013610607,24.469202443872124,156.96489747801354
6253915.656840779,0.2163543164853476,5.386662068119381,-335.79264377415427,24.470652408982335,165.61611140126755
6253217.514521312,0.21642955110665754,5.388051102407414,-335.7906663172974,24.47435224035538,174.09361682047694
6252624.548681246,0.21648839044830953,5.388950555894028,24.215532965521987,24.478311033575565,-177.50437633617392
6251855.246631781,0.2165543684426267,5.389842385667962,24.222934499492418,24.48398662871585,-169.0758200257192
6251120.774187673,0.21660570960782788,5.390713896720615,24.230373172759073,24.49159511000147,-160.51796852554614
6250308.6006091945,0.2166518340482331,5.390950305952293,24.244714165024867,24.49437931064616,-151.72330971936614
6249853.39276002,0.21666108961206598,5.391151834157635,24.253725866972786,24.497662180448277,-142.56660628922864
6249971.957582867,0.21663190617352793,5.390828676816282,24.26268938652529,24.489726466835165,-132.9073542218978
6251386.404093195,0.21666827211348239,5.390075066062071,24.260789283363565,24.4563916198476,-122.5654897979354
6253069.955308214,0.21674703755423905,5.3899084428473465,24.260317969535492,24.42007804158331,-111.39501114455906
6255317.632622292,0.21687134572465896,5.39032074561741,24.24805149504295,24.391965822096935,-99.18659215112282
6257851.535257366,0.217046332290016,5.391741869382307,24.252449502165902,24.353869137031776,-85.72383658474527
6261118.673654133,0.2172949880060997,5.3937048458548995,24.254222814833106,24.32491939992635,-70.7857369070289
6264177.6428827215,0.21756513930272026,5.395910206045627,24.271291027802093,24.306239867490408,-54.235006547121266
6267240.606426759,0.21785337137387573,5.3975996063333564,24.306744877793133,24.299195821842986,-36.08526395191615
6270075.372266997,0.21810307854951708,5.399205678595186,24.362830180897063,24.298352273290238,-16.627927904302464
6272152.010217469,0.21825223666220958,5.400436388065017,24.432879452952285,24.30231769219836,3.5116580148521024
6271499.997910624,0.2181900457974104,5.399399434435439,24.47877533013182,24.293498834951283,23.535257219385656
6273510.973780217,0.21824947714126358,5.398107873450488,24.551441109503983,24.271685894948266,42.588332241364064
6274948.805386135,0.21823876688986454,5.398062993839503,24.600652326027863,24.26995970735768,60.16816711548681
6276729.256300846,0.2182136293937181,5.398021054890483,24.64280132393625,24.27700424845083,76.08511944773709
6278622.470734514,0.21819391347283915,5.398451033562218,24.700565488261248,24.262775682940678,90.40813708491602
6280501.087090386,0.21816001864233062,5.398762894627974,24.747148920681315,24.257300934574992,103.32167187138127
6279798.189122029,0.2181739769075296,5.399287353325749,24.73833362374808,24.25148103149141,115.10548017380401
6279201.745496603,0.21820851143182543,5.398291200211846,24.71945639277357,24.258758190811424,125.92173653090312
6278742.677976796,0.21824760873762036,5.397907847146468,24.710486824178588,24.260567959099788,135.9671806962383
6278666.79496748,0.21826864571334637,5.398927406188216,24.714705963931312,24.257739817197354,145.4091412723259
6278193.103078695,0.21832930702183523,5.400012277923106,24.715633129335014,24.256650195590325,154.40488106445355
6277709.412591657,0.21839096312129547,5.401350905516538,-335.2818903857119,24.257506274901402,163.0770729117216
6276901.926479515,0.2184759493455875,5.402806636685016,-335.28262976914203,24.26079608803033,171.54367849684283
6276169.087002786,0.2185502921451312,5.403362924890902,-335.27695455565475,24.262989024626844,179.90320126993814
6275049.13802834,0.21865312082312816,5.403935788611268,24.732512419918148,24.266322689724422,-171.74383336249218
6274259.5368657615,0.2187131857978512,5.403769804213202,24.748517931843313,24.264971994008977,-163.29420672073638
6273096.783975545,0.21879646182991624,5.4049211698490405,24.75487270624437,24.277504349386724,-154.6456255598954
6272170.814267913,0.2188430872170518,5.40473307798657,24.77674156000385,24.274675838417686,-145.68049333170487
6271971.673960164,0.21882978427750785,5.403821748770071,24.80397135131607,24.255012501007542,-136.25918596953127
6272916.209507098,0.21880039016999445,5.403185692571612,24.80725604998622,24.232166599043236,-126.21842820305814
6274667.038399236,0.2188747785523482,5.402845047619337,24.801358187733623,24.198145996264373,-115.39307579233655
6276786.232639739,0.21898310550325817,5.403136418893153,24.794898843388957,24.164204942361554,-103.6035244950896
6278978.413569445,0.21914367442828445,5.40397300141158,24.792213759502445,24.136128032343436,-90.63617693536958
6281932.226701176,0.21936890469317846,5.40557903700422,24.792220732731362,24.107947066480037,-76.25336844689875
6285025.345446585,0.21963225885837565,5.407709239197983,24.804022664698053,24.086324440432612,-60.278585718922955
6288460.080200348,0.21992933359976158,5.409272752358992,24.82371556893905,24.077819494678664,-42.648183700907175
6291532.338978769,0.22020554088910196,5.410848863440216,24.872286012765773,24.075167686362022,-23.55821821788823
