Episode: 687
5501874.963044109,11.463659405768402,4.996060909233539,20.099879698038798,19.961058595364804,30.84304969112257
5503326.261887398,11.461370799601418,4.9969778269135325,20.164466586291606,19.97998920949441,50.42758028648879
5504670.698983118,11.457073924941227,4.997293752949781,20.20955099052881,20.00056774234465,68.36133348974127
5505701.228428775,11.451139703974977,4.996951596327433,20.225187351522248,20.032239483204677,84.5630749049047
5506923.884341242,11.443487740391985,4.995806284925148,20.23730715688394,20.064099525783853,99.15826146421169
5508146.419826899,11.434780704522423,4.993539518047129,20.236383068706406,20.099596559746075,112.38958501871484
5509463.038693149,11.427359517544318,4.990982079974821,20.239271714238928,20.125243972348574,124.50803978340275
5511114.116348295,11.421771806262212,4.989417887649271,20.26425616427753,20.135384921406594,135.7376951071992
5512505.210151654,11.416734626017256,4.9946626223797885,20.312529242195584,20.11504655564477,146.30043541955231
5514131.944295719,11.40956418145286,5.0001225205798905,20.349102573667327,20.105899316244386,156.37044167967446
5515729.125547085,11.401637050526768,5.005605550218894,-339.63084023692113,20.107672442091026,166.11135359386003
5517251.419407282,11.393341901920133,5.0102573061015185,-339.62697046990155,20.118280188348923,175.66759948404382
5518792.58695206,11.384443743066278,5.015251621636662,20.358136067201013,20.139957947713203,-174.82702186259783
5520320.296383129,11.375487362954804,5.019757635443467,20.326308441732905,20.170033781092215,-165.24112707348874
5521806.871679595,11.367044795591106,5.0236336544861615,20.279040999882458,20.20706962307135,-155.44094521130214
5523362.629840469,11.35911831793183,5.026760058062776,20.21654347751844,20.249321834771937,-145.28150030349553
5524838.528559027,11.352968743830427,5.0286207955901085,20.152642362305222,20.286292737272742,-134.6067028728116
5526562.6732440125,11.35414717284079,5.0298911750152,20.06151652934007,20.328511434861273,-123.21950861487758
5528897.663632723,11.358015966139456,5.030390540882896,19.95726730821169,20.37338090300164,-110.92220999525456
5531559.524723601,11.366101821676553,5.030084034672383,19.863969870310054,20.40977729872799,-97.49159306911241
5534034.391751209,11.377555278849456,5.029223380163691,19.80027444225981,20.43751567889492,-82.69623244753615
5537117.081017783,11.393316175741296,5.028160498994048,19.759629089551357,20.454792709157104,-66.30285364819717
5540110.001829816,11.410419733203096,5.026775897344189,19.75483546241905,20.466925837977378,-48.21125272832369
5543207.614806434,11.428135717747152,5.024377989769822,19.78812154304904,20.47604666423447,-28.54075633633444
5545982.444122085,11.44220552013254,5.021433468725041,19.86214247493964,20.4748450651687,-7.752868269041578
5548139.270567518,11.450096008122799,5.017520985743931,19.939243077691067,20.455822949489857,13.392172689362095
5549753.66103526,11.45224811431987,5.018819364475592,20.001669859729827,20.46984399945758,33.938445273138704
5550990.190052206,11.449957184275627,5.019779092624458,20.048794437933076,20.492114966433203,53.181246850745275
5552462.112510093,11.447329880222584,5.020098774287186,20.079047752098905,20.51954918881727,70.75779545157805
5553732.020854019,11.442032786211222,5.01963937361034,20.095889029633266,20.552123464728467,86.62454219302225
5555050.963651646,11.434784644625097,5.01856783622511,20.112604875715338,20.579337576112383,100.9358812196299
5556296.185988558,11.4256259774073,5.016158522165544,20.111028823921625,20.614877139386806,113.93398786068208
5557920.637782609,11.42145688098915,5.01285965294305,20.117288280583608,20.64633909587016,125.8537040752528
5559636.002409823,11.416081185432796,5.016316574191483,20.175556716567243,20.62494103244188,136.92839346255067
5561325.510426369,11.409777605844619,5.021594803967871,20.227787323769007,20.605792502433072,147.36227934306459
5562879.201359952,11.402982510726705,5.02707211393173,20.26221543104932,20.59769405168738,157.33305099006492
5564489.810428316,11.394938499032765,5.032558640575023,-339.71911497927783,20.600369881403267,166.99261707144117
5565892.598059282,11.38729978326766,5.037874344619378,-339.7187096780352,20.61326299390984,176.48294660563172
5567442.502591113,11.378361881071067,5.042739209763669,20.26564923012169,20.63503513511118,-174.06634472300308
5568736.950240819,11.370748664880168,5.047218123148155,20.23419376220889,20.66554058534434,-164.52717771273814
5569840.922510019,11.364804667310208,5.051061004866389,20.186528310148713,20.70284700720536,-154.76545548007763
5571428.266979516,11.35726608826504,5.053974598037283,20.123109381842355,20.74280459379028,-144.63563647851012
5572053.528831845,11.354299469598267,5.056074445162241,20.070599132347372,20.785221225470824,-134.00646642354656
5573431.234565366,11.355966230793362,5.057414859218139,19.98520694046239,20.83083439045976,-122.6550988164279
5575547.299420292,11.360844116784811,5.057855313963,19.889259998946688,20.872984645247225,-110.39011051050298
5577813.66755514,11.36842417935577,5.057588249552789,19.812767754362675,20.90216521351413,-96.9988734646214
5580640.01651044,11.379889969613496,5.0567385080458696,19.74242544754079,20.928770790442915,-82.23264062107832
5583639.8403950725,11.395070068677068,5.055376584202159,19.698230243576955,20.950469749729358,-65.88967911433632
5586757.837128185,11.412205193964288,5.0536777592102125,19.68809002297161,20.965111705149972,-47.863767070193035
5589773.269365715,11.429359327475584,5.051187480514978,19.720342011393857,20.974405629634827,-28.284115086130168
5592243.640952434,11.442295243166685,5.048497431787563,19.79772869571539,20.973235211338036,-7.612423868541343
5592759.231505329,11.443907027078184,5.044261248805186,19.871250870021008,20.952778721383616,13.414381440546736
5594701.564371344,11.448236296210782,5.043451053885929,19.94113250648267,20.943799880922164,33.85824978778727
5596119.527307279,11.44707774435946,5.044440264410386,19.985234919992514,20.96644686170743,53.003340401513135
5597537.880963186,11.443991250011262,5.044747549893654,20.01850847020344,20.991736240487636,70.49975825045813
5598939.21347359,11.439534599103832,5.044302800140071,20.035983267070026,21.02443166039576,86.30514629154948
5600141.047472823,11.43258984427005,5.0429220649198685,20.041153493298285,21.060078441894998,100.57258100549282
5601214.251722245,11.42492697403238,5.040540874668891,20.03497486254368,21.09561495197335,113.53670961503305
5602668.19319028,11.418742138286603,5.037276689671526,20.03546682033715,21.127139168195153,125.4280525492411
5604205.527024455,11.414143328139035,5.039711591449696,20.08418584131695,21.111795093913663,136.47383995686175
5605894.58644026,11.407688094688517,5.0449890388079535,20.13621912999093,21.092087264991754,146.87544981159186
5607433.135228578,11.40100342321799,5.0504734611613085,20.170987939253244,21.08335589571307,156.81106061678204
5609064.912904095,11.392875444617605,5.055976159933622,-339.8096661793466,21.085336852617335,166.4310978826149
5610586.168594271,11.384659740473378,5.061318538259753,-339.8070950188498,21.097492014383374,175.87471515040764
5612162.3661960345,11.375625103857455,5.066130929174835,20.17931105035242,21.11814094856849,-174.72838289288626
5613704.407023698,11.366654287493377,5.070225257430648,20.150636271960977,21.145051506561618,-165.25104512649548
5615262.00103054,11.357871599364048,5.074132710890555,20.103425340359962,21.18170269797156,-155.5640745292046
5616753.173463186,11.350174022154114,5.07703671705635,20.046703054936618,21.220071697887132,-145.53017918233482
5617093.363529241,11.34821021737752,5.0793730921691385,19.997508195980586,21.265149653571026,-135.01820975435305
5619146.115976492,11.34764711209408,5.080409299579456,19.90987769936155,21.29802669148505,-123.78866425190891
5621203.0390310045,11.352381039031986,5.080970628437277,19.811984890233944,21.342869838180672,-111.69279857409207
5623693.811350238,11.359576928189439,5.0807392426832765,19.72470710967772,21.376394729225897,-98.5016813609513
5626489.466035018,11.371233891086359,5.079949903705663,19.653759100215147,21.403502947444533,-83.98462304350139
5629196.494449938,11.385988833662667,5.078451177326199,19.60992234948901,21.4291179992284,-67.93606899429098
5632370.292612437,11.403332047924446,5.076968330802262,19.59728832486908,21.442937498802994,-50.22181976479712
5635234.236185996,11.419774803989387,5.075491655858911,19.62709894426267,21.44921549475018,-30.939201638156103
5637885.175057687,11.433777789447552,5.073367141783173,19.698536303521493,21.44944871910935,-10.497808277301948
5639952.934270408,11.441650999277025,5.0698262814861526,19.79561052004846,21.43483811679168,10.382706758469155
5641938.251490446,11.446566737100778,5.066828985734203,19.884255920782696,21.405604124773404,30.842802784246345
5643478.147347122,11.445605665905095,5.067842179687557,19.93829847062632,21.42592349998342,50.09654654239204
5644974.729124207,11.442968202238525,5.068294460886931,19.972399135611816,21.452883110741787,67.75931372482734
5646165.158407701,11.438606781141301,5.067990077380478,19.986392738971205,21.485117870825725,83.74790408887019
5647513.237476269,11.433100421948968,5.066791620852094,19.994657735892336,21.519987437323262,98.17715794125967
5648790.353730943,11.425703823587561,5.064629120707448,19.99501761187107,21.55501658135079,111.27269432227574
5650149.43587644,11.417310293430226,5.06143856314741,19.991250963861024,21.588207120957534,123.27399875321194
5651810.762378808,11.412604976830865,5.059058826381488,20.01168202436955,21.604420018536988,134.3944195642878
5653390.454730991,11.407215422994687,5.064140260821193,20.065197793004483,21.58312158577526,144.84586585926078
5654932.081266368,11.40078679326734,5.069615889546985,20.103342978909524,21.57212467790255,154.80354417782593
5656564.692522822,11.392923203756073,5.075154590667106,-339.87336017632185,21.571845463442603,164.41949700011077
5658109.602858847,11.384779537323569,5.080575936388692,-339.8666077395556,21.581831610003444,173.83319441228772
5659510.113151971,11.376850142569104,5.085312706847054,20.122360036871346,21.599844277292913,-176.8242912239688
5661069.194680093,11.367776498816124,5.089762928621625,20.09676902160647,21.6264740162667,-167.43291772164463
5662625.209605359,11.358866756206176,5.093292084049536,20.058591960460138,21.65685631356044,-157.8640737250677
5663585.7643355075,11.353426470782852,5.096672795663614,20.00948243129936,21.697734681603738,-147.99303898611723
5663370.226966266,11.353704261859077,5.098842477176163,19.978158440500156,21.735417329228287,-137.68871028856262
5664818.982607,11.354188690525405,5.100520827459172,19.89085085599702,21.781244468848918,-126.72251199906539
5667063.963296844,11.356627724033535,5.101244125545001,19.791434044042273,21.822528388679416,-114.93443403776861
5669420.54269344,11.363294833921845,5.1011891042225965,19.703212410994315,21.85758494001914,-102.12919346518315
5672074.980544137,11.37421190493196,5.100671459476293,19.63538722479452,21.88040558628621,-88.07441254482552
5674912.610206161,11.387855833792624,5.099828470766592,19.588902534327925,21.897465695289046,-72.54907643733449
5677913.105491893,11.40437280146047,5.098111421066558,19.565658694291034,21.916463894607354,-55.40155920050332
5680775.1842062585,11.420907552954395,5.096023325991296,19.581012308544476,21.928110401613633,-36.647356830994106
5683632.202449616,11.436468780977464,5.093254898476743,19.639935092918165,21.931790827351204,-16.59300499711115
5685704.545074552,11.445618247825154,5.089785871311587,19.73709343620191,21.92219077861723,4.125648434176196
5687775.151406482,11.451672839365692,5.08574212637775,19.825351981021903,21.890890942445818,24.69899923584047
5689405.99924241,11.451995141005163,5.086700411308585,19.886158665519652,21.90595783869185,44.269872065765384
5690947.1136626825,11.450251271445225,5.0871873341959875,19.930229609829347,21.924571104601444,62.35488471396326
5692474.775180379,11.447215148180868,5.087145970999775,19.95353535488343,21.954898913449654,78.7755046957297
5693880.549214138,11.441989128049636,5.086240367249084,19.965810531390705,21.989425659225436,93.60192259776689
5695187.751718609,11.43527905342373,5.084351812145521,19.96782295460132,22.025530692569774,107.0335654402087
5696596.132220622,11.427423391324998,5.081470551486382,19.966542956634385,22.06000110974477,119.30284956957435
5698248.271385042,11.422909751790856,5.079599151802264,19.988664128321247,22.07472248203709,130.63093328709544
5699956.044091815,11.416796394628552,5.084267272823582,20.046057636522352,22.05125700159584,141.23050699812342
5701671.4738696385,11.410165836831087,5.089675783269289,20.093005333556878,22.03645829501652,151.2806769740103
5703343.869077774,11.402596210550044,5.09521382956896,-339.87653837303014,22.032361492279957,160.9426466414615
5704860.484554041,11.394862497819862,5.100700666287828,-339.8646751095431,22.038621602807908,170.35861244486605
5706324.710100561,11.386740247346424,5.105964625959245,-339.8711129164796,22.054626921734556,179.65709532880135
5707692.087928874,11.378908791400256,5.110515993294925,20.107260630290778,22.077819775081814,-171.04006793357996
5709220.838711973,11.370070805219314,5.114863714258941,20.0705994815387,22.110387568861213,-161.61301461471652
5709894.727892637,11.365915234606792,5.118215803829679,20.033015084849783,22.145703957492064,-151.9420424449863
5709817.441916509,11.36555913802149,5.121129195840526,19.994321652171404,22.18905594033833,-141.89437869050042
5709829.08383299,11.364857467059508,5.123118184155934,19.951894492150114,22.233288628412414,-131.3054653276679
5711761.359562675,11.365880375531058,5.124291277523359,19.85432732631809,22.279525339156116,-119.94746222283933
5714211.484777261,11.370549723314857,5.124562927528101,19.75350560166499,22.321185221586408,-107.66231874920389
5716751.582453774,11.378502233211352,5.124178220686856,19.6741225495447,22.349880660580254,-94.24035077626532
5719613.539035145,11.390703369334165,5.12355718835691,19.617633214469084,22.366641587219046,-79.45123289800802
5722854.642513147,11.406444895143036,5.122145577548156,19.574814068020416,22.386784793006605,-63.103687304311
5725894.191337662,11.423488509235113,5.120742121687673,19.57566009398299,22.39759699884976,-45.13603810249856
5729095.754584558,11.44093634090675,5.1188393342723835,19.61386628925508,22.403515648189437,-25.703590520094476
5731606.949069282,11.453412154534492,5.116403870334106,19.692777692159986,22.40130832214236,-5.295248662354924
5731250.822612239,11.451488858893894,5.112436165883373,19.763297082966737,22.380497345461826,15.364432772269886
5732853.064938147,11.452858384326435,5.114080358032083,19.826884086131415,22.39897619810858,35.358251742409514
5734225.498804437,11.451457648691994,5.1150435820155815,19.86852897069078,22.421911718678263,54.07896639854485
5735559.746275034,11.448601760909286,5.115356310560191,19.894090480010608,22.44997292515661,71.19789115991826
5737097.59061599,11.445110155928038,5.114881634047228,19.91090401334606,22.48287532741126,86.68049180131081
5738527.257167777,11.439847249615235,5.113568871679156,19.9203761919949,22.516121562209158,100.67902528789777
5739654.53575528,11.433015902667725,5.111164428274141,19.914718445374852,22.551684002346768,113.4211174895078
5741242.111403137,11.428800828420234,5.107810721562168,19.91865118226318,22.584011002357823,125.12015166335289
5743029.072852055,11.42386376902782,5.1106583502526615,19.975714194707173,22.56595080976432,135.99486502738907
5744737.806639319,11.41732662592329,5.115956077767065,20.02803639975015,22.545676434390174,146.24497617561758
5746161.56622323,11.411564375047725,5.121258205907949,20.06293892212709,22.536492135933162,156.0352450050534
5747804.545241851,11.403313094082568,5.1267276963811295,-339.9184079375855,22.5374124339376,165.5110488134488
5749232.339408493,11.395820930920257,5.132151369376135,-339.91374209293997,22.54837321492875,174.80155370453755
5750834.549345428,11.38678729072653,5.137254583053257,20.07500207432972,22.568547828575685,-175.96775617167285
5752271.579417229,11.378662712927648,5.141201134303749,20.047160094092934,22.592679009504987,-166.67133836733768
5752257.915557053,11.37804913106749,5.1449857146304305,20.02128139068845,22.625717697100104,-157.21118026364235
5752050.055614222,11.378160845236405,5.148337788069405,19.988657130424,22.666653490335047,-147.44837882219332
5751533.222938806,11.379383924164342,5.150880174466454,19.956821770592732,22.711179149565965,-137.24333570042353
5753122.753228286,11.380434398337146,5.152239846541508,19.873419215450298,22.748626786766412,-126.37071680779688
5755331.829049973,11.383454156499768,5.152980929544187,19.773465468197895,22.791636449973296,-114.69158074888483
5757699.115718802,11.39047215438205,5.152946964390444,19.701872062961034,22.81058235387939,-102.01012675039433
5760263.48173262,11.40050231073441,5.1526040051741555,19.643227986353132,22.825526878291473,-88.1017767819355
5762894.113951148,11.413430125947324,5.151691252590686,19.598934250827234,22.84388711542497,-72.75322366766417
5765696.557992047,11.428901340984787,5.150770899010442,19.58529636777488,22.854046829414777,-55.811227516150716
5768980.623017916,11.446905676691832,5.148860041212883,19.597570338328968,22.864825872215402,-37.28408598490937
5772043.406529903,11.463056540819052,5.146517530509954,19.652014451402422,22.86822739686372,-17.464002536249463
5774287.4367509615,11.472879249899385,5.143527472869567,19.740210052842105,22.860615627916303,3.0437755737663386
5776524.927186541,11.47964493120935,5.139467869666785,19.82668276369133,22.830866246646092,23.448050280180375
5778256.213119771,11.48073289996386,5.140503667617857,19.88499596819939,22.846211145213495,42.91108229509021
5779795.995030971,11.479897261364519,5.141131299844846,19.9207869655579,22.867928492327174,60.94196032697919
5781341.297197625,11.477348393433754,5.141143821836068,19.95564701292218,22.88571840562778,77.3370551636194
5782937.741987348,11.474030452906737,5.140504150207266,19.976217705341213,22.91221827626898,92.15246181268861
5784125.4852625355,11.468314019084564,5.139054787408588,19.981905127909727,22.94125196389685,105.58002251010959
5785295.734443035,11.46148983195666,5.136557866541271,19.978952565413728,22.972330584390914,117.84239490228227
5786996.129849331,11.457032714650587,5.136034870070748,20.012554277066744,22.97658881171981,129.1485558742073
5788775.236094888,11.451748514236584,5.140446538191063,20.07371053460016,22.9531177172696,139.71199636557915
5790387.252910111,11.445904581543681,5.145859368416888,20.121287155870277,22.93677089875304,149.71718735242845
5791957.3258109,11.439166550736203,5.1514315686567445,20.153446263847957,22.9309891442716,159.31791798835005
5793516.95663267,11.431493841356838,5.156477625031128,-339.8301116223042,22.9350718265817,168.65297965846693
5795139.0983484965,11.422644875696621,5.161837896258519,-339.8325627195944,22.949292652850954,177.85103053510966
5796641.07297528,11.41408312345038,5.166005058323652,20.15484657729586,22.968546491664476,-172.9724685899749
5796804.09361222,11.412768367843588,5.1705122682175935,20.129788549390412,22.99953432775739,-163.70444680155234
5796566.989566192,11.413439485125213,5.174386048096803,20.099591761653492,23.037016665768725,-154.22569450893684
5796189.490646487,11.414195943501294,5.177513936983253,20.06807405111041,23.079370858866668,-144.40737522368397
5795789.120951135,11.414822679621373,5.179785467378506,20.033789378142146,23.124218303261163,-134.09967661193718
5797360.600412514,11.416657062309042,5.1805465393731005,19.964468497966713,23.149058018469372,-123.08120090487446
5799352.849837985,11.420662315001548,5.180857823996741,19.88831663391119,23.175572395130118,-111.21034512743805
5801619.381421667,11.427704181812015,5.18070975962703,19.821823714733352,23.19486452142547,-98.27963429397217
5804431.985945135,11.438503555106482,5.18038656636344,19.76646320452889,23.205689976687584,-84.06079210910545
5807403.731763432,11.452562375620682,5.179383057486657,19.723241370049298,23.222597899621487,-68.35920895058163
5810526.134681091,11.469008933283975,5.177713223641982,19.70619718889985,23.238161763656898,-51.05680178282998
5812992.786035571,11.484195642624401,5.1757898236007245,19.737936358218075,23.246664189198903,-32.23736942062716
5815384.417567702,11.497025638300864,5.173599406024889,19.80232239802976,23.247530299470537,-12.25181413496444
5815447.546331132,11.497506624555967,5.170084891800748,19.866838586463764,23.234739925810356,8.251757584687196
5817505.527101953,11.50300124276787,5.1675822261252184,19.944961462546907,23.21258286212708,28.408607621070797
5819286.548949463,11.50426178364449,5.168324369017149,19.99720476292982,23.225757300671095,47.47698554460374
5820908.775697276,11.5031632149167,5.168737676977795,20.035346188483825,23.245069130349663,65.03893054347884
5822505.220248332,11.499998883049184,5.168629917251954,20.06928782853722,23.264609358910224,80.97084991108977
5824058.783060264,11.495355992830008,5.168027622768844,20.096589522490437,23.28441752731031,95.37101995279751
5825641.739195101,11.490077036031733,5.167015063318499,20.120382873112835,23.30217312915429,108.43817148998349
5826917.906198211,11.482814722254371,5.166025356554692,20.138218518699585,23.313219397270036,120.40735963093182
5828424.736184293,11.478338074097936,5.166782338267533,20.176279736952825,23.307548261625545,131.4810833699843
5829926.873453502,11.473785713556673,5.170779168748687,20.22662144200495,23.288638763318374,141.8592845688362
5831455.559643948,11.467680304122654,5.176253394615159,20.26766492913685,23.274702538389327,151.71604171038967
5832622.688651679,11.462560261907615,5.181847762987229,-339.70986072924626,23.271195939748157,161.20438037798382
5834031.668496789,11.455587006731413,5.18632276455717,-339.69670262458754,23.276514246435912,170.44963945907008
5835612.302325945,11.446977325709137,5.191109571024315,-339.698221917766,23.291004464172115,179.57917501778104
5837111.517700326,11.438398416477666,5.1944677268886394,20.29027187069518,23.307847595401686,-171.28813490810998
5836776.200981218,11.43976984078662,5.198874650971224,20.26662279372728,23.3401436273865,-162.04726609363647
5836383.238588199,11.441088014303862,5.202364634191835,20.240554590640343,23.375906740228707,-152.57519633892338
5835971.42073676,11.442021286195276,5.20489017383593,20.21511591784911,23.412186141830453,-142.74052284873608
5835456.976841796,11.442976597770647,5.206933393452985,20.184556036758934,23.455500217815853,-132.39690658733056
5837503.126176955,11.444275105232368,5.207705533723403,20.101929577694467,23.483575404818584,-121.30677603866235
5839760.1206386,11.449220763878694,5.207937304452753,20.02048795120764,23.510322274271303,-109.34405479843575
5842373.528543375,11.456355977084973,5.207811347929258,19.955494219968713,23.52185977071575,-96.29433698309057
5844953.067564208,11.467423028405193,5.207201082373977,19.90112192839413,23.539789036955337,-81.94722620488773
5847797.701570973,11.48158600257097,5.205774621937158,19.85908013796491,23.561693789815386,-66.100954710414
5850736.299947061,11.49780490860049,5.2042926383514985,19.852745581049486,23.5742553658913,-48.66084357538808
5853697.849216467,11.514034066305113,5.202167864793556,19.879717761804546,23.582398698242613,-29.72924761155016
5856187.617907735,11.526917584586196,5.199934183644269,19.949719637813214,23.58213477550491,-9.71879946668998
5857629.510158904,11.532201241095883,5.196962240750662,20.04458192990832,23.569639239802225,10.680438158998241
5859669.963746574,11.537342977299307,5.195265512346004,20.11661899219206,23.553253611443285,30.66774940447199
5861388.4049919415,11.538384752010883,5.195081259465422,20.1817245221193,23.549629678516542,49.508709068898085
5862962.867407547,11.537672017852703,5.19496829020325,20.23936767877518,23.5437352263814,66.82564102005162
5864548.950810974,11.535391015034213,5.194942525933456,20.28565002364106,23.545990072169996,82.52324464625396
5866201.401579188,11.531927904006082,5.194999756067379,20.333357040149426,23.544039329476323,96.71210069715357
5867767.732016496,11.526227218534013,5.194765508404564,20.370249792196592,23.54781299875808,109.59805974142355
5869481.958459685,11.521091153831922,5.194312262353476,20.40445656907636,23.55258059877208,121.4038641424845
5871337.235874541,11.516631245323207,5.195809232006467,20.456017317689145,23.54196557307978,132.3403525321588
5873086.881928895,11.511211719848248,5.200490141312092,20.512909556210793,23.521095691954848,142.6054359679799
5874811.399634987,11.504664280697325,5.205131961022441,20.555627840177287,23.510263376911492,152.3650114464264
5876483.524205873,11.497230930745253,5.2103722685124305,-339.4157486064074,23.50790049831816,161.7664070195166
5878161.143912092,11.488807380803374,5.215903452559214,-339.40295892641456,23.515323441632358,170.94024268400992
5879498.607385764,11.481555095620498,5.2210782058777525,20.592726074660042,23.53170570399937,-179.99158842783544
5879120.845471604,11.483453526747704,5.225069946407129,20.581919581157337,23.552253964036296,-170.92070630944943
5878632.07961986,11.4857195052245,5.229140194636104,20.56009292941426,23.5826245473144,-161.733945152857
5878144.932774944,11.487425961380996,5.232648977160784,20.534845479123558,23.619106509829557,-152.3153755322545
5877374.764514994,11.490024850546206,5.235609098610583,20.507715377865335,23.662199800895618,-142.53700517915536
5877013.423661569,11.490414563732525,5.237585515253291,20.474938561010784,23.70470219071972,-132.24219875313094
5878600.478379486,11.492966797191466,5.238071221860505,20.412800042895523,23.722705961244063,-121.2165654787625
5880738.166290425,11.497176256064497,5.2381893673821995,20.347150983336668,23.737119846655748,-109.31536755732544
5883144.695755655,11.505579320573109,5.237945498355846,20.279075630634864,23.758114148227666,-96.33572288690944
5886035.815267626,11.51682923256975,5.237303331801731,20.217669100565903,23.776625442656293,-82.05298435130702
5888681.992584914,11.530551618950748,5.236632409501819,20.191041651278955,23.786797072158546,-66.28889709715858
5891405.630745526,11.54636966983372,5.235736559920189,20.19405633679232,23.794283015309016,-48.93780549393064
5894520.501839427,11.56285531553005,5.234028613095253,20.218667199751433,23.80074166235388,-30.088006276312484
5897371.555804586,11.576771524508132,5.2314637063847504,20.28028912509163,23.800495104974225,-10.14744665309273
5898290.923237907,11.580181444441095,5.22866459014571,20.356078800346328,23.78887267392003,10.207836308287629
5900220.655166313,11.585025630293622,5.226448233479864,20.430373935504978,23.767806103074395,30.15534788216722
5901866.962527426,11.585257530815344,5.226194897573346,20.501805207035247,23.762921418672306,48.96703644468682
5903449.322718862,11.583264398583879,5.226137041369592,20.564162366626814,23.760116694829605,66.26402285770264
5904583.771043999,11.58004988187532,5.226129608254004,20.604746916848654,23.760138898464305,81.96283217106668
5906269.060504381,11.577085367651689,5.225701034832593,20.637432365266452,23.772951224248192,96.14572123551032
5907818.370170124,11.571530001449897,5.225483172723797,20.67411625749154,23.776471391101126,109.02330895498119
5909295.1801183075,11.565071438896348,5.2251933500023915,20.704169275842695,23.779509776343517,120.8219457438306
5910576.656908594,11.561197132094586,5.226296679698648,20.739066527336682,23.77163443815611,131.7542110052092
5912379.90384003,11.55569801475948,5.228336122977339,20.78537037822003,23.762430868340225,141.99455956494907
5914105.371597897,11.548692405407245,5.232230161599943,20.82422191047856,23.753112484455276,151.7269140721948
5915565.5177067965,11.54247011988989,5.236885386508169,-339.14889835733385,23.75067724967153,161.0940395582262
5916913.307341957,11.535806255706635,5.240843308169008,-339.1368914731312,23.755632604669255,170.22766386190557
5917518.802408956,11.532700066841505,5.245250078692133,-339.1393381043198,23.769088973716777,179.24491612614025
5917322.030144017,11.53361266036682,5.249656684469318,20.848400781463567,23.791132033959677,-171.74589156237172
5917102.732583724,11.534286982413755,5.252803173447289,20.83442079994619,23.813984417425747,-162.6322982415241
5916675.3325922545,11.535512878297856,5.255765991168152,20.816538440884013,23.84394737538802,-153.30086838427593
5915865.323065871,11.53803193607907,5.257968329896826,20.803224502182186,23.875011315683746,-143.62704440213182
5915875.059669655,11.537490326167918,5.258979560628328,20.783800995986606,23.89587894739717,-133.4467160716461
5917777.9348806925,11.538126986260965,5.2593128231578685,20.722434335579106,23.907433066668034,-122.5621982624309
5919898.094156379,11.542674692632373,5.259570156541269,20.64515033785251,23.933277578158137,-110.83642977041772
5922453.154311439,11.550249257302356,5.259458224512037,20.581311627817662,23.945155831804893,-98.0607712647738
5925366.36364032,11.560569008035229,5.258934743706687,20.518665542603785,23.961504714833357,-84.01815243332305
5928442.966691891,11.57505978171882,5.258006745312299,20.477517403080775,23.97649962781643,-68.51732155400428
5931273.092539759,11.590089051454111,5.256368530615917,20.46299884598684,23.991283375288408,-51.44026060874749
5934343.34595822,11.606749786584473,5.255328442516451,20.488528722195316,23.995688599498518,-32.849327532189825
5937129.350726064,11.620759039517683,5.253594823870612,20.546031071738046,23.99631497167354,-13.092142509632314
5938879.581919277,11.627777016150414,5.25132000841758,20.632502562421692,23.9881823586175,7.177581044498467
5941050.528862447,11.63382478039815,5.248573991937711,20.70927538798955,23.964599978038297,27.177214093237104
5942824.287259145,11.634980773859697,5.2485220172726414,20.776884749305108,23.963644774677622,46.133485936232304
5944499.407586515,11.634532279743647,5.24856842026983,20.829820525057205,23.965885065972966,63.62431811591492
5946203.025281996,11.632753250044646,5.2485281074082595,20.872874201711074,23.97366499107706,79.50664417128235
5947835.6992117725,11.628971140781559,5.2483542462824495,20.91413644962399,23.979338682373037,93.86188531167411
5949261.63025488,11.623865717948096,5.247672373429941,20.939891410718293,23.991404464610333,106.88537375611172
5950857.8567191195,11.617617449480369,5.24654041387092,20.963717073674683,24.004191397234703,118.7914960232153
5952706.627270954,11.613288477957619,5.247303327627667,21.010010330005937,23.998389175201158,129.7903836639641
5954341.754159957,11.608189893701187,5.248904324906836,21.05089108306647,23.990584832799,140.08643688473077
5956120.885642573,11.601747055241779,5.251930625774515,21.092456863622807,23.982375834173023,149.84058047945783
5957827.604033211,11.59455545304605,5.256973841505952,-338.8751130406466,23.97819239908717,159.20533884374396
5958920.532647785,11.589327630235047,5.2623690346173735,-338.8652267265688,23.983242367965904,168.31915092155597
5958767.5132247545,11.590521644193876,5.2669677512586555,-338.86907997353796,23.995679334632552,177.2934802983883
5958418.797853677,11.592414841046406,5.271013928678417,21.11802799264816,24.014266309916813,-173.76298433169495
5957817.675982308,11.59515683913728,5.2750672649026455,21.103175149277117,24.04163794671378,-164.7489465647678
5957072.530454325,11.598291142050957,5.278835205452333,21.08126916854415,24.07712562990752,-155.54425894005996
5956161.2721350305,11.601374677916331,5.281518133209489,21.065266516428363,24.11213929731982,-146.03053472933334
5955055.273168398,11.60450814712262,5.282611386198077,21.068470082345495,24.13262813246159,-136.07080608210978
5956336.019387173,11.60468798718392,5.282860938095157,21.027124475084598,24.140086969284972,-125.44722250275271
5958620.587473489,11.60782661272473,5.282986868689996,20.962319109606206,24.14868782172314,-114.01587715849173
5961183.862349611,11.61345285301832,5.282892295932981,20.88695012657053,24.16903316144292,-101.59717974218955
5963543.709115073,11.62347406387681,5.282358702396347,20.829865983343886,24.189489595359543,-87.98802113396343
5966484.157224685,11.636615745493964,5.281789719514573,20.78854499131083,24.200160759987078,-72.9612851002716
5969102.04048462,11.651229114124932,5.280386857939777,20.772912346354218,24.214884224690806,-56.38479154280179
5971699.782020602,11.666491713228355,5.278581565295007,20.790289816698095,24.22463590566831,-38.25202401071551
5974633.193979714,11.681926804156983,5.277068306936391,20.842763464291725,24.226701207604155,-18.820043508523153
5976926.828055529,11.691982940668465,5.274774217248767,20.923899056871825,24.221116033166066,1.339676481448345
5978096.955132179,11.695054520448059,5.27092050626178,20.998273104512773,24.19426977091423,21.47234166232054
5979851.587867163,11.696718243891597,5.270950898282904,21.067027300300314,24.19459283555354,40.74168758489986
5981494.209021872,11.696673125316936,5.270773419736172,21.128172612717634,24.189087901101708,58.643933853541334
5983207.814706668,11.695405433996044,5.270770627779777,21.178217886093925,24.190521183702984,74.95099256703598
5984850.098932698,11.692101258275525,5.270590177311494,21.218471535212597,24.19823752382466,89.69293086244205
5986399.850454204,11.686645750412284,5.27008893560924,21.251063246465655,24.208459284802263,103.03926541146038
5987981.6255599,11.6804905415035,5.2703313147809805,21.291877321987695,24.205292804724852,115.20770937239487
5989595.902292324,11.676944011214989,5.270458171853807,21.328568555299896,24.204173471778738,126.4140579569981
5991377.846349513,11.672352917035369,5.271043312922541,21.369705682268417,24.200904751438053,136.85323804304093
5993083.561132874,11.666663778294161,5.272940669500509,21.409187735172324,24.19466036815009,146.70697956892403
5994596.47228547,11.659830985713526,5.276652326236478,21.436099983358332,24.18960628592416,156.13410979666767
5994112.855392465,11.663064544695503,5.281339915128184,-338.56374445781154,24.19152394664607,165.27638248323296
5993674.003702596,11.66573320553778,5.282325108399774,-338.56312986963,24.19363137952177,174.2336141790303
5993115.5344014745,11.668907684870696,5.285744504865968,21.432446561738644,24.207213266054314,-176.88710555985114
5992614.003424078,11.671284188064007,5.288572697874867,21.42679439687756,24.224203844573417,-167.9718406064396
5991879.96353762,11.674347962516926,5.291332279662415,21.418122582946662,24.247534517116765,-158.91034152857387
5991100.486609878,11.677015523434575,5.293637780799431,21.40794530359044,24.274432797776672,-149.58346408794483
5990207.529841643,11.679674099109262,5.294610893044873,21.41089088139577,24.290411842608563,-139.86189611044082
5990030.004436571,11.679477841139256,5.294904785303428,21.408977739505634,24.29772035430322,-129.58341929468207
5991664.678346856,11.682231675826289,5.29507054333069,21.35856871999783,24.305522741237393,-118.54503705145981
5994132.316170139,11.685846951402008,5.295099228445021,21.291149660606703,24.317329090382845,-106.58841462956325
5996510.338618493,11.694234378381417,5.295029792885844,21.244264791652903,24.321327093597297,-93.52449211764517
5998974.672231931,11.705255778982085,5.2945830362004855,21.2039765618881,24.331888059629655,-79.13225079949721
6001532.51887184,11.719432570351175,5.2937033139602425,21.184502174259286,24.343306113975533,-63.231445865556836
6004373.953661548,11.734689542816666,5.291777847429904,21.179793920508537,24.35703506225263,-45.73747823602064
6006858.07491532,11.748849601655621,5.290583557483514,21.218799548939412,24.36039955667041,-26.805381980223007
6009838.238850033,11.762882780358732,5.288613764666707,21.29116694137972,24.358558002980082,-6.879542587354512
6010981.69114114,11.766519809251813,5.2866817597878235,21.373847155762405,24.34873682331837,13.329539494130424
6013074.827749986,11.771515140357026,5.285659520815561,21.438768202256,24.337600010409407,33.0152788460452
6014860.228606699,11.772662288951977,5.285825613209115,21.493630052122302,24.341285348452093,51.494052753900505
6016481.435587481,11.771976467542743,5.2857886558985125,21.546105410638514,24.33900655779523,68.43194181604972
6018103.098218726,11.769142269442474,5.285816321650309,21.598082526364692,24.336231014794862,83.76448868767555
6019728.776883557,11.765166253877778,5.2855681732508915,21.636288725865242,24.342548546978023,97.62070016064217
6021243.141458305,11.758840357513652,5.28524173863681,21.67010435706719,24.347379473795456,110.20737525097712
6022970.701353518,11.753771141704515,5.284653425389472,21.702408411420706,24.353117310791667,121.74150193180803
6024687.941536076,11.749959429961429,5.285106797634326,21.742557872942395,24.3501112879791,132.43167958750396
6026494.389238646,11.744052601330537,5.286776773714885,21.784552041517642,24.343230119147293,142.46353265172579
6027927.448706459,11.739060307531961,5.289438494957857,21.81755923808473,24.337643455621883,152.0030964402307
6027648.286565596,11.741133053108689,5.292718091780419,-338.17974754809165,24.336673234394738,161.2079063559565
6027138.495838989,11.744405273366626,5.296261092486695,-338.18149998813107,24.341737640043636,170.17495228526985
6026660.65241053,11.747259424235065,5.298438952452363,-338.1824001188953,24.348677945633533,179.01761955317974
6025888.159869466,11.751360620106022,5.300432686487283,21.81860317338363,24.358842384429277,-172.1572297030768
6025106.478901656,11.75493595965252,5.302681830497467,21.816291151252837,24.375308200367154,-163.23871484606155
6024519.830503846,11.7568959737382,5.3053044333923,21.80387919051417,24.40183942765208,-154.1106940438493
6023253.744825529,11.761569179362514,5.306662022342602,21.808283899847133,24.420855429514482,-144.66051215070604
6021952.917666921,11.765803183253999,5.307333109070002,21.820072896561314,24.434483885748495,-134.74459619902615
6023711.370208584,11.766401084107066,5.307494523407582,21.769260975167512,24.439861635730995,-124.13349743830797
6025988.015557321,11.769275471706287,5.307547428264647,21.710868253482037,24.444421948381915,-112.70898737679704
6028378.941620329,11.77524985196792,5.307436841273915,21.64800299991333,24.4583150607066,-100.27975681566888
6030841.983986702,11.78497519638766,5.307291171468216,21.605716850275467,24.46324763648578,-86.63122613709984
6033747.191198226,11.798469038004008,5.3064129137907345,21.564415175699843,24.478280916491567,-71.5493936873886
6036394.553317349,11.812630266333782,5.305589283725288,21.555038871240026,24.486210650641606,-54.89899413955494
6039133.745076729,11.827909292942731,5.303958139210026,21.572706208641645,24.494091247965507,-36.69304250751135
6041995.90475449,11.842195460221932,5.302489305566945,21.618947442481243,24.495413476829018,-17.20947317645663
6044053.333166508,11.850972002471277,5.300748900235176,21.697109323453116,24.490309235544203,2.943400668526673
6042965.017921483,11.845789837631973,5.297984564673007,21.755463941056195,24.46933180389937,23.008877639078083
6044465.47915465,11.846417999890782,5.2975242751460865,21.827734316550476,24.46225448119248,42.145374005547964
6046002.484410085,11.845323358646658,5.297647982035597,21.88061054918033,24.466791406966273,59.873932143542675
6047718.052146215,11.844252273282784,5.297641671237304,21.93931577660195,24.457214821710867,76.00005777821606
6049432.190847162,11.84153342427562,5.297601863710356,21.98485202873161,24.45848366992014,90.5645294010321
6050870.313234415,11.836649133929564,5.297398463519246,22.01959258427495,24.462273597186442,103.7486017208678
6052276.621708004,11.831102332750847,5.297037530797848,22.048116701832857,24.466552527485067,115.76933304975854
6054106.74984193,11.8266827292719,5.296567029357517,22.08368395127921,24.470281783241322,126.8324441181177
6055938.054467158,11.82146639231278,5.297470053353372,22.12569508970515,24.46551773103723,137.1436554264019
6057689.998556051,11.815636324479744,5.299377042394451,22.165104564892616,24.459659783917576,146.87684541479385
6057156.29396119,11.81913028438659,5.301664633168353,22.16613103252457,24.456933983681903,156.21248699033688
6056548.883425081,11.823128263119742,5.30406076148162,-337.833128295237,24.458244688559517,165.24243252546225
6055886.522140872,11.827148438904782,5.305886785322027,-337.83328688126306,24.462375405073303,174.08701107819635
6055131.18948116,11.831421470935014,5.307825288132015,22.168126774118118,24.470257831384956,-177.1466094276163
6054613.434487324,11.833923223600431,5.310287499402343,22.163625945107245,24.48524353211188,-168.34678514006131
6053610.013135983,11.838360186497875,5.311949150168362,22.16655278100731,24.499385007534904,-159.40999709605734
6052836.991761031,11.840941762338048,5.313611514731912,22.163858313720535,24.51882859152605,-150.2140660411243
6051787.2038225345,11.844063846825511,5.314620098362707,22.169234368045565,24.535365547427965,-140.6379277280413
6051532.243640667,11.844246325271152,5.314772538818886,22.172034950368932,24.539101875765525,-130.51793223945106
6053466.542603031,11.8445027910746,5.314963380731697,22.116640763364988,24.547889941415388,-119.65109828283431
6055642.796368813,11.848527895123135,5.314990654344313,22.05960404878326,24.556317640723393,-107.89865062235505
6058347.862894626,11.85543096272827,5.3147010774947265,21.991005190820072,24.573507232384156,-95.04682477663187
6061408.826381246,11.866640899698615,5.314436041355841,21.941539747807933,24.580039720110648,-80.88364354186179
6064047.777754147,11.87972321173203,5.3138374039381615,21.91821511379666,24.588107811054588,-65.23034914423116
6067147.456421871,11.896076620121761,5.312263170698945,21.912539787737092,24.599890513925658,-47.97950116754189
6070098.582343943,11.91158656512396,5.3107307859372455,21.940219247843263,24.60475226205567,-29.239770956177548
6072654.841683455,11.924102647462886,5.309088911351576,22.003623812658294,24.603744247225777,-9.424568566170295
6071384.551585112,11.919421088273829,5.308181323142886,22.05133337079512,24.599404639182342,10.801169811985513
6073451.188032409,11.924365330622791,5.307641674365369,22.113338829760934,24.593821948986403,30.567100962520815
6075187.231480246,11.925146684180858,5.307523176914391,22.17767763257385,24.59137009101949,49.18450788131803
6076719.673260815,11.92421554433646,5.307576433736378,22.223901744834734,24.595032570268707,66.28181374499079
6078397.450125534,11.921708857874073,5.307538875012429,22.270996780795585,24.597893739036053,81.75964203224864
6079905.913469838,11.917858589363117,5.3070942018586225,22.300820180676393,24.61007549791997,95.73628109118266
6081556.530687969,11.9126335429957,5.306335796297204,22.330012700099836,24.6218872350968,108.40593816503238
6083380.974152861,11.908295132200099,5.305847248471849,22.365255852500304,24.626811237182388,119.99155799270693
6085289.606397556,11.9040247487445,5.3065986808302235,22.41094316097919,24.621663045644823,130.70306139791356
6086887.142326852,11.899697993246706,5.308352394250732,22.451253652535264,24.61406435741012,140.7359869538401
6086399.4917105045,11.90227199349307,5.309469188947149,22.448257769751592,24.611483627306107,150.2829211207911
6085795.588127742,11.905994563744029,5.311579646117253,-337.5528211866246,24.610413831394993,159.44316518298416
6085292.969986292,11.9092226717084,5.313629549169977,-337.5529278799701,24.612870616884745,168.34100521462364
6084547.550298357,11.91347578112095,5.315973619050037,-337.5583660441629,24.619722079859013,177.09605291678542
6083754.961476123,11.917798324146617,5.317925708591316,22.441754792304025,24.629041182253005,-174.1927565018712
6082855.479770733,11.922130831900066,5.319986215620604,22.44171272372237,24.643254484426457,-165.41572873681665
6081762.65735133,11.927030647866959,5.322044362599543,22.438588623108238,24.662853255576614,-156.46095713286167
6080294.760418717,11.932587829581955,5.323441866494148,22.44665437351493,24.681142322678483,-147.21869468223366
6078997.649884818,11.936425753665482,5.323479397634317,22.472216132643748,24.681807434234354,-137.54860355303452
6079064.335968623,11.935816848014696,5.323405130367349,22.47398888515036,24.67954755800078,-127.27504082924007
6080984.001130821,11.936989255138897,5.323668187404459,22.411903181260204,24.696510539808465,-116.2077150472519
6083248.03647664,11.941524915331803,5.323664452261027,22.362062567244607,24.69842492076183,-104.19103459298805
6085616.090682292,11.950365047785658,5.323427613168603,22.313526936595466,24.70835063719542,-91.01822877060822
6088370.598114176,11.962066260748715,5.322811988462332,22.27030977182933,24.720671493635777,-76.46533259321376
6091509.847942399,11.976964673585565,5.321842280633247,22.243983966549248,24.731601540454292,-60.359066145671854
6094658.3533533085,11.993222452895397,5.320388622539109,22.24665740577705,24.740349961942474,-42.65523230154025
6097911.39405776,12.009353151574654,5.318636756699305,22.280952487205248,24.74383744938571,-23.538149835920137
6100286.2826985475,12.020287648785315,5.316319888728553,22.352698977352787,24.739781933576033,-3.5204211478240226
6098854.498667525,12.014466199650041,5.313801362225386,22.407815086462723,24.72450907809422,16.673800396426294
6100811.32520397,12.018452542422823,5.313066961463184,22.47070008163032,24.715263717494103,36.17295962740441
6102595.8972522635,12.01907463884122,5.312888011373459,22.533396946421338,24.71053636426597,54.367069900096816
6104219.846090024,12.017097912207285,5.312883466557646,22.586924577828654,24.71079423564044,70.97063358588882
6105882.891195139,12.014630594878906,5.312841555170493,22.631621852181016,24.71266205997636,85.97111510549699
6107553.388314685,12.010894579343494,5.31251168238605,22.667451230640008,24.719953000038377,99.51321585577334
6109110.728246022,12.005798261977567,5.312317490238624,22.701897761369825,24.72250588641886,111.81417130583354
6110729.632131776,12.001760621748168,5.310998750757539,22.724813920514872,24.73428918638542,123.0931839246005
6112643.18142868,11.997486492389424,5.311786597785637,22.76975126195279,24.72956895165858,133.54776763126696
6112377.953534994,11.999556679819815,5.312900927768262,22.7721541088612,24.725475969632928,143.4051153032248
6111677.317710521,12.003874809976962,5.314390428326196,22.770007119092295,24.722887103357397,152.78173747818178
6110936.128572967,12.008478110523274,5.316372795554603,-337.2314583767377,24.72291028671238,161.80723521787203
6109970.96323278,12.014327264563283,5.319401011879994,-337.2342298957908,24.728068947116242,170.60214606273217
6108913.273847586,12.020423967322554,5.321181608855576,-337.23362552431144,24.73419067060086,179.27712789588205
6108060.5025895145,12.02496491495312,5.3229775638844465,22.76694674239896,24.743776931948695,-172.06061061323342
6106860.157672556,12.030727822064494,5.32497012220146,22.768828331725015,24.758835054960535,-163.30853021860128
6105465.938750556,12.036784709828455,5.326452498875651,22.77506670478569,24.77418968153219,-154.35445193672015
6104263.82796626,12.04089048501497,5.326565100400764,22.796570913477115,24.775774813222394,-145.07590526935527
6103134.293563042,12.044252779741232,5.326563045774838,22.81897254363179,24.775692102019363,-135.33687527941697
6104425.812472146,12.04513252876024,5.326415955159074,22.79080080651141,24.770566560242706,-124.92880052306919
6106795.571963582,12.047142686220038,5.326442874170221,22.734387817530134,24.772823316373803,-113.70809371342405
6109100.335777458,12.053424784260063,5.326391704480079,22.681869828575103,24.77949611928146,-101.5003383023279
6111629.860354083,12.06245733244626,5.325992774248006,22.629168528209597,24.793048183180662,-88.08050344164998
6114613.636001082,12.07479332390388,5.325255404577224,22.585143580277858,24.805899770433896,-73.22879195806922
6117565.010760665,12.089797779285576,5.324587116997387,22.57258205372008,24.81248644769296,-56.79654123001343
6120547.432034662,12.105621996300997,5.323934013594076,22.58892829139002,24.815705514479664,-38.76699086038546
6123685.507253513,12.12141398442182,5.322527855957046,22.63699004324481,24.817263511245777,-19.3939113592121
6126040.366466813,12.131537679470803,5.320824335884593,22.711940198173107,24.812683891957562,0.7502400278247606
6124163.50361257,12.12378287006691,5.318304891784749,22.766028598965285,24.79440394316045,20.896665896047306
6125740.060532523,12.124937479269429,5.318227556045072,22.831698866778172,24.79318665099464,40.168909283337534
6127157.8586908,12.123933161230044,5.318317978887441,22.882012313674068,24.796366080709685,58.048460012767336
6128902.404815098,12.122574650926095,5.3183068614849365,22.93603577950036,24.79331276205952,74.29973226732515
6130573.140631409,12.119324006557903,5.318385866730326,22.986558892739026,24.78976758310432,88.95564178772821
6131938.9168029,12.11412766877048,5.317986399906672,23.01624041039492,24.79749074914898,102.19400140988819
6133556.990997985,12.108319724623167,5.317456524559889,23.047179543523075,24.80390649120689,114.22758412741261
6135407.694075743,12.104027654989043,5.317008157218104,23.08255429572267,24.807517186736455,125.27699912027734
6136943.429467065,12.10035807922736,5.317360706687515,23.116092953403154,24.805599328106275,135.55232327341696
6136438.181072066,12.103528628451915,5.3182192490756295,23.113948197680863,24.8028498601891,145.25733842657942
6135761.31435209,12.107445084302057,5.319549275002818,23.110499233259514,24.80108348526977,154.5067467759798
6134908.82818854,12.112739433579783,5.320550786188519,-336.8907291059498,24.801468772281822,163.42804339337744
6134052.949631693,12.117716661887274,5.322764289168696,-336.89499489140036,24.806058133302333,172.14261686062324
6133384.055450063,12.121616258040934,5.324617575659679,23.106912183699695,24.81314342603849,-179.24774405889357
6132143.444767762,12.128156203200673,5.326899663655375,23.107239520316977,24.826291767044957,-170.63392211770105
6130823.633508246,12.134396597724782,5.328693339777918,23.111399874691184,24.840736836957763,-161.91130433198583
6129575.956191855,12.139757238139595,5.330170142221253,23.114363788906527,24.85697684749137,-152.96480015437888
6128215.92752151,12.14432352215735,5.330935621244291,23.128645134351412,24.86860795936569,-143.67999388211223
6127328.775451876,12.146710632687387,5.3312404440132015,23.13989034684704,24.875372966418322,-133.90649571031472
6128956.422350481,12.148277509880442,5.331254816141566,23.09813537548064,24.875840007583108,-123.43609499965125
6131309.57235259,12.15182965765647,5.331353230006765,23.03305352885704,24.88803668500068,-112.13434837577289
6133602.609219734,12.15736493376436,5.3313464663589,22.987707507080096,24.888891266770077,-99.8136050821212
6136298.975254662,12.166648856187958,5.33125470609853,22.944376963945132,24.8917178144883,-86.24289496964693
6139084.470116289,12.178523498694917,5.330867814812344,22.912216183470644,24.89790169514731,-71.21274567047044
6142497.651420832,12.194273962657997,5.330289218938252,22.895378866388622,24.903106990021932,-54.56743818508155
6145909.71847876,12.211361810489349,5.328731280677386,22.90739845179392,24.910002539909303,-36.331969530135126
6149121.704103613,12.22708750817849,5.327819703478313,22.95933235505755,24.910444821990072,-16.80139158081274
6151437.875754086,12.236624061828959,5.326183622602692,23.038783024414386,24.905067161836907,3.4081133158638353
6149882.167346491,12.229826143619325,5.324885657846994,23.084310192924367,24.894483746339823,23.509778763349598
6151703.554947542,12.2313973003656,5.3246690730592565,23.15361297530456,24.890904727325616,42.63449032838506
6153355.05011089,12.230947865612075,5.324394933883083,23.218520170780653,24.8801731448306,60.305910609917035
6154917.059216516,12.229181396128602,5.324381712875084,23.262937791758212,24.882163803488808,76.33375493301254
6156389.572090104,12.225204895521323,5.324123401096639,23.29730513932769,24.890984626313532,90.7724205870975
6157887.134246223,12.221154071687838,5.323747829291512,23.327992818685804,24.89765678380744,103.81038117850272
6159453.7252584435,12.215394115537903,5.323706265310293,23.36284423051029,24.89806218691407,115.67044966656172
6161354.565363562,12.211329656437893,5.323736310979277,23.402775600425496,24.897788523293574,126.56783284836061
6160416.718048651,12.21489488198478,5.324494829013672,23.389868768797985,24.893973196997273,136.76121696788977
6159631.2972556595,12.219232789647485,5.325310667933982,23.383217578162217,24.89159928021985,146.35819560631498
6158805.847702714,12.223735521325326,5.326088689434347,23.376705652205786,24.890756707157607,155.51357921604222
6157846.25246869,12.229207114774393,5.326222405837225,-336.62767409833555,24.890828379772756,164.35591922996437
6157020.818121055,12.234117031945672,5.327836480466222,-336.628965473147,24.894533560392933,172.99794602155353
6155940.737252425,12.240247920447015,5.3282710477379105,23.37790552379762,24.896286429385093,-178.45203042418296
6154629.7595181335,12.24712127466664,5.3294678640664195,23.38451674423602,24.90347717480542,-169.88898736731025
6153308.954191802,12.253660733344756,5.330863113869708,23.387428226651828,24.915120738284966,-161.20360244148074
6151903.378303042,12.259356955132759,5.332036750961898,23.397560635790402,24.928462500303333,-152.29353055703766
6150585.787119109,12.263670850014526,5.332365542555128,23.41752082723068,24.933620943206627,-143.03055773583884
6149441.188692713,12.266757507471183,5.332464694303325,23.438113481955227,24.935887134907883,-133.27405085758159
6151041.21056097,12.266634016148075,5.332750107236057,23.389128769533993,24.94749105184886,-122.80760216483164
6153238.378404986,12.269987259222857,5.332741323013952,23.3424795136138,24.9457305190281,-111.4963057882629
6155446.497932784,12.27638122951114,5.33270312857287,23.298234633120863,24.948909865914693,-99.14806367604085
6158073.582470091,12.28641250712122,5.332854749066673,23.26594018943579,24.94467262182725,-85.53068926835229
6160724.324351983,12.298321905595973,5.331951045898431,23.230481621237274,24.958532343962684,-70.43264756110855
6163764.38651124,12.312955022534743,5.3313075004090305,23.218984590448315,24.964098127644338,-53.70126517598402
6167020.644402452,12.329589817939198,5.3301333168449,23.23680874853531,24.968947680849112,-35.36779482057591
6170198.524535829,12.34487423547837,5.327957771096272,23.287337838440028,24.96973194668618,-15.743456068063796
6172034.394295806,12.352428199633627,5.326930654215649,23.363246504051336,24.965958001177057,4.5272639277713616
6170598.258957813,12.345827463864559,5.325424110033461,23.415056892589334,24.953057592623537,24.633852487262402
6172378.666110463,12.347055057452932,5.32515947604316,23.484835121488054,24.948475756183367,43.717897434911585
6174066.238317277,12.346364752190002,5.325198233275986,23.538340661623668,24.950411896954098,61.31090695179383
6175760.577934662,12.344602256421169,5.32513817490457,23.576393209738416,24.961018611480846,77.2409731550915
6177323.1382081695,12.341620907474509,5.32518177332551,23.619763248045363,24.959336723018648,91.58068674733663
6178980.589922197,12.337106721431624,5.324789907147289,23.653771871941363,24.96601459278895,104.51788506899452
6180183.434521103,12.331242120803996,5.324528080781336,23.678072270337008,24.96884813889325,116.29509804891362
6182071.201998614,12.327029988904593,5.323885611335803,23.712179027050432,24.973564835648602,127.10976902305971
6181656.1557218395,12.328721416608843,5.323048983338677,23.701130237178738,24.977561299651235,137.21731884565165
6180826.588250704,12.332720681806776,5.323904571915496,23.69231462917223,24.97519861060833,146.74678087621103
6179786.299409745,12.338745069403627,5.324562713428789,23.685575601911182,24.974566795995806,155.83782429425852
6178967.315800555,12.343606298996777,5.325567163816739,-336.317193223288,24.975300604992643,164.6178524267496
6177814.768899323,12.350260229801703,5.326845091074797,-336.3197957664792,24.97836937724069,173.20513666974017
6176652.438737499,12.356841656362434,5.328908536144087,23.680454149376803,24.986949836483472,-178.29923289443443
6175417.153678682,12.363273943814542,5.329938465000482,23.68808410447609,24.993245033470508,-169.78868593208077
6173947.319497006,12.370200705068813,5.33122336183957,23.69715743027295,25.004112726290426,-161.15987753645084
6172498.165691057,12.376070736470238,5.332803684436151,23.70294166065986,25.02228789779566,-152.30090342134403
6171023.634299783,12.381033404752742,5.333284152288556,23.722567042613733,25.02991408750585,-143.0906072081632
6170189.933500521,12.382711196980978,5.33316116900764,23.74342236526732,25.02697562960945,-133.37987021261432
6171635.435375765,12.383699280875799,5.333070434916052,23.712356613255462,25.023121128503877,-122.9668648470527
6173915.668127237,12.388096619726907,5.3330902428879154,23.659623379537425,25.02595357500122,-111.70491739997088
6176524.425144343,12.395257563646608,5.33301430467977,23.60531951014822,25.032022240941433,-99.39900135444087
6179076.642162539,12.403109360397389,5.3329270305723755,23.564266295094644,25.034562294385477,-85.82541547274765
6182253.369946474,12.41608001800291,5.332443818728009,23.52715717436792,25.041979519582135,-70.75755865921761
6185319.534165967,12.43170188899848,5.331709735060236,23.519326161119192,25.0483403272895,-54.05557201725097
6188575.909130311,12.448202910079202,5.330370057970721,23.53525244741879,25.053900692776455,-35.72586498411054
6191571.245606955,12.462658003418595,5.328957910404128,23.583444672782957,25.05434821790613,-16.07960867065993
6193989.613121361,12.472301745799877,5.327420373590953,23.6597126352342,25.04883604621504,4.233251926157391
6191952.657282349,12.463816463820159,5.325910365908022,23.704585087968276,25.03590193128482,24.39803067515543
6193667.841609539,12.46491774760071,5.325800079547767,23.769904845881005,25.033950683902066,43.53148480285523
6195410.954920042,12.464629139028824,5.325664802794161,23.829752471800013,25.028169217227507,61.160236164401155
6197115.965599025,12.462732873028393,5.325706798409645,23.88833664554534,25.01860150145618,77.10790032510577
6198726.900648834,12.458860069378241,5.3256609070202465,23.9318425721343,25.0198370819059,91.4475804079335
6200331.096191583,12.455034409615562,5.32518261554597,23.962062286754353,25.027956769760134,104.37802353489268
6201954.379587302,12.449205946838061,5.325203502595996,23.998005932217964,25.027659236316964,116.12837165663773
6203625.567574844,12.44484774841267,5.325441209655998,24.033398157083457,25.025867452889656,126.9228418406826
6203208.987153128,12.447199526803292,5.326249595208361,24.031363346043666,25.02197673694683,136.99820891066915
6202395.579246473,12.451103089713758,5.326658549114731,24.021540952990225,25.020845844153396,146.49175926700565
6201639.110997722,12.455287884446614,5.327512458466729,24.016004949781674,25.020040017439445,155.54197722846413
6200492.923764804,12.46202343117791,5.327109330187368,-335.987249919975,25.01972784153102,164.2796656345799
6199258.018965382,12.469246894290247,5.3277493946359575,-335.9872401625872,25.021255433834106,172.8176330733834
6198176.471681375,12.475384891551474,5.328427973712739,24.017470963537697,25.024058689639745,-178.73838205421444
6196909.472876616,12.48201927440663,5.328787915337947,24.029099370526687,25.02624029288075,-170.2860041369036
6195614.863872854,12.488136645257288,5.329680591288424,24.039054495983972,25.03373839038214,-161.71918167548452
6194360.149115957,12.493084998867705,5.3304814323624425,24.051476598174034,25.04286423430335,-152.92955957840235
6192896.092071883,12.498016775361735,5.330273106820453,24.08160591513381,25.03955708510793,-143.7993157957379
6191669.6285678,12.50116473086317,5.330693837433468,24.096398511127806,25.049239543276393,-134.1860412690415
6193275.816807201,12.50097807228657,5.330563010230856,24.06476944200519,25.043916422538576,-123.87426335162107
6195711.914112715,12.502630019678312,5.330548701652985,24.01485146314997,25.04157165937019,-112.72707557927097
6198266.145851066,12.507909131926334,5.330624665120074,23.972617142352597,25.035332045443987,-100.55306926226625
6201134.6931675,12.516292700198987,5.33057999716714,23.927085271884767,25.036732323687207,-87.12007883643753
6203802.825754516,12.528419259841566,5.330100802702574,23.897905817456106,25.044384118223988,-72.21541862999428
6206987.008103017,12.543433224237566,5.330019244007811,23.888649061474172,25.045083215995998,-55.65711949156507
6210265.96761702,12.559928390037625,5.328811738106267,23.901943181276447,25.05043978539078,-37.44784581874216
6213015.644221971,12.57409807769225,5.3280132698965375,23.955136968040232,25.05081808745602,-17.8729691003488
6215447.415474307,12.584020379134065,5.326177020882639,24.028263296988563,25.044813404581035,2.4560474074765724
6213721.298597779,12.576738000217484,5.324918670886074,24.07409418214224,25.034500605591987,22.7068972317348
6215427.938256828,12.57809964533756,5.324638297838108,24.140880726152535,25.029839130088458,41.98097494809831
6217162.399191542,12.577727855615219,5.324902356624211,24.18514565597706,25.040836928720104,59.76212361713167
6218814.986028284,12.575157856062695,5.324869078703402,24.229204641588247,25.047887036055975,75.84894256358973
6220364.07772382,12.571822073062524,5.32472587724211,24.266849488676414,25.052505215469992,90.3071270332496
6221889.67084552,12.566449503419546,5.324701089094625,24.305643502076446,25.052820799812213,103.3246946839094
6223244.783259796,12.560902249782023,5.323910177443862,24.327022433357566,25.061675626938435,115.14234897753164
6224851.958049638,12.558094751661315,5.323668279750543,24.358153568813464,25.0634587567658,125.97675624907704
6224317.74277585,12.560845052421456,5.323312417059571,24.348298565099075,25.065182474786152,136.07442732257854
6223862.57700938,12.563625097261053,5.324373130214969,24.346865535636816,25.062150077860665,145.56536731342115
6223051.68764196,12.568582095290289,5.325108807295035,24.342797294331408,25.06136930043423,154.60384948416717
6222069.468360888,12.574584557426464,5.326148896247312,-335.6596355333315,25.062010532611954,163.3166493189763
6220988.158477424,12.580811619176785,5.32716756007604,-335.6625975915187,25.06431784782461,171.82155052991496
6219847.038616478,12.587352216476495,5.3276794693742175,24.34333587441544,25.066354297482498,-179.7823065133711
6218600.203831837,12.59396971358863,5.327717197638547,24.355612511798107,25.066566185416253,-171.38866942947047
6217254.799988413,12.600397886059703,5.328284577335483,24.368777291963735,25.071191018182894,-162.89599151221162
6215670.312299367,12.607485386192119,5.328581766487583,24.38709307912616,25.07446470800878,-154.1957413206366
6214430.863566335,12.611847211360738,5.328932125309002,24.40372587131375,25.07976176069077,-145.16758889799416
6212785.165201277,12.616959778191404,5.329112958320664,24.430005848081652,25.083701745165087,-135.68776271329097
6214043.807812126,12.61616067143589,5.328805636268263,24.413294102681643,25.07229624059312,-125.53683464921785
6215802.976573985,12.61919137848789,5.328847368840955,24.37040031794929,25.07649278559412,-114.58341189210479
6218146.913534477,12.623639855353519,5.32870660752877,24.30971379926255,25.092238927881507,-102.62444866285803
6220693.023312246,12.631746252459076,5.328690918645595,24.270474514546976,25.092837797372646,-89.44028807134005
6223255.280117121,12.642874835627083,5.329225266437187,24.25615978383413,25.083630284022842,-74.80246492445356
6226200.472628998,12.65711908488749,5.329226736568817,24.247910780921913,25.083574360199485,-58.519390628005056
6229323.015900115,12.672908744577711,5.328228068687774,24.25758415641722,25.08858406290098,-40.54923466850297
6232201.33937946,12.687768071670439,5.326369985433158,24.30369402615028,25.09074984109978,-21.125791768451048
6234678.779853679,12.698433049057405,5.325052333969245,24.375214780747545,25.08716194399001,-0.8187733048294356
6232771.899523815,12.690787479222829,5.3235796003065055,24.42410569246854,25.076318535809172,19.554983549787053
6234420.7856345475,12.692126576902698,5.322948004176144,24.49816985505217,25.066875163139123,39.06023699990397
6235845.102763379,12.69062648923694,5.323176052342797,24.546082236515915,25.07495793559541,57.12029582399585
6237086.632528905,12.68668938756352,5.323167078932571,24.583634222000278,25.086169426070633,73.48257650453331
6238613.25922191,12.682436562055337,5.323038329964897,24.624266890636395,25.090826702205327,88.17539131671239
6240300.124825742,12.678572219068327,5.322368590722695,24.652334680688824,25.103406121838532,101.38408093141642
6241863.948042279,12.672378811697321,5.321937763227574,24.68264413961541,25.108459129774214,113.34496910539767
6243735.555818358,12.668159945357658,5.322841282342764,24.727523058879335,25.101241783512947,124.28385664760903
6242674.970913982,12.671526598714612,5.322212117547717,24.704779913601364,25.104494202469116,134.46866006732088
6241856.666656999,12.675973863993871,5.323191787471363,24.697882593709625,25.101447969616192,144.0122696368042
6240835.051510442,12.681856266767038,5.323828503661935,24.69043331148238,25.10062558987325,153.07681667059748
6239872.977263419,12.687784450239134,5.324026048860469,-335.3118525295291,25.10069381910081,161.7910527753093
6238741.583109358,12.694310523390964,5.323630252507992,-335.31252157142177,25.099873871136243,170.27794926224422
6237601.476777082,12.700920274348563,5.324439385400423,-335.30860063258984,25.102892819096414,178.6372437541457
6236169.666051008,12.70869706595861,5.323534194858807,24.70683594443693,25.097803299844138,-173.02407648601513
6234851.475345584,12.715107463010652,5.324242094365334,24.718349165657866,25.10330942712395,-164.6078442048169
6233291.4694200475,12.722111938439948,5.325026226994702,24.731421035237094,25.111564483638933,-156.00647200349326
6231587.031527853,12.728479119261268,5.3250204272458275,24.760092559129955,25.111458904074272,-147.10901696321926
6230342.134426899,12.731862504534483,5.3251185194137625,24.78234013699003,25.113434773342515,-137.7758219871527
6231389.756732879,12.73148877501269,5.324854951854725,24.766967956107894,25.104684643199352,-127.81477106960554
6233342.937395778,12.733743150874258,5.32472188568321,24.734446577071264,25.09404890504348,-117.08158435496145
6235767.012037605,12.738342317527552,5.324755872836579,24.69295225484633,25.088245050111937,-105.38873812082183
6238068.642588539,12.745683140316636,5.325041472796332,24.66791049073232,25.077294557135414,-92.5219068703534
6240788.723484829,12.756894302586115,5.3253762581889195,24.64594978880534,25.070843379792688,-78.234972685235
6243275.2761675175,12.76985339264557,5.325336797257875,24.639818257540167,25.07125617301497,-62.33070304526509
6245874.005304297,12.784076248267958,5.3255849501635195,24.65646007259865,25.069668439746,-44.711852812233595
6248871.144844994,12.799161396726515,5.3248137293858315,24.69163902930224,25.071044475260155,-25.53004862952788
6251558.473401187,12.811176048149346,5.324186945261353,24.755030237850665,25.06970595454902,-5.297889334126386
6248954.571175186,12.801552299058377,5.323355340459309,24.798550087274243,25.0643463858352,15.199510096391421
6251021.480793025,12.805430136298018,5.322812884065194,24.864200981568,25.057241355056316,35.00134408420354
6252266.075497992,12.80400894764047,5.322967306411862,24.91321671992381,25.061754229904494,53.439095817519814
6253868.76440653,12.801431419014326,5.3230191920565915,24.954877132725116,25.07387610484754,70.17881885721252
6255482.568078056,12.798023139360293,5.322909088415209,24.996190379233585,25.078682746765335,85.21344018176153
6257144.19828661,12.793938432947758,5.323021768989481,25.040067921024814,25.076161267785796,98.70563489845453
6258826.543580946,12.789070286724941,5.322809125575681,25.074942683846423,25.078811376085486,110.88885066479926
6260668.761336885,12.784822267049833,5.322589456469196,25.11025968053575,25.080636624074458,121.99880940663414
6259781.329570238,12.788258035486642,5.322625454772,25.09482962040017,25.08040297184433,132.304007591138
6259402.9690771345,12.790627361172545,5.322509945333634,25.090368819956076,25.080780195278887,141.926946698531
6258283.163537102,12.796520271538524,5.321710671094897,25.07726983687898,25.08203365273747,151.04687261611042
6257266.898191277,12.802688619734877,5.322481635226247,-334.92672090217695,25.082098672487025,159.78531225315672
6255897.913498925,12.81067598826646,5.322702015811055,-334.92930934270777,25.08246995027877,168.2688610999704
6254615.931848887,12.818015192095285,5.323189513246339,-334.92864061258194,25.08411900836845,176.60357193028938
6253320.428277424,12.82515465963622,5.322196245788464,25.08584185629469,25.07892718281431,-175.11057578094244
6251868.31510363,12.832467051804917,5.3225628314100195,25.099881908894165,25.08159501899484,-166.77342497052874
6250538.875420807,12.838296590631769,5.323102887747649,25.114492389568426,25.0869252012992,-158.27749805623856
6249089.415423689,12.843702359039865,5.323260751493737,25.137070279575596,25.089020610006042,-149.51348723629278
6247670.33327505,12.848353565047281,5.322611408428409,25.174407527770946,25.076785648584277,-140.3537021069403
6247780.339910282,12.847824274486914,5.322725979840167,25.16959281548925,25.08005329367275,-130.6288466297794
6249797.985235836,12.848355224649353,5.322583602377746,25.13410717793718,25.0715126922508,-120.1566380183164
6251416.900538055,12.852661788682452,5.322593611385611,25.110662798949622,25.06263854579256,-108.79607207935247
6254037.7163512055,12.85904377562718,5.322585709971707,25.065389318418234,25.06316111475531,-96.29820489142965
6256870.419670602,12.869447920685685,5.322816183916958,25.03577729132834,25.058000979679,-82.4406808170396
6259408.846675845,12.882498961472095,5.323082905045146,25.029142810690235,25.054576699875916,-67.00696261931381
6262726.977904247,12.899221769698691,5.322897108866932,25.0323328519046,25.05582838399135,-49.84274174141812
6265603.625443133,12.914288575461255,5.322220478471329,25.062122807019552,25.05770255115813,-31.026754568183023
6268021.990806764,12.926153477134072,5.321065589784573,25.121169994310286,25.056607867253483,-10.965550165344927
6268506.807849411,12.927934703620956,5.319937711970026,25.175973123021468,25.05082519076833,9.605528455795966
6266917.309218969,12.920716253953902,5.319310885999575,25.212848249905715,25.043898642527203,29.75527635051938
6268681.054408679,12.921701875716925,5.319051567531303,25.275274308041638,25.03801313410556,48.647470853466544
6270188.977819903,12.918822032892567,5.319142766672004,25.323584958196665,25.046373304009823,65.87566625637024
6271615.50683211,12.914648935040807,5.318931051361053,25.35697510781636,25.059949209726764,81.36368614948039
6273328.196665017,12.911311337846932,5.319061234932814,25.402470124244914,25.056581264184654,95.24039894809273
6274868.6274101455,12.905245731141685,5.318536556913577,25.43221026501736,25.063976443824405,107.73412935642816
6276569.209510142,12.89990290897013,5.318509650423598,25.46679210032615,25.06417237605193,119.0870950975037
6275148.091099067,12.903545473854761,5.3174252774029656,25.432902929148412,25.070923165579362,129.58430814004439
6274176.9885507,12.907433934322347,5.317261998974619,25.416606114634327,25.071542531762145,139.34835356950205
6273347.9377586935,12.911965356830802,5.316325860709707,25.40602754425638,25.073413081230534,148.55159095650419
6272301.574235246,12.918193546592423,5.31717253126665,-334.59951083377746,25.073144271151328,157.34126735219866
6271035.194410518,12.925499629105497,5.316979768407455,-334.6034061582922,25.072877751292634,165.84301861051895
6269529.418403752,12.93427999977698,5.31672130954119,-334.59999428645614,25.072099076397674,174.1629361479265
6268105.421180079,12.942251001095128,5.316501032198281,25.407309480127417,25.071046324117788,-177.59247459850306
6266623.725591956,12.949988801442373,5.315642408899535,25.427461833086742,25.065256510502905,-169.32754827078844
6265495.550457565,12.955007761069702,5.315790481838739,25.443530052167773,25.066598058552795,-160.9355474571778
6263906.483645542,12.9615273076995,5.315651861533897,25.469537252369808,25.06487180433604,-152.31275622955073
6262388.853284452,12.966504771648792,5.315146541699506,25.505210315762422,25.056247641811396,-143.33648359836494
6261329.276692463,12.968747660891479,5.314761803615793,25.53626074849559,25.046491107956314,-133.86274497268988
6262765.512135455,12.96930670732683,5.314572980525569,25.51261460241826,25.037807710043207,-123.68517117277885
6265317.151244009,12.971882919994954,5.314554055870315,25.465011521395375,25.03313100143241,-112.65048234491294
6267948.267233346,12.978112504709848,5.314592885699207,25.420888602477316,25.030563665980953,-100.56668551894747
6270573.970019931,12.987721479766545,5.314753618051666,25.390654110155676,25.026188848253415,-87.19699662765443
6273622.850924866,13.000113124576659,5.315301673069937,25.372219067420154,25.017885651452662,-72.29147731390758
6276754.260144033,13.014209188367138,5.314948585542434,25.359725325313633,25.020908252175452,-55.670838770028425
6280128.689606158,13.031004712620966,5.314779190898633,25.378965857306643,25.021495862536383,-37.3260494318896
6282964.644116953,13.045244856686926,5.3144841387044774,25.431356487005544,25.021401306601387,-17.54792772580765
6285288.783406071,13.054684800354577,5.314001127582344,25.505250940572825,25.01943020440079,3.004077997745114
6283388.253165457,13.046833833955526,5.312915052720549,25.549386108057348,25.009783218729588,23.452236559257805
6285191.84448377,13.048119812193049,5.312207193685936,25.6254238161582,24.99705798027578,42.844954109972065
6286640.166368462,13.045239747474382,5.312552050195087,25.668772055029738,25.01431441080174,60.65161909649276
6288091.017671997,13.041143105199577,5.312398239386154,25.69977100575495,25.03392139014245,76.69438362063471
6289580.575818464,13.03620335303617,5.312035959329542,25.732692035312972,25.04454985140828,91.05382528105281
6291145.610481804,13.030819721627202,5.3117850215865605,25.767113272029174,25.048540677184246,103.94178241172963
6292349.717664707,13.02527388575596,5.311181748375772,25.787002294931668,25.05483663556268,115.61413760853955
6291473.527295906,13.026799866949888,5.311208870861462,25.770080122533628,25.054605958067857,126.33809100555871
6290966.133254681,13.029663162264658,5.311431510418665,25.764000094033445,25.053567156874514,136.2678125165236
6289988.703779936,13.03488780570523,5.312411775143458,25.755095104137258,25.051057380756852,145.59497586992265
6288796.867214197,13.041666450828433,5.312620507357565,-334.2540226809883,25.050879547807153,154.46379479509446
6287961.13656936,13.047044638378557,5.3121817338623325,-334.25356355943165,25.050494817115542,162.99694951348513
6286636.996816941,13.054895436660948,5.311361227338695,-334.2501767895964,25.048451065363267,171.3172965170548
6285600.907631731,13.060918410889677,5.311322763931603,-334.24182328833655,25.048280490669857,179.5242661021086
6283921.427011274,13.069966427903847,5.311989836466118,25.76764992761897,25.052327084731164,-172.280549052179
6282432.145406913,13.077433695743588,5.311920867802018,25.783432996602645,25.051740734211105,-163.99369456596165
6280744.194896437,13.084762106671858,5.31183530466867,25.80839629698576,25.050767536054057,-155.51788270025622
6279298.995943315,13.089845279061514,5.3115273478570915,25.837912361740624,25.046055034828193,-146.7314556904724
6277985.808142442,13.093320482484062,5.310800274034603,25.878710522637608,25.030143053858367,-137.50527997702403
6279055.226928659,13.092886315738244,5.310750595427213,25.8569762515627,25.02829699637013,-127.64122012721711
6280816.239652017,13.094764963127359,5.310677998536009,25.826695431546547,25.021298483909,-116.99781564766583
6283164.429820325,13.100391178124333,5.310719195207892,25.788477782505577,25.015968195353732,-105.37535540745988
6285787.512711717,13.108645149734604,5.310944734479179,25.75725276238019,25.007910260240358,-92.54688022502809
6288466.788900925,13.119326993941856,5.3113995473991364,25.738462053429707,24.999478889959725,-78.26695616081957
6291478.557044812,13.134126121126151,5.3119123134196675,25.73497837394588,24.993954940734437,-62.31642626090845
