Episode: 665
11880.074866760218,0.15313527347004394,0.12877402477476943,0.041005658919109525,0.0148933202529814,1.2375083108228149,3193.8267340597445,9170.00391045907,658.1634024964133
11881.850862166475,0.15301606744037244,0.12895539785835541,0.04100821839873472,0.014909282481312807,1.5807773917958396,-88.58444318249731,10082.355007938117,831.1427563798229
11883.485183030607,0.15287787497930772,0.12909368440692923,0.041004692257185144,0.014929383294875812,1.8949073164905421,-3369.8294181876768,10033.681605610353,925.2369049928014
11885.048291498015,0.15273511509723992,0.1291970702583098,0.04099362350009072,0.01495102834103754,2.178467542297976,-6379.579054132053,9154.816811789404,943.1365034003259
11886.6097212356,0.15258483731981862,0.12927388586203126,0.04097538777901296,0.014970951692648879,2.4339112766212234,-8943.453838761368,7625.975876044803,894.4408892087984
11888.319446380348,0.15244804231495848,0.1293525934879353,0.04094749040581079,0.014989534636267229,2.6653671991676973,-10967.836519323764,5631.169208704727,791.4749221326784
11889.995778974013,0.1523006718069564,0.12940671527373082,0.04091315336444105,0.015002734432307449,2.8772745880741484,-12415.534724280114,3336.4358712084804,646.7703619089178
11891.690835360327,0.15214901642621664,0.12944826320787917,0.04088322786527574,0.015007668477498634,3.073765740336883,-13284.9016167981,883.6465724092997,471.89848174082454
11893.241334482555,0.1520017487933893,0.1294583862661919,0.040930423732818765,0.015008863844387226,3.2584761033615015,-13595.428995174712,-1608.1821146029708,276.9831592677214
11894.793726337744,0.1518518960483474,0.12945341379599803,0.04096952816009618,0.015017010377453625,3.43456560487935,-13378.865538367943,-4039.010425189091,71.00361434231922
11896.14793669867,0.151723745079408,0.12941354963670623,0.04101231390065266,0.015034017658403192,3.604800575767812,-12674.24414485133,-6323.468927641441,-137.85359365158078
11897.713631377213,0.15157710133254623,0.12935585511042705,0.04105289319992553,0.015058710130748169,3.7716728200645537,-11525.517297291348,-8387.03562881738,-342.15955261375166
11899.20887013053,0.15144831373416534,0.12927467817328972,0.04108825783456873,0.015089274794670567,3.937511788218254,-9980.879942173548,-10162.913113601726,-534.9692727354612
11900.51798300295,0.1513515577082758,0.1291825591541072,0.04111379271299444,0.01512009056454509,4.104593109057161,-8093.252457532675,-11589.604268731015,-709.6054600883518
11902.017268541793,0.15126159498899147,0.1290589585815617,0.041135899304081035,0.015158399068174806,4.275251913249328,-5921.744671069386,-12609.347521146978,-859.5173020917745
11903.355867638455,0.1512055821403673,0.12893644365287735,0.041150445675498686,0.015198238694283647,4.451989824114897,-3534.0106144187052,-13167.322219942536,-978.1431672127799
11904.734725528113,0.15118130424477655,0.12880463404532555,0.041155908765115636,0.015230158907159938,4.637587000001049,-1009.5180599796538,-13211.943636513399,-1058.7878310883693
11906.4722364285,0.15123795126167633,0.12866101439569613,0.04115515419884323,0.015265066920165543,4.835216586507871,1556.2522297650407,-12696.746283012444,-1094.6949152769942
11907.892166446723,0.1513765416099207,0.1286111586253606,0.0411473561393373,0.015298908278389787,5.048522567183724,4046.662903069699,-11584.843407518978,-1079.27033243599
11909.633237733402,0.15155868019706523,0.12860517855317666,0.04113359723089628,0.015327463639486122,5.281623034696183,6318.824007633798,-9857.589972225129,-1006.5989811780548
11911.708145900406,0.15176486797006217,0.12865423030012446,0.04111515225236444,0.015349642354131075,5.538894674157291,8200.600164770376,-7529.117576318265,-872.5547894063767
11914.070586446727,0.15197644565910118,0.1287850413728878,0.041094855691504506,0.015363689100011667,5.8242957902921,9494.3804251307,-4668.182064154414,-676.7165189637311
11916.501682952052,0.1521485481049429,0.12901290198758433,0.04107228803785724,0.015370737001061582,6.1399470025678475,9996.451163138723,-1425.2271969113835,-425.19806513461265
11918.88429216855,0.1522406495448743,0.1293197402350961,0.04104392841232215,0.015369875073623428,6.483921522132234,9541.627905955229,1947.404134213885,-133.70585324397024
11921.09754652043,0.15223890017482716,0.1296397933573999,0.041013510611209794,0.015357461134763748,6.8481541534962425,8071.1886103537945,5107.5738216510235,171.3818389283366
11923.202304017386,0.15221594616544526,0.1298750194429135,0.04098436453918215,0.015330009620079039,7.218600124481263,5692.090027855768,7691.0262497181375,456.7786638190854
11925.047443264039,0.15213182255078248,0.130081433995184,0.04099109278998623,0.01534358501818776,7.579080989792042,2674.4663716053115,9416.592809949134,691.2452702823134
11926.706241163558,0.15201485691007188,0.13024567088706393,0.040992736305991956,0.015359520579476472,7.916729429208666,-627.6143078191815,10162.828526328782,854.1207776922354
11928.288989911134,0.15187402688850996,0.13037441858488175,0.04098805204676556,0.015380122884895158,8.22503060145067,-3878.768943910014,9967.955927545187,938.2442882481895
11929.913053576189,0.1517302992609009,0.13047735341191094,0.04097623137570085,0.015400916051399682,8.503238299915271,-6825.907853776061,8973.31109810602,947.4509543682191
11931.612258905347,0.1515894067601846,0.13056516489508668,0.040956283348201075,0.015421073317112361,8.754088723060205,-9309.87060740377,7360.620756778515,891.7716779672782
11933.143217627614,0.15144778579796847,0.13061964928079547,0.04093220373273102,0.015435917680029911,8.981736695274474,-11247.859240034737,5310.790530730351,783.5061844416452
11934.60518319297,0.15132262620901551,0.1306684001368153,0.040895991661227246,0.01544854697445305,9.190536631872002,-12609.55439478178,2985.285615576937,634.9845623012085
11936.308152843492,0.15116721479515824,0.13070142984674335,0.04089096813986692,0.015449204752956998,9.384502870789445,-13397.410464767661,521.451931011674,457.4781494635877
11937.997226919957,0.15100878519015712,0.13071673523113858,0.040933293806310174,0.015451398196183536,9.567163072176191,-13633.232428844754,-1965.6513667908769,260.88323971598896
11939.521730639924,0.1508620465188673,0.13070116992896266,0.040979311174503395,0.015462177773055604,9.74157999111582,-13350.029081558974,-4379.21472337572,54.03029095617964
11941.123898944059,0.15070806536328346,0.13066583635367013,0.04102353824518235,0.015480954125074069,9.91044435386659,-12587.523137627642,-6636.499312238178,-155.06976589464054
11942.699491497475,0.15056220645239432,0.13060458051271154,0.0410636163850826,0.015506559425893204,10.076186909147548,-11390.055816554384,-8665.128885018848,-359.09375875602814
11943.899051369135,0.15045618340783296,0.13054225720645937,0.0410969918157816,0.015536642039162113,10.241086729920115,-9806.061588336113,-10400.064466324122,-551.180161703647
11945.425603130527,0.15034366248133188,0.13043442495258334,0.041125441627220836,0.015572409716520618,10.407383114395955,-7888.641963353256,-11781.40236328178,-724.7419281482328
11946.979342105842,0.1502653793883133,0.13030080114462542,0.04114592317427322,0.015609535003037214,10.577381142640943,-5697.055762800123,-12752.8465137624,-873.2897549978213
11948.532691677003,0.1502063003704809,0.13015769599106733,0.04115972725634653,0.01564964871979968,10.753556145045216,-3299.1326238081997,-13261.021209550465,-990.2997244486222
11950.152698614305,0.15018848225034437,0.1300042454942617,0.04116548008174824,0.01568738505574823,10.938663405384013,-774.499731575447,-13255.894406745245,-1069.1456444199143
11951.960353671211,0.15023739346998308,0.12985170889583578,0.04116403003717098,0.015724247197344457,11.135845571361603,1781.2643727009256,-12692.752109455894,-1103.129720136415
11953.812273707566,0.15039746192910838,0.12977480727421078,0.041156966811719965,0.01575267104867471,11.348709315893771,4251.639041072717,-11536.736277939457,-1085.6919466468264
11955.799189938156,0.15058311758734522,0.12974645420481634,0.04114343379881739,0.015779595432989946,11.581323186525657,6494.279297116469,-9771.599121916252,-1010.9916040662606
11957.788343917422,0.1507769443989915,0.1297923290668536,0.04112533916570908,0.015800647020783244,11.837986611892692,8338.343440376893,-7414.2455202718265,-875.0275544406529
11960.52325957533,0.15101244150388463,0.12992007115526455,0.04110295232609738,0.015815626076980643,12.122557366373478,9588.741149168996,-4536.187860292599,-677.519423531241
11962.932525857226,0.15117955470433986,0.13012133299176104,0.04107735664401334,0.01582321092611527,12.437043435581456,10045.947420947285,-1289.9339874657303,-424.71542784124034
11965.855585488878,0.15130299841641148,0.1304393605664413,0.04104828997559788,0.015821944076594277,12.779435774132873,9550.349091952301,2072.094060897428,-132.35448786694585
11967.57506924198,0.15126062145183128,0.1307577033723995,0.04101692432799098,0.015808747407676096,13.141697491772783,8048.736987904729,5210.798645880143,173.3158665497312
11969.744918983457,0.15123218355513526,0.13100196427868718,0.040987952041001245,0.015780970646520294,13.509973719397204,5651.192698233301,7767.809172905424,459.2965741372055
11971.458295251652,0.15114290566686323,0.1311988993301144,0.040991809927869674,0.015788804017488754,13.868367706075036,2627.0158176771106,9468.34202462469,694.6344543517188
11972.760551849215,0.1510015270622309,0.13134419379124848,0.04099368096627018,0.015807904292182103,14.204228077147144,-673.5056993635673,10195.033437205331,858.8151560897442
11974.121903275964,0.15086289367895717,0.13145576081922297,0.04098884194712835,0.01582886696743583,14.511112909835374,-3919.32646725581,9987.22689506292,944.6304635397572
11975.669409928878,0.15071564150727002,0.13155151610404073,0.040977156061375204,0.01584931947728073,14.788235663188283,-6860.630040866142,8985.445235564097,955.7134587487768
11977.084770745625,0.15057815955887804,0.13161608459064533,0.0409560883602369,0.01587055921739697,15.038245269803122,-9340.150485675658,7369.882472339993,901.8899326907939
11978.828306598063,0.15044195542979727,0.1316949355968833,0.04092710776410035,0.015888413822757734,15.265209880797256,-11276.049696203754,5319.964083705326,795.3115133868664
11980.47014639015,0.15030310190460697,0.13175038526612165,0.04089320745292072,0.015900235189111753,15.473412011976796,-12638.404014370199,2995.8941891099935,648.178427725617
11982.090436147664,0.1501591460864244,0.13178802072031348,0.04087528895544319,0.01590266337153035,15.666811233929623,-13429.736003940898,534.0011556980645,471.69944541391493
11983.796187696495,0.15000008236186588,0.13180390086042326,0.040918138177656306,0.015904833868147512,15.848891380844908,-13671.805308514806,-1951.5035977391453,275.7231861396937
11985.358882747116,0.14985039210055237,0.13179834916931607,0.04096533336076113,0.015915801760882822,16.022682761642702,-13397.503171019189,-4364.596476659744,69.00298710638157
11986.996938508106,0.14969327416391331,0.13176442466923444,0.04100972673108816,0.015934521758028786,16.190845714097726,-12646.355699752214,-6623.297197941232,-140.48389178414212
11988.599222888717,0.14954540985475664,0.1317030570787637,0.04104794720489368,0.01595876899684936,16.355780748553194,-11462.397417409786,-8656.004271232025,-345.4409304443314
11990.102609773112,0.14942229003232377,0.13161544281485246,0.04108294097260341,0.015990055441257273,16.51973538695961,-9893.611351782643,-10398.510530737438,-539.0516420443944
11991.667720017393,0.14931239484093345,0.1315022460586811,0.041111679623840366,0.016025812794273248,16.684909946338745,-7992.470476470623,-11791.791959265172,-714.7807510914903
11993.051013973181,0.1492398562962576,0.1313850109024699,0.04113340134626234,0.016064608242146994,16.853559140516644,-5817.368888092096,-12780.4868998007,-866.1913874829617
11994.624202575813,0.14917812885194343,0.13124108461013448,0.041147451758256494,0.016104428955650632,17.028097216032126,-3434.8464662372044,-13312.201908116049,-986.8206229829076
11996.26483273721,0.14915931011993092,0.1310862598596057,0.04115394007678816,0.01614442396909198,17.211204367942386,-922.6684956111615,-13337.819571166498,-1070.107050683227
11997.795877424533,0.14921071557170673,0.13096121899664245,0.04115292883883143,0.01618114618782828,17.405927237886885,1626.1604229528002,-12813.273241667353,-1109.40304186201
11999.2226730958,0.14936008915117113,0.13091902122705926,0.041144940323245296,0.016215387014526076,17.615761664221694,4098.636781215024,-11703.752161263299,-1098.1701822848386
12001.16785293605,0.14954915280142075,0.130896435210866,0.041131685598168884,0.016242976311181833,17.844665038020494,6357.041465143526,-9991.793574840907,-1030.488446183855
12003.43734322977,0.14976067554069672,0.13092337837014234,0.04111307706894847,0.01626561497709792,18.096866238008722,8236.02205398069,-7690.786627984456,-902.0751605017765
12005.954124469032,0.14998335898950943,0.13104863343850975,0.04109510301542476,0.01627835849571542,18.37626433801495,9545.711685135006,-4865.164833045705,-712.0371065376582
12008.617456791528,0.1501734840074729,0.1312636179950666,0.04107189275242575,0.016286065224927242,18.685160790975637,10088.9469309649,-1655.8155294752216,-465.5422531549987
12011.182769031542,0.15028601651411883,0.13155106225393048,0.041047394576164256,0.016285915526560075,19.022219786599624,9701.589324643473,1699.7210277225759,-176.80508010059927
12013.382412035467,0.15028804429420115,0.13187000480978534,0.041016222599000916,0.01627433453452189,19.380391223520533,8315.614474362392,4875.04628020067,129.50194736866595
12015.610788326989,0.15024490200462892,0.13214472934910795,0.040987840733251964,0.016249475460980017,19.746700103764056,6018.3122803160495,7513.867008875735,421.1843358637641
12017.590123880313,0.1501678535471584,0.1323603951300104,0.04098285738208833,0.01623994121099532,20.105471270578242,3058.3129934906797,9328.900235571218,666.6117761902336
12019.32351621076,0.150042571840504,0.1325360523797175,0.04098523304771111,0.01625644784761486,20.44350988933966,-222.91639817780913,10181.766737832166,843.4916223025702
12020.564658795767,0.14991786317037056,0.13264099902938511,0.04098134772957132,0.016277268187213784,20.753486123714044,-3490.3788839804292,10092.631399642933,942.6799060953485
12021.946567483463,0.14979265463606414,0.13272999824787776,0.040970871019939945,0.016297389525792443,21.033857572842063,-6483.6619309461885,9190.568534584894,966.3034278682825
12023.354952420663,0.1496592934530229,0.13279782541283397,0.040951077886945644,0.016318834009676295,21.286823229680554,-9034.428150237694,7651.630192171623,923.3420006428084
12024.850577640607,0.14953307638226015,0.1328600630008,0.040924170555439614,0.016336670294958965,21.516251470930364,-11052.129800665663,5655.511525456354,825.6072983778662
12026.553241921676,0.1493835682989697,0.1329119222337581,0.040893983300644296,0.016348258012920724,21.72637211121571,-12500.931520835178,3364.549766443348,685.2456828936619
12028.298087439467,0.1492314514378078,0.1329568680651108,0.04087375279706375,0.01635161291081837,21.921159001092906,-13379.675050332384,917.5672895625326,513.5626761780815
12030.011371162793,0.14907412610612,0.13297890807346271,0.0409068985185019,0.01635234677329894,22.104127154140183,-13707.883898095586,-1569.028466942722,320.5661117638348
12031.683842024975,0.14891516021348417,0.1329749211450131,0.04095458175685812,0.01636204563545815,22.278336925004144,-13517.038555749761,-3997.573144106962,115.11883657360029
12033.322234714786,0.1487581923704255,0.13294680815293355,0.040999748338754576,0.01637964604979145,22.446467914454562,-12845.670928479838,-6285.015167369576,-94.73766366472078
12034.712944220913,0.14862907842518538,0.1328981048744012,0.04104075864170472,0.016404095781733904,22.610921933045525,-11736.935656636493,-8359.17770629951,-301.6556216067171
12035.917283788936,0.14851946577665867,0.1328428028253634,0.041072899663987375,0.016431225333098518,22.773929233272433,-10237.827590457879,-10155.732747621956,-498.7867901073756
12037.05783154971,0.14843321900935594,0.13276615870768363,0.041100526744231994,0.01646358550143893,22.937652599316127,-8399.497202828637,-11615.883879183892,-679.5984301376918
12038.393592193132,0.14834871480117462,0.13266013913858682,0.04112381059335176,0.016502273307456176,23.10428858703271,-6278.452650619305,-12684.75109915646,-837.7179733016218
12039.732507164106,0.1482850360282041,0.132540862822738,0.04113964476065392,0.016542751614081374,23.276165598067724,-3938.5954771188926,-13310.495943430678,-966.7685315442444
12041.358084281736,0.14825274931850072,0.1323872385342568,0.0411463659024239,0.016576318049268568,23.45584676667676,-1454.0187035635834,-13444.355185595905,-1060.2545290912901
12043.090306796741,0.14829156926435333,0.13223776441053814,0.041146872119046614,0.0166152231714111,23.64623460056209,1087.3129522276179,-13042.009647236886,-1111.5965799580651
12044.859028820712,0.14843983394154964,0.1321527876040458,0.04114151727252518,0.016644058352271816,23.850653491036965,3579.0563085067147,-12067.013799297032,-1114.24522953081
12046.58750735317,0.14861419885700858,0.13212971297031567,0.041133106680085435,0.016664175754986247,24.072888951714134,5891.784083474613,-10497.689692078395,-1062.0604942096434
12048.421694306242,0.14879990523481199,0.13216278321949987,0.041117290235034264,0.016685912784929223,24.31706768971088,7869.492717299039,-8338.802974407154,-950.2283508220277
12051.208075336057,0.14904491354642013,0.13225316603271806,0.041095856918602486,0.01670340301105675,24.587209114614865,9330.672853621394,-5639.435385063726,-776.751385628229
12053.588768949496,0.14922757986290502,0.1324442492296885,0.04107508855754051,0.016712143166424533,24.886184108493392,10080.638300407989,-2516.9870946405595,-544.780364640897
12056.282163532855,0.1493665488201498,0.13272718568771946,0.041047393237668615,0.01671443359249598,25.213908923079924,9944.202372175976,820.1890299141859,-265.6119081342942
12058.557631562859,0.14938745940927098,0.13306092919596352,0.04101904359877376,0.016706881109397536,25.565189847344406,8822.455397615882,4070.428584514105,39.21567698626989
12060.281010959741,0.14931268191730546,0.13334666299198275,0.04098850484312677,0.01668512001563927,25.928767196370945,6756.033057815782,6881.492246760641,339.33828909992764
12062.325961373266,0.14923998393885574,0.13357898304744192,0.040966650556919414,0.01665243171434803,26.28947405769239,3950.0140378463825,8940.627698230757,602.1580254074909
12063.912641426465,0.14913456815297318,0.13374638022270968,0.04097093069042728,0.016669792161221504,26.63308610268385,725.9593799789723,10064.998274859267,802.1108386334063
12065.490057798212,0.14899978062371028,0.13388521493036576,0.0409692171711622,0.01668801446661334,26.95047800936507,-2573.641720583548,10232.770762627066,926.1676349148105
12067.130242953184,0.1488575742144339,0.13399831595477837,0.040960247940312715,0.016709374251379652,27.238538315154674,-5665.514533722259,9547.134111663065,973.3451490266866
12068.780750155805,0.14871169025172798,0.13408693664036647,0.04094291146085473,0.016731221107291163,27.498517352276153,-8356.57739738442,8174.62875043177,950.8778508517165
12070.31715330544,0.1485790377220376,0.13415255906419296,0.04091905085497062,0.016749489276703458,27.733874962485118,-10536.591232701494,6295.667428533892,869.8910774234159
12072.05223200559,0.14843630638889568,0.1342172040611012,0.04089689247681121,0.01675962391791218,27.948752145380514,-12156.322434257281,4077.7584199363228,742.4564244168704
12073.597787820418,0.14830302892800126,0.13425975795293127,0.040874128560170746,0.016764791167483268,28.147179831884717,-13206.257258723454,1665.8696974232366,580.1144743856353
12075.322310530435,0.1481448761008077,0.13428096633077027,0.04090609889475541,0.01676371392711563,28.332775292655707,-13700.931153163378,-818.084330196723,393.19613915911305
12077.009834196719,0.1479866709328261,0.13428649253988922,0.04095426770255358,0.01677084958908482,28.508699891855624,-13668.896922134996,-3272.0764921288,190.84079972688335
12078.472418399642,0.14784746373650903,0.1342660914288698,0.04100038306445116,0.016786095025450108,28.677708127196063,-13146.828673303879,-5609.85540606967,-18.68127807806012
12079.874491682735,0.14771417230494502,0.13422981581286375,0.04103798146350272,0.01680594576955589,28.84224692696109,-12176.446719795205,-7757.121844457291,-227.84791407071876
12081.02810487395,0.14760659178602353,0.13418452362052305,0.04107601757949379,0.016834799566805052,29.00455894257015,-10803.28904317115,-9648.303396409681,-429.7322000680355
12082.029547861726,0.1475179088303432,0.13413059729182783,0.041108339211273784,0.016868818420788623,29.166782920040934,-9076.684848257542,-11224.024541978812,-617.7959280073711
12082.849122051282,0.14745047507740283,0.13407532079429774,0.04113407281837519,0.016906687306517135,29.331052525555975,-7050.657135480443,-12429.287021550144,-785.6818431394116
12083.76180935928,0.1473931654809802,0.13399925992103093,0.041152568925727204,0.01694693314558257,29.499594596908015,-4785.590748515977,-13212.34419675601,-927.0779308623744
12084.847920779097,0.14735923674854318,0.13389802488312813,0.04116220740887626,0.016983262082641733,29.674828873789338,-2350.667526747268,-13524.388329016943,-1035.596687747843
12085.98465667637,0.14735793800070665,0.13379253269709218,0.04116491331886154,0.017017056711578923,29.859468264942475,172.853824139515,-13320.357477490987,-1104.7375918687765
12087.656422848491,0.1474330810474858,0.13366876283800236,0.04116076438341403,0.017054438851091404,30.05661473662104,2687.6010742766507,-12561.407541812667,-1127.9844481861426
12089.12730491802,0.1475735740392579,0.13362924542035687,0.04114999222886939,0.01708748778346258,30.269816199599834,5075.443302449554,-11220.073443281,-1099.0469632906604
12090.986868134063,0.1477523432416012,0.1336257032644094,0.04113558612425052,0.017111654029007516,30.503030448973497,7193.361705835689,-9289.6042701178,-1012.4569381471613
12093.193641652571,0.1479580432287681,0.13368698425264247,0.041121707245485146,0.01712562047984571,30.760352004308967,8872.200609166395,-6798.888357173502,-864.7636087335882
12096.05752089373,0.14819072770304004,0.13383246597058357,0.041099559324878326,0.0171382011871382,31.04527340782132,9923.212587684638,-3833.695091058773,-656.5602730848611
12098.545468338873,0.14834511863673946,0.1340784165252433,0.04107420376015413,0.017143737736174613,31.359233920161863,10160.736460695143,-560.8071135428515,-395.2383799042473
12101.313440376009,0.14843858594684162,0.1343941306954433,0.041049336742889526,0.017140833636639787,31.699542520483703,9448.277561153584,2758.4171544100277,-97.63352106047863
12103.344439884104,0.1483903631073312,0.13472764259576356,0.04101832947697106,0.017125194384133978,32.05767257790337,7761.659550950264,5788.715680395557,209.46088465951888
12104.135591975284,0.14829527442871746,0.13489418695769315,0.04099048379129087,0.01709488625252575,32.41987248846613,5235.770484232726,8191.953353073825,493.5479616258127
12106.027754741874,0.14819971010924224,0.1350977181805666,0.04099504185389866,0.017105781672756983,32.77103858865976,2149.315928409751,9723.75248857952,725.1506906881233
12107.75021147143,0.14807996692265665,0.13525758583304964,0.04099595048477854,0.017124791370002244,33.09956657612311,-1155.563995635837,10294.384943519048,885.3814533678201
12109.427570208934,0.14795083430522515,0.13538435472276886,0.04099171295566026,0.01714009286048266,33.39976948334574,-4365.526137081601,9959.261541091104,968.0564709220735
12111.086016265748,0.1478099697029146,0.13548395416796807,0.04097801503688346,0.0171621923221523,33.671167884025046,-7248.856298795523,8863.47871696544,977.1567120002256
12112.834264763409,0.14767318670625326,0.13557210911731338,0.04096023839034378,0.01717902803507842,33.91639484695784,-9662.188458571574,7184.867189073033,922.3814882205397
12114.482818129338,0.14754564773662124,0.13564364083536296,0.04094163670801288,0.01718980058130893,34.139356495458394,-11532.803464230656,5097.680089841106,815.5158742149162
12116.24495292252,0.14740083827805056,0.1357032433417545,0.0409289644955182,0.01719387520306295,34.344140421748676,-12836.237048427616,2756.4553188286554,668.3642581463314
12118.005719573826,0.14724759407681606,0.13574444038640732,0.040931793984461076,0.017193517363662852,34.53452831913727,-13578.102882852767,292.29127350102954,491.80807562486433
12119.75463712565,0.14708725968399083,0.13576226587033055,0.04097400919610183,0.01719636659396911,34.71385117543332,-13781.764923579092,-2185.1650293976045,295.5061216502312
12121.456316698077,0.14692640596698694,0.13575232621775218,0.041021471716328736,0.01720810434199665,34.88501011029269,-13480.805157621033,-4583.877614876164,88.05764719001999
12123.123519142127,0.14676827402845447,0.13571887822545523,0.041065930771736654,0.0172274563094115,35.05055433903887,-12714.85181787031,-6825.426143577285,-122.73926265854438
12123.993842939499,0.14668614344652614,0.13569101041190443,0.041106443529497945,0.017253663243849818,35.21277778996381,-11527.61377795277,-8841.451735162133,-329.7494942545872
12124.881121303926,0.14660711703024967,0.13564784587441198,0.041141710249489497,0.017285578792849823,35.37382376535956,-9966.323962624541,-10570.895206108657,-526.3101697133033
12125.786913604104,0.14652895430375804,0.13559346830032043,0.04117077779390787,0.01732196777709541,35.53578506576587,-8082.193628137942,-11957.923712450971,-706.0436609605508
12126.403009524793,0.14647615574816006,0.1355497246557463,0.04119289837371882,0.017361437285289244,35.700792880381414,-5931.7041576814645,-12950.392445230062,-862.6864645963952
12127.158614627657,0.1464317592518469,0.1354833179035911,0.04120643265196758,0.017399271262388806,35.87111473221153,-3578.5808963269965,-13499.124851812296,-989.9527618095872
12128.362699989208,0.14640191163313576,0.13536891565203152,0.04121335204417582,0.017439652906634222,36.04925693155336,-1096.5161537146157,-13558.120264967347,-1081.4712877721468
12129.971386143921,0.1464350846341104,0.13523010236889954,0.04121283309254076,0.017478721416103352,36.23805837627505,1427.2570495798204,-13085.98665564818,-1130.7805123925164
12131.636035126508,0.14657578226730295,0.1351549874064271,0.04120531328317434,0.017514269862055183,36.44077072992054,3887.642100399079,-12049.395780813786,-1131.444807155348
12133.513479390504,0.14675441665222838,0.1351245640235591,0.04119171111215771,0.01754478133282265,36.66109050863775,6157.273024812418,-10429.91428989691,-1077.467917137724
12135.89129592006,0.14696993488486382,0.135132997562213,0.041173230712353535,0.01756909151528839,36.903042322666025,8083.424166805884,-8235.422025645095,-964.1267211950063
12138.117982605037,0.14716929325164751,0.13523081882133137,0.041153037335169146,0.017584961766052093,37.17053678178372,9489.384410388255,-5517.462472109575,-789.4427007957728
12140.557758909263,0.14735107754954338,0.13541389984548413,0.04112951716342212,0.017594441595895172,37.46637207119027,10186.816674954829,-2394.066062123645,-556.5099530407338
12143.010314064075,0.14747104543300382,0.1356822929483564,0.04110142683618718,0.017596429842794723,37.79050720483143,10007.50941869953,929.0004666797607,-276.3788560794364
12145.354169425682,0.14750373288054194,0.13598968923531063,0.04107078686882005,0.017588016512743172,38.1379853983636,8857.854216537165,4156.447903374403,29.892669674399922
12147.22084722768,0.1474200017731683,0.13629671508861302,0.041045117103414325,0.017569523725000577,38.49797386611343,6779.238250692519,6944.639532014364,332.53398094553364
12148.597209572135,0.1473400899959242,0.13647552091604945,0.04102186603537365,0.017534674999562048,38.8557408223961,3972.3551946917796,8987.913299954105,599.2867714963111
12150.471428328327,0.14724165190862215,0.13665898054947428,0.04102237654521902,0.017536546718285126,39.19727129442107,751.8762085177242,10106.096735061023,804.382602482972
12152.163130044251,0.1471065539148563,0.13680449869390265,0.04102124171979497,0.01754894371522264,39.51336593049372,-2545.491336705632,10275.865852579218,934.2587585308473
12153.730979060321,0.1469905129773181,0.1369122559600741,0.04101719483541678,0.017558598620486466,39.80066716138938,-5639.453943186282,9597.31707311741,987.3173321097269
12155.101412406952,0.14686134840164833,0.13698267775929238,0.04100694082468718,0.017571599047022636,40.06016960341875,-8337.780650785802,8234.171259217423,970.2637695781841
12156.914484391691,0.14672957608034906,0.13707225680878096,0.04099090561728017,0.017583980225863247,40.295143361556356,-10530.131481925659,6364.840037594948,893.9027374383451
12158.733518849767,0.14658864793429496,0.13714576309358936,0.040990158457512346,0.017584282281608195,40.5096041539703,-12166.928416740633,4155.528274418933,770.0969634021573
12160.45101730187,0.14644590519184272,0.13719795749647964,0.04099436012077226,0.01758326531713326,40.70750559236187,-13238.321919912321,1750.2533442426643,610.2611270589841
12162.121186553366,0.14629829175307563,0.1372296338512495,0.0410036226194769,0.017582877749976803,40.89241601047059,-13758.610505994466,-729.9191577270898,424.8188563719839
12163.858317701273,0.14613727268084892,0.1372371733249017,0.04104285242635395,0.017588399615315935,41.067455892115994,-13756.128318195682,-3183.8607441994805,222.9917266641611
12165.436334257882,0.14598773647400967,0.1372233096708931,0.04108403999340474,0.017601643261489622,41.23534739466066,-13267.281715030482,-5526.355093285024,12.987878349568224
12166.564119267434,0.1458810386710502,0.13719630596946886,0.04111843445997515,0.01761939034991146,41.39849893238759,-12333.385744541305,-7684.2655008421925,-197.71211446977878
12167.350597407394,0.14581131280305984,0.13716165106232522,0.04115321543574664,0.017645179819189227,41.55910660216814,-10999.321353361263,-9593.341352374762,-402.23012758318487
12168.44802532974,0.1457233244561653,0.13709602955079347,0.041185667650527225,0.0176784717479607,41.71925541109131,-9313.4001063825,-11195.763345333035,-594.1100560570476
12169.027424280834,0.14567022739642504,0.13706108342105056,0.0412123309038071,0.017716463215449688,41.881007322547504,-7328.1632868819215,-12438.24740561665,-767.10373057318
12169.57089058182,0.1456230497513389,0.13702038265189959,0.04123185108626764,0.017757013692425546,42.046493003125285,-5101.862342032337,-13270.833997752019,-915.0185308172203
12170.5649716293,0.14558813247822247,0.13692884248785087,0.041241126253510126,0.017789196107387942,42.21801228683642,-2700.5770573564882,-13646.483041444824,-1031.5914853580773
12171.547196338857,0.14557284267828963,0.13683554207367635,0.04124515775669079,0.017827397175308655,42.398129310213456,-201.22450456741376,-13521.616205172693,-1110.4697840035374
12173.070497141203,0.14564608187466224,0.1367240404163239,0.041242066579074414,0.01786583699980507,42.58976197926859,2304.73472936251,-12858.069184441465,-1145.2522404558958
12174.592910346562,0.1457904778409613,0.1366771022377479,0.04123223389940706,0.01790019880598326,42.796255779371336,4707.001832471784,-11627.399584571815,-1129.6423141587609
12176.571737029637,0.14597223003004342,0.1366535597648229,0.0412190003022705,0.01792478785070247,43.02138140803218,6872.329179129287,-9818.832680179341,-1057.9524050581545
12178.831432209827,0.1461848847845326,0.13670346887318446,0.041200576308936566,0.017945383067652254,43.269149328817456,8642.400517662349,-7452.042583765819,-926.1095748421553
12181.241693343793,0.14638947182107234,0.1368271777414233,0.04118022078532402,0.01795871270682966,43.54324402584334,9837.693828961668,-4596.005465784644,-733.3538210118395
12183.737934546383,0.14655780968830817,0.13705049502147892,0.04115980483914761,0.017964791558630667,43.845843969795304,10274.438225917553,-1391.991034696286,-484.7220589901609
12186.70651389774,0.14668649961707056,0.13734519180692686,0.041133447965812225,0.017964009223589907,44.175751719217935,9802.473069821897,1929.0066238045333,-193.88065089677667
12188.712986846644,0.1466676267218692,0.13765792724957596,0.04110732165604325,0.017953774897323013,44.52645905975818,8363.274013479144,5054.624515612644,115.4918604809626
12190.157285706324,0.14662684448335833,0.1378440223716943,0.041081435978301536,0.017930647024829872,44.88585139328477,6044.022705956021,7645.94846926401,412.29498956034735
12192.2215365632,0.14656622145287834,0.13804968811894242,0.04107300927646775,0.017914556014400417,45.23903396221045,3083.3420024689203,9428.74362978671,665.3964081374086
12193.956130368562,0.1464677078397401,0.13821139062596918,0.04107290644265836,0.01791369714866051,45.57310755476148,-190.97908462962485,10268.51270568721,852.0684610905697
12195.744522452827,0.14633548267293192,0.1383530443584441,0.04107086544827471,0.017924840840317854,45.88052017746814,-3454.5080296716314,10181.982379050147,962.1407599659237
12197.51703867489,0.1461992597507017,0.1384668055961189,0.04106885896957833,0.017928643142622127,46.159264433841365,-6452.226714369331,9292.267177816371,996.6062333831484
12199.331056648336,0.14606528367025468,0.13856454409470953,0.04106184501572169,0.017936306221901684,46.41108615540718,-9017.468148089358,7770.21298497875,963.5332715604128
12201.173429615914,0.1459280131107889,0.13864914414982965,0.04106327081662264,0.017935279104353642,46.63951484219842,-11059.67490238274,5791.7820966893805,874.1308839216039
12203.013715087058,0.14578289583099194,0.13871791909667391,0.041061400930552196,0.017935980272929655,46.84855878516743,-12542.528639316888,3516.6963580506012,740.2122029062895
12204.678087235085,0.14563782560032978,0.13875520966533353,0.041064926286853806,0.017935321528186676,47.04204825251649,-13464.363491135364,1081.7253285188865,572.9678402027523
12206.28460396878,0.1454945945106878,0.1387804799210855,0.04107667012454781,0.017935419539150968,47.223402906450815,-13844.261467536195,-1398.6466713331301,382.47015124554787
12207.924013502403,0.14534230328565861,0.13878353574699337,0.041118592306751384,0.01794331691634558,47.39560503349319,-13713.260375105261,-3828.7824973062416,177.61194043329118
12208.94425928417,0.1452447768996011,0.13877715341173757,0.0411645805609895,0.017960361646324037,47.561259820070546,-13109.26146865318,-6127.84956466369,-33.67448506632306
12210.067964933382,0.1451367151450711,0.138752425397267,0.04120304293907665,0.017982292506190076,47.722687614277696,-12074.44054101585,-8226.222310618423,-244.1319426066446
12211.01776766806,0.14505041098010607,0.13871244121425416,0.04124060302387747,0.018012565020214016,47.88202280817756,-10654.243841146541,-10062.486508552824,-447.05088847319115
12211.66003571878,0.14498781186100484,0.13868271401573343,0.04126910091745944,0.01804419241362026,48.04130327838713,-8897.52328502486,-11581.059582176196,-636.0730103337102
12212.396522233366,0.1449290326193983,0.13863207262325478,0.04128979254028098,0.01807623181285104,48.202564797107584,-6857.423802562797,-12730.549694162166,-805.0061952747938
12212.744022973075,0.14489401156324377,0.1386063140843127,0.041307688786946115,0.018117365150688847,48.36793069590957,-4592.999991020683,-13462.711468708063,-947.7290907657568
12213.467135047707,0.14485766990092738,0.13853909827357194,0.04131745966497147,0.018156916621929066,48.53970457209615,-2171.486116667724,-13732.214957771597,-1058.0605547109274
12214.724478263943,0.1448439034242763,0.13841984325570292,0.04132016682126688,0.01819766469179917,48.720470398057884,328.7442859990581,-13497.423164617001,-1129.6992146967195
12216.298893383168,0.14493025922506775,0.13831261364182298,0.0413159361174654,0.018232800447895717,48.913175342666015,2814.3669893479505,-12722.58685980086,-1156.2769145331295
12217.869493725058,0.14506740925126022,0.13826077152614732,0.0413071260215249,0.018259433446415837,49.12119363151935,5172.85584501411,-11382.637302603465,-1131.5829745561743
12219.701568689665,0.14523063140059372,0.1382413571809015,0.04129128751683657,0.018286061459565794,49.3483079724258,7268.696960518771,-9471.673085411372,-1050.168493581809
12221.738157398098,0.14542141880281928,0.13830198407410535,0.041271779399779905,0.018305984088270884,49.5984816628912,8941.938004871618,-7016.341725258835,-908.3874849998341
12224.357507157685,0.1456331117947767,0.13842864138072886,0.041249772228172714,0.018318938177444788,49.87523814958948,10013.529076405142,-4095.162507347914,-706.1620233771674
12227.385813152803,0.14582863343167665,0.1386378925058061,0.04123022268693929,0.018323698013673007,50.180397767979684,10304.687577873829,-861.0602433058874,-449.55853921148196
12230.150256911722,0.1459298343271677,0.13893646126150228,0.04120982474750789,0.0183219926270465,50.512159694333675,9677.349125116518,2443.844028220388,-153.50809745101358
12232.45682157072,0.14591484311026515,0.13925791355987743,0.041181464590839094,0.018309114826960717,50.863307379584555,8092.640043913617,5502.239043478389,157.16158971865556
12234.839950872287,0.14589594474138928,0.13949949053623,0.04115489908263812,0.018282744402203118,51.22127664813998,5659.9471277573,7982.256732224035,450.9737750074413
12236.866115760955,0.14581989371455936,0.1397044218430151,0.04114987282734332,0.018271764614156544,51.571302796699584,2633.3198864138617,9628.591347179892,697.6139984107862
12238.432999246786,0.14571267460849027,0.1398517209922786,0.04115042736286039,0.018277313422840096,51.901131897155956,-657.1885340733261,10329.754697905586,875.9468326261843
12239.914219212009,0.14559797989975434,0.13996539882820472,0.0411510939509311,0.018274126225342833,52.203976140546395,-3896.1689936823836,10120.377401023554,977.3087233902614
12241.461678375883,0.14546934661467192,0.14006006708233623,0.04114800806290814,0.018279532136296243,52.47838306237533,-6842.06166626651,9132.579356332972,1003.7491707491656
12243.076990650743,0.1453494800144338,0.14014429552322277,0.04114209078073166,0.018285557595768158,52.72636532290683,-9340.587798900326,7538.96139208617,963.8868109369124
12244.792454479584,0.1452212827405549,0.14022062664990298,0.04114522800883199,0.018283508990559708,52.951518056229915,-11310.363311226163,5513.283845695666,869.0386298316085
12246.613959519986,0.14507074981196588,0.14027909547371115,0.041149502053420425,0.018281908424308446,53.157811944690145,-12721.066375848688,3211.5634722531354,730.921166228692
12248.467877862837,0.1449146991661757,0.14032780694345423,0.04115740422549892,0.01828067048744054,53.34900282431703,-13574.69168846524,766.7253713427357,560.5586608640347
12250.205998863308,0.144756564781629,0.14034168347960085,0.041191292902618165,0.018281766093124825,53.52842821114423,-13892.406737499203,-1710.18219008488,367.8132385457685
12251.082819656494,0.14467549724349857,0.1403474394679235,0.04123167990818628,0.018290255881206738,53.698994257855716,-13706.362988577212,-4126.361163592806,161.44063182776455
12251.98090005529,0.14458869051767897,0.14034645074213756,0.041272785157899824,0.018306407221199507,53.8632429418291,-13055.047690833115,-6403.367806642243,-50.69094580652944
12252.803758278702,0.14450657344950557,0.14033458037099675,0.04130651293233205,0.018326457933613774,54.02344663516856,-11980.878865741448,-8473.604931068536,-261.42986079455176
12253.567479398522,0.1444317430325707,0.140309218740314,0.04134278353480275,0.01835672376033474,54.18169876614946,-10529.361041997681,-10277.344737335468,-464.1687132618231
12254.152300837306,0.14437783711786692,0.14027921525591772,0.04136896626288921,0.018386732542225295,54.34000454731626,-8749.274766669083,-11760.481285795315,-652.6343070110968
12254.279581198998,0.14435533084379581,0.1402763440219407,0.0413887830059273,0.018418455613946096,54.50036953247751,-6693.653944704445,-12872.921101221622,-820.6998384385489
12254.552669978826,0.14432119009388944,0.1402572220829012,0.04140503821698195,0.01845731407492058,54.6648918602891,-4421.372646052686,-13567.67690634363,-962.3046182569365
12255.149232475424,0.1442922599703472,0.14020163780681005,0.04141481078746817,0.018499278269183652,54.835854437612625,-1999.3747310627368,-13800.65975571115,-1071.3336183594236
12256.197362066172,0.14427693012742634,0.14010105042824736,0.04141665638350063,0.01853351419532325,55.015816175796736,494.332913040205,-13531.470133547893,-1141.530167101249
12257.740346150851,0.14436641234599065,0.13999941519706552,0.041413659785887874,0.018556212686230533,55.20769978437409,2966.976871566423,-12725.642242257249,-1166.5449554487948
12259.497734348846,0.14452014146686368,0.13994385840854084,0.041402127423467376,0.018589818903680458,55.4148561444129,5306.850942755996,-11359.392443815806,-1140.2614392395203
12261.145555226696,0.1446925567736257,0.13996488616536004,0.04138696449722235,0.01861474208356486,55.64103499200152,7379.588599693901,-9428.076829121721,-1057.3146616028723
12263.587007978898,0.14490974101517193,0.14001505543781814,0.04137196403901475,0.01862979318351816,55.89017343181317,9026.9302085151,-6959.450245047216,-914.073747760028
12266.290673917672,0.145124789418739,0.14013833243818444,0.04135629702072912,0.01863884697067206,56.16577654251121,10072.118628272896,-4032.6886306385736,-710.4814863888188
12269.006352655064,0.14529499950367067,0.14036708163114567,0.041342779415823,0.018642024085148305,56.469662552926614,10339.007299669784,-800.4954602128473,-452.6003466403283
12272.051847076984,0.1454110975088649,0.140672222131019,0.041324960040749786,0.018640415044546464,56.80008027309955,9692.089857950015,2496.546582285835,-155.30897340058522
12274.305540342182,0.14538386476118403,0.14100304566364433,0.041299496923746265,0.018628700916671927,57.1499196871709,8094.0818239275,5543.875226606608,156.6756612652786
12276.540932830947,0.14537245622828662,0.1412211902346175,0.041271119222666984,0.018600400449976028,57.50674462644491,5654.282190923647,8012.755305986607,451.9731526772935
12278.256753348453,0.14529421367305811,0.14140215513418397,0.041263515931304215,0.018583869900685262,57.85587387349337,2625.1129180088055,9650.223418052272,700.2689590326817
12280.125939261456,0.14518889024522705,0.1415690104136628,0.04126317782107908,0.018580248982603,58.1850568343635,-665.6064417985165,10345.69023844846,880.3291833710542
12281.669099679702,0.14505513294857014,0.14168801796043826,0.04126289607586211,0.018581303668226686,58.48744511561561,-3904.2930914246895,10133.574742603869,983.388867688064
12283.494224937476,0.1449342519409691,0.14180310584159828,0.04126364460973783,0.018579832178298557,58.7615004249511,-6850.545003697204,9145.386630209956,1011.37912227044
12285.29499598819,0.14480113069770317,0.14189643379139877,0.04125845464582516,0.018585111495686656,59.00916566708568,-9350.763896321634,7553.063869675238,972.81747107057
12287.076053966144,0.1446574866597973,0.14196785379552682,0.04125676724917511,0.0185861281012666,59.23398762994006,-11323.942450014578,5529.716244703554,879.0127578571092
12288.939649884142,0.14451302949669914,0.14203719399900958,0.04125307855024802,0.018587441683986444,59.43990605968262,-12740.042333655321,3230.804616925526,741.6893287343578
12290.7815979857,0.14435940868298405,0.1420867312696725,0.04125676479067614,0.01858684521798081,59.63065589205635,-13601.255287152615,788.6990700471889,571.8581294522178
12292.590127015568,0.1441991434787478,0.14211365592171882,0.04126983974514244,0.018587232346782574,59.809561519291314,-13928.850289438678,-1686.159062949382,379.3997953049117
12293.632554865993,0.14410351649546357,0.14212533756390822,0.04130237887928585,0.018593989701892383,59.979515836648375,-13754.998373136767,-4101.62166322249,173.06219065433635
12294.290869874845,0.14403855825731735,0.1421341895641828,0.04134037893510364,0.01860878803702541,60.143046075034704,-13118.087684553653,-6379.905818573373,-39.35290444665495
12295.191229187047,0.14395046759609942,0.1421186289508496,0.04137711694032128,0.01863044149480127,60.30240820974847,-12060.310776236893,-8454.137499603445,-250.75418602789983
12295.645617441238,0.14389602616889746,0.14211716912489109,0.041414553448981636,0.01866138340165902,60.459674887207534,-10626.812642680481,-10265.374738913217,-454.58777355145406
12296.009033111275,0.1438471256241277,0.14211154980505727,0.04144617623413872,0.01869721129337535,60.61682378342677,-8865.835172377198,-11760.343383504434,-644.6424571455652
12296.395644576165,0.14379902890463048,0.1420935348350881,0.04146586345613418,0.018728239776202055,60.77582866554784,-6829.5663184363475,-12889.860264484541,-814.8537417643631
12297.034337871268,0.14374870895921152,0.14204289854709465,0.04148367640248708,0.01876982866906982,60.93874763353157,-4575.6815494843495,-13607.824425213843,-959.2243181948849
12297.631261964912,0.1437127235140358,0.14198757600386547,0.04149278798996724,0.018807211009086982,61.10780695622378,-2169.5419348817636,-13870.939440458174,-1071.7060115430643
12298.657977748466,0.14371111541779716,0.14189311374431476,0.04149541461755389,0.01884689333204891,61.2854970457311,312.9789644764249,-13639.391832884387,-1146.1223827357003
12300.054255612224,0.1438125732110004,0.1418112214247436,0.04149141321696828,0.018881001185732313,61.47465998896253,2781.9657009513257,-12878.882562452593,-1176.22289770973
12301.597402663743,0.14395975340005224,0.14177064852812338,0.04148360161669876,0.01890517631355232,61.678557355140384,5129.413671994875,-11565.036238744944,-1155.8658818910835
12303.799044826943,0.1441532380600755,0.14174257961517472,0.04146903061768819,0.018930318795867148,61.900868553311206,7225.529839185947,-9691.144347252044,-1079.5712795334402
12306.079796263948,0.14435633054477584,0.14178258277582087,0.041454699417305195,0.018945454034268675,62.145501868247194,8916.974983094691,-7280.498425273356,-943.453979355882
12309.256289626468,0.14460691784316015,0.1418901227361814,0.04144033008056822,0.018954355423707017,62.416058487609725,10030.999434172645,-4404.366975236485,-746.8499847475732
12312.109515985392,0.14479330544299765,0.14209299687373864,0.04143322785343682,0.018956279888487075,62.71469606022103,10392.110686878445,-1203.7139008159334,-494.7661830487535
12314.843011091305,0.14489969424972646,0.14238071113821024,0.04142455866868356,0.018955801905373666,63.04032622438931,9858.471488787492,2094.6430411807173,-200.62750372996948
12317.489066822282,0.14491637058065804,0.1427015141239459,0.04140026586105876,0.01894591626950473,63.38674707406053,8377.163037778131,5186.6950511889545,112.26777234546074
12319.375781922045,0.14483900253881674,0.14296366306086847,0.04137858461506987,0.018926171404212103,63.74228051204663,6035.5362787105705,7743.61297581982,413.23585948413836
12321.543704814649,0.14478096339511734,0.14317123006532934,0.041365276398969156,0.018900585812043683,64.09238505512764,3067.1663133013108,9499.04722962645,671.3074255419416
12323.477384146294,0.14467995863434294,0.14334492453554173,0.04136508788028683,0.018899077846134215,64.4242391239021,-207.33094653573534,10321.820550639086,863.5487867324874
12325.313527954217,0.14456221623545362,0.14348551060067646,0.041365380957981826,0.018897205023865438,64.73011156069299,-3469.641107694657,10228.057656786297,979.3334982682522
12327.08096954369,0.1444398125994959,0.1435982689961237,0.04136497629970838,0.01889785391328168,65.0077213234815,-6468.572159213089,9338.627939540267,1019.1763606734148
12328.881968350037,0.14430092028198144,0.14369087785907544,0.041369093676019694,0.01889319319031942,65.25856972011444,-9039.512300990393,7821.94411964806,990.793294454564
12330.6295772866,0.14417608943675972,0.14377247714011931,0.041360971862250365,0.018898671123774108,65.48602010962259,-11093.008720105263,5851.874297207424,905.2365929294864
12332.508594851884,0.14402951245271545,0.1438412533991471,0.041361323740076957,0.018898489965016668,65.69397006908022,-12593.408549247904,3586.3156449937565,774.2634437254148
12334.306275192723,0.14388066204239727,0.143890336258014,0.04136884891166061,0.018897080082496173,65.88618409716992,-13539.469380244695,1160.2983623506775,608.9729387285239
12336.138062973716,0.143720248086315,0.14392060949886773,0.04137964973581663,0.01889710296415618,66.06603499305682,-13950.478867268777,-1313.4595252267488,419.4142065725401
12336.86987302045,0.14365451734117837,0.14393555976983186,0.041401620989356853,0.018901058095399517,66.23645975914017,-13857.438875624155,-3741.108477697591,214.50892575883842
12337.396673308876,0.14360267162921422,0.1439493604293698,0.04144617349342169,0.018917080907409643,66.40001817920593,-13297.960434613171,-6043.75149820472,2.1408843065514866
12337.921422999265,0.14354765226094565,0.14395197050695632,0.04148184630924689,0.01893685863416066,66.55898429840977,-12313.57012511153,-8153.914366159902,-210.55599084756244
12338.352362208669,0.14349654588194938,0.1439523964322045,0.041512977806277045,0.018961205153888123,66.71543229075742,-10948.634271436704,-10012.482504393418,-416.9658059884394
12338.418830183982,0.14347371701806577,0.1439643013595323,0.04154147304993201,0.018991722382010176,66.87132391577235,-9250.356174605167,-11566.318682798139,-610.8779621497091
12338.565863154476,0.14344284146923525,0.14396510199341445,0.04156623066782142,0.019028316765858144,67.0285972489314,-7269.497239844938,-12766.578277266683,-786.3077308108132
12338.425865791856,0.143419555257085,0.14398550737631052,0.04158163830369586,0.01906137155039731,67.18925052915135,-5061.767963846576,-13567.614193631038,-937.3199912173587
12338.708037173006,0.14339459732931167,0.14396055528573445,0.04159285170831782,0.019101412675264714,67.35543214776098,-2689.7786469540433,-13926.51448870387,-1057.945976210642
12339.191683672054,0.14338028522427865,0.1439139152074685,0.041596998723495086,0.019141412611319183,67.529529598011,-225.6594687902667,-13803.534243860664,-1142.1270128927488
12340.833010139013,0.14341694264316848,0.14377502153312954,0.041594636716012476,0.01917262897395351,67.71426103215116,2245.661987834835,-13163.74447128433,-1183.6758273304565
12342.382290600435,0.143545761814121,0.14371256586061584,0.04158825997399256,0.01919599915898606,67.91274630985829,4622.515646491204,-11980.539072477826,-1176.4354036092182
12343.98874591037,0.14369750971414483,0.14369746162228608,0.04157767273569504,0.019216694483594185,68.1285284422636,6782.585386848603,-10242.300225171812,-1114.7184176684375
12346.368589232756,0.1439094533906907,0.1437202552025045,0.04156702293136645,0.019229380942823397,68.36546546088475,8580.550076532258,-7963.239135607191,-994.09882802493
12349.0050236608,0.1441299134789092,0.14382408415237583,0.041560453325558556,0.01923410572904283,68.62731891445351,9850.023376959261,-5199.578796956253,-812.8111314099095
12352.310791507938,0.14435999589752443,0.14401113286673797,0.041555768930461034,0.019235771521431133,68.9168199891732,10415.808295553612,-2070.44133939696,-573.9933858521985
12355.497021971483,0.14451616265208517,0.1442852231847966,0.04154911589724357,0.0192359671732492,69.23405077667049,10123.889785456013,1223.2373343004767,-288.441438243487
12358.334989740872,0.14456794531196202,0.1446003031676874,0.04153699675870076,0.01923222369442971,69.57447164126708,8891.901735708423,4398.013166879748,23.38743217499115
12359.67142331464,0.144455264781479,0.14487305299482287,0.0415150198918634,0.019215787297134787,69.9279155374669,6764.757707588081,7126.588681215727,332.4363552466913
12360.021095677708,0.14433729387164845,0.14499111778901755,0.041493544929669765,0.019182802544694427,70.28027709238923,3937.3728250226086,9118.038359218763,606.8879880620578
12361.781687322671,0.14424177301348126,0.14515936859283057,0.04149280072692175,0.01917945828809715,70.61779713887972,713.1290242394833,10200.13523622995,820.8246171697617
12363.58028446063,0.14411618124105696,0.1453058544728025,0.041493269469908,0.019174102768602482,70.9310875118257,-2582.186222726072,10350.432403457888,959.9744805022345
12365.324888512509,0.14398232686874257,0.14542167691615177,0.041492548298657575,0.019175691932931362,71.21637078690819,-5675.737860992635,9666.038247892398,1021.9447077968741
12367.197790468097,0.14385524690568388,0.1455275878133485,0.041493864048521366,0.01917390350873771,71.47422422576948,-8379.572055761646,8306.866855430364,1012.8223901866183
12369.123189047124,0.14372424091429917,0.14562309548301894,0.0414948835749902,0.01917303988448323,71.70760630100374,-10585.7107794842,6447.889440540442,942.9996858486792
12370.913855520232,0.1435899044260378,0.14569473367740554,0.04150162632333239,0.019169817236366998,71.9203307723894,-12245.963744681494,4252.257610264457,824.1794117369864
12372.770425273993,0.14343585037245776,0.14574546390257828,0.04150155251749332,0.01916980324929363,72.11622613621398,-13351.39310252027,1861.1133111578358,667.760868280367
12374.635440046397,0.14327617812037496,0.14578352415580453,0.04150744523037715,0.019169499098891513,72.29877665419376,-13916.851621702133,-607.3690779006838,484.14950774309335
12375.458059363109,0.1432021770637506,0.14579022423020868,0.04153799696229298,0.01917345657530377,72.47103003570754,-13970.838001067495,-3055.0044244760593,282.53233015125716
12376.082498569807,0.1431431614412426,0.14580461916384702,0.0415793453066149,0.01918611972079661,72.63563688909848,-13549.493034967378,-5399.723632713798,71.03941011054434
12376.468882813819,0.14310015367030304,0.1458197379126437,0.0416097542930403,0.01920114193916357,72.79493129158783,-12693.33651142331,-7571.875564918685,-142.97490675254477
12376.913728199197,0.1430510774295556,0.1458186046869776,0.04163662780682936,0.01922017779704179,72.95101910011465,-11445.738189051257,-9510.990475032158,-352.774788793354
12377.22981046575,0.14300821580474843,0.14581911534748088,0.041666220730595026,0.019248965738061032,73.10586709851427,-9852.64567060658,-11163.240095434054,-552.1166609829182
12377.43611562386,0.1429680575096678,0.14582149799305846,0.04168467615880353,0.01927353056759187,73.26138562671561,-7963.1077702563325,-12479.535368686558,-735.0065674042777
12377.275794407671,0.1429494704897922,0.1458446479206669,0.041701398976090986,0.01930505463018025,73.41951397093669,-5830.41436331571,-13414.209185871403,-895.5607912056374
12377.435273914312,0.14291539644775428,0.1458337638290821,0.04171175676612213,0.019335530671538804,73.58230628902662,-3513.8009805214874,-13924.373484105878,-1027.9104752167273
12377.8528852171,0.14288587885594342,0.145792392097455,0.0417160927778622,0.019362091524420397,73.75202132729899,-1080.7760833185826,-13970.006118071078,-1126.0777647351945
12378.95262562227,0.14288679824581849,0.145690741488317,0.04171568581971817,0.01939516380543004,73.9312116088488,1389.884975356651,-13515.022129047842,-1183.9967035766185
12380.437018232604,0.14300590437146038,0.1456196517100977,0.041711024049285395,0.019418525483173694,74.12280182992718,3804.489764040956,-12529.876577122412,-1195.5539840230838
12382.143146896235,0.14315711752936516,0.14557883731808985,0.0417070920568397,0.01942796851238215,74.33014478933111,6050.520648443119,-10996.864490625732,-1154.8378365379406
12384.592925786035,0.1433695848985992,0.14556731737816392,0.041698567260321354,0.019440116882499855,74.5569821779932,7993.482192634528,-8919.003217127327,-1056.8447786889765
12387.283048825127,0.14359922555803775,0.14563470112723778,0.04169414759120278,0.019444008052925427,74.80717627718712,9476.546873831623,-6333.720520245133,-898.5840913255382
12390.005440379253,0.14380524073190154,0.14578952333487272,0.0416948590332932,0.01944364926162556,75.08403073001882,10327.729783706767,-3331.979239584731,-680.9114811254129
12392.968587177198,0.14397491646977242,0.14602467602706454,0.04170107256906895,0.01944255623243549,75.38897119462604,10381.580755780293,-78.98692209386135,-411.14700910472186
12395.577790958449,0.144040548552552,0.14633102940348952,0.041700318933883776,0.019442314805417832,75.71963734047551,9521.185130228352,3175.253433714036,-105.6332125634639
12398.400385727215,0.1440262590158271,0.14667448768264252,0.0416954424004192,0.019439483937440376,76.0682598143407,7734.481133133508,6116.152629580853,209.7666867939492
12400.690960610547,0.14396027016634644,0.14693329351178647,0.04167451629714821,0.01941553708781712,76.42204798096081,5155.462605862575,8429.164365209273,503.4346687118192
12402.7004895215,0.14388202307944917,0.14712546237061833,0.0416695097989061,0.019402475388104967,76.76654757662753,2050.5817596691936,9887.339072104014,746.0045819917428
12404.419471156998,0.14377455000387965,0.1472741782579628,0.0416693532149522,0.0193982698458501,77.09018120372716,-1254.099229394808,10407.968635433352,917.9807047919797
12406.084752252003,0.14363587695552055,0.14739465303684637,0.04167055709259872,0.01939377733049836,77.38682251789287,-4458.659239436073,10045.436127492178,1012.2768176727628
12407.649058484882,0.1435050740049753,0.14748395503313982,0.041672070865764986,0.019391215316510495,77.65542123094524,-7340.164515304927,8940.446616203519,1031.9834193506456
12409.384525475924,0.14338794232147245,0.147574151093071,0.04166762375380225,0.019395361922123617,77.89813165829719,-9760.52080312047,7265.924986825988,986.208562500383
12411.286464482304,0.14324936197914523,0.14765629173486056,0.041665828440920934,0.01939635811748199,78.1185269950703,-11650.237794761268,5191.47443219144,886.430907456379
12412.967992778116,0.14312074504372957,0.14771720753750106,0.0416627881845867,0.01939732346981916,78.32048046786417,-12986.919566904331,2867.280839663689,744.3128094695531
12414.859769510469,0.142964410621869,0.14776591436705314,0.04166785943691421,0.019396665080620178,78.50763011513469,-13777.49712614324,420.1755334652526,570.6961870406658
12415.524325267645,0.14290976997697297,0.14778878933028533,0.04168020852839735,0.019397348872200078,78.68319553031986,-14046.003371113935,-2044.511705152011,375.27224361360146
12415.988180986405,0.14286779333839353,0.14780053762005546,0.041703566291434506,0.019402746263045587,78.84997390761907,-13826.037081238585,-4439.246660108606,166.61384111379596
12416.620449753096,0.14280521900511753,0.1478113026745107,0.041732105103455173,0.019414498577860678,79.01041297798189,-13156.511295145297,-6690.477402243256,-47.66224468014485
12416.686085995929,0.14278587445544608,0.14783901153499837,0.041758252862165335,0.019430486335727446,79.16668804722303,-12079.535688567119,-8735.06912873933,-260.65286636312686
12417.189994924773,0.1427269246221589,0.14783575956256484,0.041781136141746486,0.01944990802532336,79.32079491257888,-10639.617822013977,-10517.532868706749,-465.9794920547539
12417.27236529371,0.1426960188673808,0.14785072468936844,0.04180255850282278,0.019474667012640424,79.47463535249366,-8883.85713665344,-11987.858619459237,-657.6245845680568
12417.327812793555,0.14266210850745292,0.14786140103097223,0.04181875902402189,0.019500570477166683,79.63009678107086,-6862.8238197442015,-13099.925970894426,-829.7539489273446
12417.243607514542,0.14263760072001327,0.1478752672207682,0.0418288913186612,0.019524402014305175,79.78913839875088,-4631.954682273413,-13810.569706162052,-976.570280926926
12417.11557170633,0.14261025518232257,0.1478871112557543,0.04183444521896198,0.01954704534689173,79.95387508697874,-2253.569732079867,-14079.258103682307,-1092.2234916693508
12417.543123526366,0.14259935478128402,0.14784571762330528,0.041836499529513085,0.019575501029249893,80.12666902536111,200.56668214609954,-13868.62460704782,-1170.779650391781
12419.147250958467,0.14267542938368497,0.14773036255552102,0.041834366487748,0.019595673817706306,80.31021832590353,2646.0330710597436,-13146.1564734687,-1206.198010360345
12420.562630702037,0.14281189990092025,0.14769274704315366,0.041830541614603284,0.01960827818219405,80.50762614589638,4981.862997366924,-11887.911273639236,-1192.4721134547544
12422.719367477348,0.14299604384613762,0.14765504359144463,0.04182747387107522,0.01961391944369278,80.7224220098064,7086.899676615323,-10085.23829650203,-1124.082907920796
12425.341426533696,0.1432171517139966,0.14766639379554233,0.041828808278030434,0.019612453115009112,80.95844593618797,8817.641966299421,-7755.570690665335,-996.8112300464207
12428.333966088947,0.14345493150620042,0.14775797529822468,0.04183908180190977,0.019605497739411,81.21942576572866,10010.53614328762,-4958.502897524164,-809.1689863151862
12430.880056273818,0.14362567674408272,0.1479580807381777,0.04185081301586356,0.01960156538834432,81.50803468184978,10494.687233120967,-1816.2688436126243,-564.6551924043422
12434.004637397291,0.14376913957018495,0.14823472331871337,0.0418597961521739,0.019601309336147923,81.82427538892684,10122.177428520277,1468.3022625800027,-274.47660165637694
12436.206585209022,0.14377685650570754,0.14852940605286052,0.041866885529013256,0.019603414309378953,82.16352391473505,8818.16620693411,4612.448750159447,40.57210431527338
12437.73135630905,0.14367220966792993,0.14880115691984439,0.04185022897737196,0.01959032315679394,82.51555975793046,6634.870580716988,7293.241935342938,351.23914610539543
12438.079371400823,0.14356442905031563,0.14890758575964874,0.04183442648108506,0.019564871610992275,82.8662974833223,3771.821412214103,9227.497408753828,625.7984883112723
12440.188901003146,0.1434741703120807,0.14909415435612275,0.04183284062203138,0.01955741009603871,83.20206271311416,532.6446852490693,10251.768971106869,838.6753913638292
12442.156954712997,0.1433617352169255,0.14924655185271246,0.04183336699611677,0.01955234960798838,83.51357258145701,-2760.5112492552275,10350.718999668048,976.0410519643173
12443.72900827289,0.14323680360390528,0.14934834201490196,0.04183415999296246,0.019550358333921533,83.79711808777738,-5840.2888464851285,9625.490916940105,1035.9170333316147
12445.148364263978,0.14312091106174948,0.14942143334602861,0.04183428297697943,0.01955010581315826,84.05330395117875,-8524.177017838723,8237.172710222434,1024.6744811249027
12447.01411752351,0.14298084659492252,0.14950475461761592,0.041836324160328744,0.019548484941388188,84.28508681059223,-10708.658756038703,6360.020980066732,952.8678232728981
12448.948223766965,0.1428390318811853,0.14958297579723073,0.04183800301360985,0.019547670509993738,84.4962639916888,-12348.82816711273,4155.510837265668,832.2730454254772
12450.821794327676,0.14268542930135722,0.1496344166014663,0.041830567046472374,0.01954936252044488,84.69063517396796,-13437.961516461903,1762.7453095051853,674.3180626720401
12452.485112156932,0.14254511722014795,0.14967022967020213,0.041840351598439705,0.019548944817979585,84.87165199455349,-13992.289892437148,-702.207747604961,489.3514450063122
12453.160029141382,0.14248742684694624,0.14969116649912434,0.0418488869993899,0.01955008807089653,85.04233202432766,-14041.109930330962,-3143.234056335965,286.5395200067038
12453.743356599758,0.1424331270330722,0.14969729783618932,0.04186997421534598,0.01955663478183409,85.20529429003327,-13620.871344976955,-5480.272239695208,73.99712292188843
12453.695880855421,0.1424278617913165,0.1497308053214004,0.04189310607992908,0.019568129518694338,85.36283934440164,-12772.045179053619,-7645.562151546325,-141.04416848412907
12453.827358900515,0.1423999529478093,0.1497541878727355,0.04191062047643182,0.019580548193052244,85.5170357516658,-11537.666372710893,-9580.477166861634,-351.97300647873163
12453.672511161383,0.14239017424559444,0.14978664546910928,0.04193154530972298,0.019600845026231353,85.66980873657712,-9962.989435829219,-11233.004056643746,-552.6524421798025
12453.313379082652,0.14238075338268352,0.1498346793270938,0.04194261532554821,0.019615465485268876,85.82301912763984,-8096.008290697046,-12555.827672527117,-737.2151098776746
12453.02840864755,0.1423600858609913,0.149871563641463,0.041951646350012285,0.019632236736522892,85.97854952007843,-5988.496072975312,-13505.059427336504,-899.914454150842
12452.705516755112,0.1423360567861801,0.14990529827701515,0.04195759654161928,0.019649239163869812,86.13838397337805,-3697.6258749679696,-14039.488670196855,-1035.0370729613303
12452.500199423424,0.1423088127641185,0.14992168866980815,0.0419619116352886,0.019673822545222597,86.30469373816699,-1288.1689276822178,-14120.556019729316,-1136.8063364593324
12453.052617018806,0.1422979551687205,0.14986715361698455,0.04196198038407864,0.019692747547270552,86.47992690153123,1164.765638078242,-13713.26815558199,-1199.3235310722355
12454.408939716554,0.14239117807969962,0.14979078768606394,0.04195886147266708,0.019710199128087323,86.66689585146345,3572.303821219655,-12788.41207849861,-1216.6106034637883
12455.775908223215,0.1425382435374395,0.1497810153722004,0.041958581102253215,0.019710979910311104,86.86883284841606,5827.935294646826,-11327.126089984924,-1182.8308654883901
12457.966405794597,0.1427438894339864,0.14978936919745656,0.041962644384428836,0.019704857880873006,87.08938700600193,7804.219833010883,-9328.818065189325,-1092.8344950882338
12460.560751521174,0.14297044042080229,0.14985502523952443,0.041979941617668104,0.019688550481601362,87.33242960941317,9351.705940367578,-6823.52755623211,-943.1734258347877
12463.655607293997,0.14320296998760446,0.1499664283827285,0.041988199845595854,0.019684028344428735,87.60149666186065,10303.946010930387,-3889.5923165772833,-733.8584301534562
12466.425718316461,0.1433686992082367,0.15017960589172474,0.04199987500935286,0.019681399977799795,87.8986210169814,10495.082089042111,-674.2414145853476,-470.76470530522454
12469.565527582132,0.14348255465198703,0.15047927003627887,0.04201141351272222,0.01968236704377257,88.22253221745407,9796.705714063359,2592.4541671952725,-168.18137323142426
12472.17965335899,0.14347788304439132,0.15080117441725083,0.042013044520947604,0.019682922806388416,88.56682060989307,8171.948849067295,5609.152037998405,149.94218440165986
12473.459930904106,0.1433591424884458,0.151033003382258,0.042001740240465595,0.019671524923534103,88.91966893772786,5722.91701847094,8057.672798975689,452.68933701977517
12474.51092905383,0.143258196132387,0.15117361582606906,0.0419935993948332,0.019654000304404208,89.26656795872995,2691.3320765428803,9688.810182924306,709.4703221985263
12476.315529848514,0.14314866848558666,0.15133356631465394,0.0419923081196366,0.019641147616951574,89.5948925017939,-603.5384406071826,10389.63461910916,898.2082165468219
12477.64864545522,0.14300944420659628,0.15143638226048986,0.04199210070347094,0.019641904664054518,89.89714867354321,-3852.224740306204,10190.000052493251,1009.2982030216623
12479.281600306442,0.14288422138647688,0.15153453576413026,0.04198972268302795,0.019646101940020057,90.171216818689,-6815.334077528415,9217.864502005415,1044.1446220330618
12481.120001824549,0.14275155102451795,0.1516278068704993,0.04199258972909507,0.019643014131183762,90.41866538637073,-9339.409921760667,7643.170628489173,1010.9942336881247
12482.921202060325,0.14262249967701396,0.15170750799266755,0.04198983971992826,0.019644729729664353,90.64285377338368,-11343.814384998164,5637.811722444068,921.133529694486
12484.790697438993,0.14248280969729618,0.15177778726388486,0.04198988702571731,0.019644673124819274,90.84764064590804,-12799.197159660565,3356.0118515370546,786.3992280384023
12486.4014316398,0.1423484344259199,0.15181552164623832,0.04199609374455213,0.019643630041901766,91.03673411099916,-13708.515829173417,928.524735569398,617.8870258271768
12486.489127834328,0.14234496097651234,0.15182920544337497,0.04200909467198842,0.019643873667386163,91.21344020352589,-14093.663480066669,-1536.1913187676023,425.5554958805878
12486.899456838646,0.14231000808212213,0.15185140823343848,0.042029070177577794,0.019647738821365304,91.38063632713546,-13987.108822355483,-3948.507480036245,218.1955869122616
12487.297705471265,0.14227016446170246,0.15187115318393124,0.04205329987498921,0.019656715657016197,91.54082808215244,-13427.012426573074,-6233.67834411346,3.5761474466156224
12487.524512585323,0.14224022283341553,0.1518897014009865,0.04206714421252873,0.019664499032187557,91.69622302598101,-12454.714320593224,-8328.103714283252,-211.3032856479165
12487.495605505474,0.142225704027691,0.15191644264446869,0.04208354806479301,0.01967739184560337,91.8488205105292,-11113.747481569388,-10176.382951100553,-420.04402337562146
12487.267655846117,0.14221472778467042,0.15195687151345064,0.042096031409514456,0.019690716399952162,92.00049793664643,-9449.814408240722,-11729.034955090303,-616.6763142659464
12486.670548288468,0.1422151644635432,0.15202289459807647,0.04210461337873558,0.019703232921445775,92.15309211163607,-7511.44064199372,-12940.795661062128,-795.4540559820101
12486.197973646424,0.1422031944369595,0.15207343630985443,0.042113606964723535,0.01972198691957535,92.30848215456139,-5351.1567558519155,-13769.482452542137,-950.7502666287527
12485.859879992946,0.14218352959410957,0.1521062808455536,0.04211764603657517,0.01973552341790615,92.46867059521303,-3027.2364719033426,-14175.4568623564,-1076.9153411461389
12485.836317579653,0.14216340293598442,0.1521053828994457,0.04211977770830339,0.01975227556350918,92.63586993693335,-606.019972528493,-14121.787417280928,-1168.2007996860552
12486.649647038344,0.1421631662304356,0.15202929285044325,0.04211905573592728,0.019768366284470578,92.8125912970263,1835.21714705781,-13575.434008351425,-1218.7658008825256
12487.940076271077,0.14228615640858788,0.15198466537794886,0.04211996761635947,0.019764532629732146,93.0017233720806,4204.711642085891,-12509.832376976003,-1222.6825658072498
12489.949488177652,0.1424669982027748,0.1519462609176376,0.04212714665572379,0.019748724766800126,93.20659314648479,6392.467340728095,-10910.103904133064,-1174.2511621900735
12492.215947526929,0.1426693464389055,0.15195535382759467,0.0421345632971898,0.01973878273994489,93.43092713349047,8267.260456504724,-8781.851150147557,-1068.7239666148798
12494.901571642711,0.14289629160249706,0.15203603856731748,0.04215068788304385,0.01972532581322475,93.67859356498218,9676.40934007237,-6164.49123637382,-903.3722415612519
12498.077561216507,0.14312567048548253,0.15217542709657128,0.04215682599557972,0.019722459600556186,93.95294796249911,10452.936843651474,-3149.8015499989356,-679.3581284405834
12501.136230290349,0.14329387326059465,0.15241155578489618,0.04216875687277477,0.019720632374285344,94.25551697852623,10436.784321543868,97.8638135911623,-404.26246299988003
12504.215362108856,0.14338444518842727,0.15271624835095737,0.042182185950049814,0.019722794294966612,94.58409245797593,9515.947729284646,3331.3545137707683,-94.51947702715977
12506.405958906533,0.14333068757864206,0.1530325853977508,0.04218784342458196,0.019725745333694995,94.9310495493343,7681.783765031632,6240.571219605314,223.98045797744268
12506.935172699412,0.1432281545882318,0.15316809531325856,0.04217585686144841,0.01971158761885767,95.28363441546034,5069.67761138027,8516.145535565302,519.6148684376262
12506.58194689497,0.1430914353314857,0.15321672196389216,0.04216933144840973,0.019694070444230685,95.6272791274058,1945.5122132810536,9935.995942066656,763.0112686644762
12508.481142418987,0.14296597675790282,0.15337921261800375,0.04216920748337827,0.019689355398411882,95.95022819093072,-1366.7957085201874,10421.386311898625,934.7704875673844
12510.032899333024,0.14284172753676405,0.15348889847204894,0.04216727075392452,0.019695835665242207,96.2461871854181,-4570.335563269732,10029.61787609757,1028.1032579110959
12511.760589391439,0.14269282482757956,0.15358426953698956,0.042167234632838405,0.01969577552105947,96.51398521690635,-7445.528143561021,8903.027624763658,1046.3894903459714
12513.676956032226,0.14256340815676444,0.1536811250249694,0.04217315946143873,0.019690162131764274,96.75572309242288,-9857.64176655864,7214.918046949912,998.9128305839382
12515.465130027074,0.1424348797578793,0.15375727841134473,0.04217238332899825,0.019690556209754257,96.97495755200005,-11740.159560194956,5134.308365747708,897.3364197277912
12517.409416693426,0.14228714902661885,0.15382585656521763,0.04216493283349154,0.019692923974412524,97.17555874886764,-13073.083196377736,2810.041585697601,753.4967389093578
12517.93055673981,0.14225055687432103,0.1538503853099769,0.042160692263910886,0.019693407323510752,97.36115794863896,-13865.102516985602,367.2372041879145,578.3204410387816
12518.350808930123,0.14221746036423172,0.15386840735523277,0.04216484228513999,0.019693637768063876,97.53496809849862,-14141.421532815075,-2090.792721861038,381.50240046932623
12518.661785105829,0.1421906276262063,0.15389387210522204,0.042179409833289994,0.01969701793657675,97.699780739808,-13936.300400750499,-4478.777973332901,171.5544659637089
12518.96662677202,0.14215763113026567,0.15391760101518562,0.042191770397977155,0.019702089197446353,97.8580224388954,-13288.817923099536,-6725.421779845888,-43.97530346417965
12518.744477505004,0.142166322237744,0.15395100083106364,0.04220306114851298,0.019708937679081936,98.01183798815244,-12240.752991740013,-8769.875838245716,-258.2871011652984
12518.878438854279,0.14213429495434043,0.1539729277898583,0.0422131192220213,0.01971736882544625,98.1631825389772,-10835.84046304092,-10558.980021420377,-465.15616387730006
12518.333364399954,0.1421404107085769,0.15403697755892107,0.042223606915411216,0.01972927292025976,98.31390270506253,-9119.921736293787,-12045.068517390495,-658.7444706407999
12517.878587581372,0.1421304418338364,0.15409135890277698,0.04223031863630161,0.01973971356079029,98.4658165212354,-7141.679820341818,-13184.362040112,-833.4212631103914
12517.499205661457,0.14211265372687867,0.1541330145172564,0.04223603985814657,0.019752590555365455,98.62079849631212,-4953.893812866863,-13935.987104302738,-983.6358126888034
12517.430030244626,0.14209098402837134,0.15414005399501757,0.04223914836694672,0.019764224127241273,98.78085776248105,-2615.271804638852,-14261.49621300261,-1103.809805432748
12517.456947516877,0.1420732485849658,0.15413416013037182,0.042240193206367474,0.019774849374096924,98.94822364927853,-192.82958888885113,-14125.17530934436,-1188.258709861542
12518.829057834755,0.1421213255225133,0.15402637551973594,0.04223963338046715,0.019782500432197002,99.12543791290979,2235.2137139907486,-13495.334100233293,-1231.1906590872634
12520.791986360868,0.14226730222712802,0.1539338325920881,0.04224175065771717,0.01977457081195056,99.31543466139291,4575.875510226958,-12347.202479474083,-1226.7755720598848
12522.880709636625,0.14245603404682677,0.15390240665406513,0.04224847404869008,0.019760917575406246,99.52158533816568,6717.629555091358,-10668.467589658527,-1169.49014100602
12525.215077978512,0.1426606866808912,0.15391601926113385,0.042259023464455155,0.019747684224490088,99.74764811770595,8527.674373489464,-8468.417395504322,-1054.8328414194416
12527.551297971435,0.14286031118557532,0.154017040024063,0.04227553600799832,0.01973484343910216,99.99748409936213,9852.314770267169,-5791.839675365356,-880.4905831413255
12530.346295291301,0.14305778675109043,0.15418705719180245,0.04229519933315611,0.019726549177977865,100.27433855967755,10525.264715683552,-2737.8969454775,-648.2660349728711
12533.186289927546,0.14319987275810878,0.15443880352543066,0.042310760961389006,0.019724802601008954,100.57945796787764,10390.837164869234,520.1450656855452,-366.6980903288235
12535.63345385681,0.14323496404978006,0.1547458359676781,0.04232132643627546,0.01972692500405345,100.91013003611458,9347.11476621735,3726.992299969957,-53.43364699790692
12538.083944745216,0.1431777577020265,0.15507758216497716,0.04232831146875943,0.019731009855018414,101.25811440520935,7401.251983091262,6569.762480208412,264.6828263409764
12537.035617295143,0.1430117138531683,0.15513037755506415,0.04231684073296688,0.019716185381216247,101.61022069656484,4705.832084493656,8745.899625578333,555.8470043919552
12538.487401343937,0.14290543485831228,0.15528701405652595,0.04231403816341395,0.019707441270622093,101.95192666052304,1537.7305163447716,10049.112866267607,791.5523054826003
12540.132289522153,0.1427776437284891,0.15542805344746566,0.04231415879074401,0.019697371208861073,102.27194820749673,-1778.6191152245067,10418.847599449658,953.8757794127177
12541.982908821488,0.14264162022647353,0.15555419399240542,0.04231430178977623,0.019696750556187057,102.56456882134314,-4954.05713464678,9926.012866801235,1037.4422920077263
12543.865073736368,0.14250820083140628,0.1556603264130293,0.042317859075744264,0.019691416555375183,102.82906400274899,-7779.908001723381,8719.627467546146,1046.6669707337414
12545.843529041651,0.14237754632700253,0.15575952622158654,0.042321129557897824,0.019688466530699986,103.06777203379669,-10131.309643977811,6974.146365101675,991.4073983238635
12547.80416333686,0.14223596062958516,0.15584066878539948,0.04232025586316302,0.01968888777125999,103.28433381928612,-11949.076816988056,4856.6575739391,883.5229400481959
12549.524738293401,0.14210581336705083,0.15590073641182767,0.04231781071254822,0.019689576165011862,103.48261781192927,-13218.078431168407,2512.959254891506,734.8033440315631
12549.617214103018,0.142105021666709,0.15591644001407615,0.04231673435974898,0.019689656804071316,103.66621585938152,-13949.998925795517,65.00704538452361,556.0544569597888
12549.680939070538,0.14210544413535048,0.15594042131863867,0.042320330754169834,0.019689931068588132,103.83829272700805,-14171.79324427616,-2386.785661969958,356.8415990292939
12549.744690735972,0.14210021567224101,0.15595914668775865,0.0423315080506035,0.0196927513102737,104.00159449495413,-13918.648252501362,-4759.650458556818,145.54384461481436
12549.727804998014,0.14209506856441198,0.15599316757590095,0.042342503150761004,0.01969749418296266,104.15850776929479,-13230.079443854134,-6984.378147868245,-70.42687417390229
12549.739644422645,0.14208319167728764,0.1560167714615489,0.04234685468250627,0.01970022761471518,104.31114557001224,-12148.012348323202,-9001.891983127245,-284.38675518768775
12549.491897957801,0.1420788268126665,0.1560617291938031,0.04235993175038383,0.019711545621222706,104.46143516450836,-10716.154283746328,-10760.490239895887,-490.2334712112923
12549.163467924162,0.1420765780703585,0.156104632271354,0.04236991914448983,0.019723221030397815,104.61120030820824,-8980.197223856178,-12213.742528434863,-682.2439049868523
12548.63532680184,0.14207023762585383,0.15616428306311925,0.0423753793480882,0.019731973504560782,104.76224267755158,-6988.605177269753,-13318.977356798969,-854.8633883007336
12548.082577330064,0.14207157942514098,0.1562176315228704,0.04238012380760622,0.019743029570644624,104.91642070278607,-4793.930730308466,-14036.27684730908,-1002.6164501472034
12547.562543532971,0.1420462529446591,0.1562658688160237,0.042384182042683,0.01975900579138536,105.07573159619837,-2454.623043572477,-14328.108609930325,-1120.017802025105
12547.410668534332,0.14203386184412872,0.1562770188525096,0.04238383896400746,0.019754832513947357,105.2423943639978,-37.3695324268421,-14159.637459990825,-1201.4302293343678
12548.716007871197,0.14204974221069355,0.15616041643672415,0.042384309578774815,0.01974956647096418,105.4189496161279,2380.041953966162,-13500.052582592773,-1241.1040526033585
12550.545896914791,0.1421969597675088,0.15608440027198453,0.04238749780615054,0.019738055805454905,105.60832977074385,4705.102060912617,-12325.410635841785,-1233.3221676003345
12552.633827329486,0.14238355727844318,0.15605310963906904,0.04239781801120409,0.01971756393273668,105.81390816997566,6826.859047244067,-10624.176932667371,-1172.6657660252458
12554.8397635717,0.14258321720777636,0.15608242082670382,0.04241022279896769,0.01970227976909144,106.0394536171205,8613.24430180185,-8406.447881882605,-1054.7462795080494
12557.108506147204,0.14277506728584827,0.15618188971898359,0.042425552053835296,0.019690566333920162,106.28884439112464,9911.489359742529,-5717.772247231675,-877.4044157718652
12560.470080184672,0.14300851632696993,0.156346490628349,0.042443363159761396,0.019683217355285037,106.5653520183348,10556.48653508925,-2657.9430893740964,-642.6018963631052
12563.815725610504,0.14318093001974236,0.15660122671420285,0.04245223493409619,0.01968225930769781,106.87024810380905,10393.978522295238,599.3321065082931,-359.0541653564802
12566.688846797593,0.14323796275968928,0.15691848955122353,0.04247032468919524,0.019686136084726826,107.2008215777551,9323.796454635689,3798.6108823781206,-44.540176239847085
12568.893900674053,0.14317181792430858,0.15723162305510083,0.04247708878788281,0.01969015707336251,107.54879006116172,7355.155689335207,6627.461404236352,273.9827630524004
12567.762984449098,0.14300894198610029,0.15727408818697966,0.04246485696385199,0.019674125743108915,107.9008788364273,4642.664662556441,8784.744200236548,564.6418300783806
12569.7329848066,0.14292767210397445,0.15745324057481308,0.04246147387921402,0.019663354277440183,108.2424823784484,1464.4896932652455,10066.597769953092,799.0411971685689
12571.675386655113,0.14281136120924845,0.1576099845760034,0.04246155618822167,0.019658829135173292,108.562268245566,-1854.8989892584111,10415.29286890001,959.5302179431711
12573.530029091855,0.1426777436525365,0.15773524172870929,0.042460904533493035,0.019660574253930124,108.85451390678023,-5027.525410143556,9904.114533099371,1041.0427249056183
12575.456211349827,0.1425489101811682,0.1578446541469855,0.04246027441207174,0.01966137009900258,109.11852060769873,-7846.616362090104,8683.522459220696,1048.2550457195293
12577.354573662227,0.14240795117135766,0.15793175702424167,0.04246349650831014,0.019658495380953486,109.35665710911826,-10189.296224220061,6928.420745187514,991.1927262867441
12579.227067681304,0.14227728173228887,0.15801182350383663,0.04246644884737981,0.019656875135916307,109.57258957241031,-11998.08953384696,4805.654752934837,881.7789917577268
12579.82159596019,0.14223108021876188,0.1580311167596547,0.04246224919638514,0.019658058662414553,109.7701972384986,-13259.14733948025,2460.4279571707007,731.851177410212
12579.62632953515,0.14225598403816217,0.15804396615041139,0.04246548274793177,0.019657734523479194,109.95307854691653,-13985.045003899124,13.839765794617211,552.2132341212632
12579.813840889947,0.14224359299849704,0.1580613999961537,0.04247144953860082,0.01965822058601139,110.12440618246181,-14203.305342578138,-2434.699716517176,352.38478434903305
12580.003219639413,0.14222727424539752,0.15808564506436537,0.04248933805788164,0.01966279075820693,110.28692487770454,-13949.404827489603,-4803.377323858569,140.69220375869165
12579.846992402116,0.1422344239806025,0.15812464033539597,0.042500969522776835,0.019667832792868236,110.44301305882965,-13262.94405536139,-7023.862991226214,-75.50082689633093
12579.57481657513,0.1422418449266908,0.15817134130124993,0.042498729700891205,0.019666406399836057,110.59477195794008,-12185.75951364646,-9037.919412942525,-289.53491449001257
12579.192207759355,0.14224697922115626,0.15822540636549787,0.042509493713962246,0.019675720217749965,110.74411639244705,-10761.301403910345,-10794.667437866421,-495.3659114195458
12578.874507931872,0.1422387270978841,0.1582721134944093,0.04251499062707107,0.019682127541740663,110.89285602171579,-9034.828483722158,-12248.478069807894,-687.3472333082227
12578.201932242022,0.14224566660474736,0.15834072686166142,0.04252040936745005,0.019690773797755527,111.04277409289469,-7054.21351250018,-13357.419283887964,-860.0083573817096
12577.570023709188,0.1422314815348973,0.15840551185198207,0.042519872145449125,0.019689506115433558,111.19570495715226,-4871.229818086167,-14082.28848789639,-1007.9430495219601
12576.931398150835,0.14221934461864771,0.15846455387675165,0.042520217790469536,0.01969080078960968,111.35361828049089,-2543.29280818475,-14386.17498994421,-1125.719381587186
12576.729013339193,0.1422039296777245,0.15847980722838412,0.04252024660502222,0.019690970898249695,111.51870211307966,-135.7468397508685,-14234.705805556057,-1207.832472915238
12577.226515678258,0.14219422373551097,0.15842822146854557,0.04252028343577994,0.019690703499670552,111.69345485653108,2275.2835422680614,-13597.346686434355,-1248.671643595269
12578.868222019624,0.1423463175122651,0.15837436511937322,0.0425251084219929,0.019672551671067434,111.88076579827691,4599.410786591048,-12449.95569316501,-1242.5636410436528
12580.812866664539,0.1425154001215632,0.15833800881357382,0.042533779782023884,0.019654813725777345,112.08397850042354,6728.302689746359,-10780.09061194532,-1184.1227358152773
12583.392949829182,0.14273791993666998,0.15834706250854996,0.042550113872775436,0.019634067340703186,112.30684835583772,8532.772895222031,-8595.78397023038,-1068.9165990218114
12586.319661146581,0.14297152189345858,0.1584131366000331,0.04256776927105772,0.0196200837464256,112.55329873483004,9862.717326906619,-5938.793205628837,-894.5824018332497
12589.332009574397,0.14318304751845065,0.1585732337999398,0.042585708721823504,0.01961225788059839,112.82674491600538,10554.39723665977,-2903.1108140405927,-662.7099416782062
12592.432535753793,0.14334603607826182,0.15880576873902014,0.04260496909389494,0.01960981723184936,113.12876675761115,10451.924429602932,345.1077073443172,-381.3529219839742
12595.941377456578,0.1434537369104738,0.1591165419407934,0.04261595242057424,0.019611832020307238,113.45714737655516,9448.65962460396,3557.848350501886,-67.51744727386615
12598.13024380663,0.14338297871508585,0.15944063542430734,0.042625819321461665,0.019617424469210717,113.8041275441815,7542.408537095829,6425.96986443995,252.45505773813767
12598.56980773217,0.14327028995939714,0.15957210205613942,0.042622448307485114,0.019613051466443047,114.15670127122428,4875.1998444470355,8644.087262408153,546.8330021316802
12597.07280578836,0.14310629858091342,0.15955134439882918,0.042621316794003924,0.01960957578871555,114.50003597502902,1717.649733401661,9997.430372238743,786.5738660514526
12598.99919507374,0.14298784608568124,0.1597093275225586,0.04262128182690986,0.01960247866821839,114.82223635843809,-1605.6445885208423,10416.224101202592,952.9521600673393
12600.770028451114,0.14284171824019154,0.15983079824384028,0.042620631929509184,0.019604354429087523,115.11702535084612,-4801.274462023378,9965.539849015879,1040.0159022334026
12602.6102434406,0.1427042717000709,0.15993331401646546,0.04261882164754052,0.019606963898551585,115.38332582452063,-7655.506786662887,8792.523622734205,1051.9716586626187
12604.282111023178,0.1425721825913031,0.1600071105587885,0.04262322214275496,0.019602927148406918,115.62333601410108,-10039.80390878911,7072.186125822529,998.6959533622007
12606.29275609103,0.14243470845476836,0.16009514827606056,0.042623701547010645,0.019602610724933165,115.84068999660238,-11893.007441149683,4972.933098563197,892.1613076073377
12606.148013334274,0.14244976256001055,0.1600951310642179,0.04262985923090024,0.01960069236974857,116.03929331956479,-13199.17590168561,2641.810411883041,744.304565288264
12605.883277363699,0.14248002109637237,0.16010512467528357,0.042626303107288654,0.019601047028027844,116.22279589488804,-13969.813387970315,201.43436687596997,566.064766465073
12605.871610362838,0.14248739769084007,0.16012763993577026,0.04262712603650918,0.019601087548577898,116.39442099794827,-14231.94956415975,-2247.7515657624776,367.1010904750799
12606.196202210147,0.14245920694192346,0.1601463359817738,0.04263366135905114,0.01960265710932208,116.55695391246859,-14020.804668608487,-4623.294002346728,155.81724384920278
12606.155144664108,0.1424575702570992,0.16017835377843045,0.04263592265161986,0.019603592382285765,116.71280211356495,-13375.771981734428,-6856.570597973539,-60.37902591015323
12605.842800949484,0.14246899439727864,0.16022764734285086,0.042642703628607344,0.019607738586728762,116.86408211020171,-12338.456116789217,-8889.281153019465,-274.87302693709836
12605.273181963523,0.1424887530354122,0.160293741427799,0.04264170359965254,0.019606885786472947,117.01271130739134,-10951.950292742344,-10670.681898349723,-481.6257309748391
12604.625160806136,0.1425002249338182,0.1603666772007686,0.04264965349980127,0.01961588058357028,117.16049313235256,-9260.965687973969,-12155.425248960295,-675.0129330831581
12604.110267517402,0.14249517622365224,0.1604253966356082,0.04265189493275328,0.019619322783116226,117.3091948934776,-7312.545645867074,-13301.977789652381,-849.6474409756777
12603.384732547976,0.14249144109630726,0.16049752989048313,0.042655682584662215,0.019627662760616116,117.46062572446554,-5157.308135351421,-14071.53821869046,-1000.2155534464747
12602.665720496474,0.1424699843064572,0.16056504543042532,0.04265933134421764,0.019640716037955613,117.61671416083394,-2851.1418182827806,-14427.539670559241,-1121.4148228329598
12602.419943383458,0.14243949169296116,0.16058183638395548,0.04265923252911308,0.019639725747588318,117.77959465989733,-457.34042707469473,-14335.808373630172,-1207.808942270049
12602.975127684444,0.14244863029577234,0.16053323696280733,0.042660487030108565,0.01961706256464608,117.95169906754899,1950.6461683586558,-13765.555076362038,-1253.7867451310792
12604.65213884078,0.14259943247599174,0.16047057627071337,0.04266658003660114,0.019591394876091576,118.13584569638134,4285.816416258585,-12691.689833184633,-1253.7157589438925
12606.591878034924,0.14277062830958498,0.1604320338783929,0.04267776795951144,0.019566642763215198,118.3353024831168,6443.937460519761,-11099.635913240563,-1202.2378436586584
12608.841352777563,0.1429739427127035,0.1604486290040083,0.04269403733884457,0.019544468987275552,118.5537755519113,8300.378954615204,-8993.305838509003,-1094.7878208205068
12611.315203903197,0.14318433747241993,0.16053356120026752,0.0427098653972988,0.019530908956871994,118.79521802913158,9709.259695615994,-6407.403590824918,-928.6281962692309
12614.397726997262,0.14340592164322793,0.16067710066239757,0.042728692520139354,0.019521696902543115,119.06325698362384,10508.960271762255,-3425.086489836864,-704.5592573422789
12617.585577089125,0.1435824516679861,0.1609074040502214,0.04275130085723142,0.019517705792655004,119.35998797966724,10540.409916423956,-198.2719520322659,-429.35027638490624
12620.797935231227,0.14368281855371434,0.1612087949252832,0.042764649652624734,0.019519444095858908,119.68406971978781,9684.816444352462,3039.35235042134,-118.39241585204817
12623.127219558339,0.14363787370061626,0.1615294008465076,0.04278085843989737,0.0195275605670525,120.02878926481597,7918.0731913552645,5986.0388727566915,203.38424547110168
12624.79899068963,0.14352310040830887,0.16177393922933325,0.04278212099495666,0.019528673546237024,120.38183271317196,5356.534877202387,8329.449893323088,504.6070532096542
12624.407868085202,0.14338507720023952,0.1618237051482718,0.04277566986392135,0.019512927750457643,120.72820283725365,2253.2429902884046,9833.68653883792,755.0193019536814
12626.468026846105,0.143267645493639,0.16199487327979828,0.04277504781963106,0.019501843001029015,121.05505711519817,-1069.0998407514546,10403.546422736974,933.7869198744726
12628.381797795118,0.14313522591630318,0.16212899498688518,0.042777964095118796,0.019490564585643484,121.35499476917701,-4306.485557631203,10085.206208465866,1033.0036168627723
12629.988322205734,0.14300577000808345,0.162219435469904,0.042780101545771734,0.019486892275010922,121.6261305601975,-7230.40549680793,9017.214210407383,1055.6437871361106
12631.862595391693,0.14286385167535973,0.1623069213040883,0.04278851947933435,0.019478632620684777,121.87026493148237,-9699.5108984017,7373.708385982438,1011.1214044827198
12633.53386963126,0.1427356944556773,0.1623711572696959,0.04279227389344784,0.01947633216851266,122.09092261225874,-11643.768642861633,5326.03480970841,911.3967404128355
12633.801625704054,0.1427105044140478,0.1623754743326749,0.04278927895308493,0.019477315349996017,122.29204851991264,-13041.8842028392,3025.1815935402137,768.631357758373
12633.091228266469,0.14277802216486887,0.1623750223239709,0.04279089642347359,0.019477068722430973,122.47737891638985,-13902.456943571087,597.435744056548,594.0008302350275
12632.747636033311,0.14281123258575917,0.16238189795929941,0.042797570706178116,0.01947733754114285,122.65022889402843,-14251.018234580284,-1853.8324303941126,397.3432613339919
12632.298949846916,0.14285337421181127,0.16240304628966018,0.04280080689907892,0.019478015487763154,122.81346373397818,-14122.051348423067,-4244.08365915577,187.252731819084
12632.309537997651,0.1428480075545603,0.16243757501029285,0.04280572329437142,0.019479911283963633,122.9695534236872,-13554.555226006341,-6503.352654687468,-28.74193317056697
12632.052656840779,0.14285658532262924,0.16248441861237156,0.04281652056177044,0.019486132829994937,123.12065879870596,-12589.76910965201,-8572.576101344383,-243.98386293967147
12631.354514521312,0.14289015553431839,0.16255508003014701,0.04282631903650243,0.019493930561649157,123.26871826799903,-11270.31332678625,-10400.597758926462,-452.4349641774262
12630.761548681246,0.1429001724070294,0.16262461045284923,0.04283213155163993,0.019500149069317775,123.41553824306311,-9640.200334592708,-11941.981988954252,-648.4666545345805
12629.99224663178,0.1429065910118643,0.16270679376397462,0.04283729823103411,0.01950762442297043,123.56287254082999,-7745.462104998257,-13155.31771010188,-826.7170637472396
12629.257774187672,0.1428977261005525,0.1627829023884334,0.04284164376657067,0.01951647261277212,123.71249784879474,-5635.265352006442,-14002.028990682827,-981.9551786615657
12628.445600609195,0.14287948393100214,0.16286027836177097,0.0428425768923128,0.019519411662352968,123.86629249255341,-3363.473274967178,-14445.749595781152,-1108.9381913649272
12627.990392760019,0.14285063640868864,0.16289789264910862,0.0428430623148791,0.019522597234358684,124.02632169679515,-990.6834273140288,-14452.285204231737,-1202.344071877628
12628.108957582866,0.1428284731730315,0.16287851308087464,0.042843193806711415,0.019515491498410146,124.19492538724785,1413.1962343624293,-13990.395531191403,-1256.7303016231901
12629.523404093195,0.14295260427668402,0.16281797527041014,0.04284854102759106,0.019487833199286125,124.37481000634897,3765.739976997332,-13033.627408371944,-1266.522388832787
12631.206955308215,0.14310911236019253,0.16278531951013434,0.04285955673058056,0.01946006977045123,124.56912962039213,5968.333331871993,-11564.380518984623,-1226.2938325801995
12633.454632622292,0.14330593964949778,0.16277772654020894,0.042872383797542865,0.01944052754469448,124.78150198713303,7902.748839759374,-9580.91691961701,-1131.2876131419068
12635.988535257366,0.1435173592625885,0.16282468470978576,0.04289662370996645,0.019417142276757136,125.01588324527384,9429.358209796539,-7108.313340302892,-978.1964691536496
12639.255673654134,0.14375908067279514,0.16294305304824694,0.042922073174227804,0.019402537261534562,125.27612795055573,10390.271141775358,-4214.7503687625,-766.7080367337245
12642.314642882722,0.14394239674851148,0.1631415834730867,0.04294597488376807,0.019396482055944693,125.5649645661159,10623.401751703585,-1031.805719003412,-501.85144931577986
12645.377606426759,0.14405207504978848,0.16342916230836477,0.04296182576427958,0.019397282214926218,125.88223317741733,9994.656385790346,2228.842641146342,-196.66502708912827
12648.212372266997,0.14405937202078192,0.16375545855254686,0.04297491378399434,0.019402429780658308,126.22279190561667,8449.506398664542,5279.704219062763,126.18831223443534
12650.28901021747,0.14394608831759909,0.1640535353661088,0.04298338087512856,0.01940983388704757,126.57558578994637,6065.357158026456,7802.938924443308,436.30872870255615
12649.636997910624,0.14379890939980655,0.16409987733237968,0.042978101721457856,0.019399486547647584,126.92571064023984,3064.610248286014,9534.171991528347,702.1787612895762
12651.647973780216,0.1436923347665277,0.16427217415551174,0.04297518658583004,0.01937847965252742,127.25913708148383,-238.26683140423444,10339.147317515375,899.8879720578327
12653.085805386136,0.14354909677472097,0.1643831383955491,0.04297541256688146,0.01937702356248645,127.56679185209448,-3526.2514259195978,10231.923199930403,1018.3619175028477
12654.866256300846,0.14339138807126733,0.1644873790908412,0.04297269546553965,0.019382156452576,127.84545366640154,-6548.51888705184,9334.3521989824,1058.4455894112973
12656.759470734514,0.14325341834908586,0.1645814145275662,0.04298093585241668,0.019373029535539717,128.09619732253267,-9142.809664883494,7817.122797921204,1028.5083904172723
12658.638087090387,0.143113062280388,0.1646585714099082,0.04298527352968097,0.019370043089509667,128.32229850451523,-11223.91117684141,5855.292238272992,940.2881601047949
12657.935189122029,0.14316427606814316,0.1646325431302441,0.04299142299796074,0.019367560748188545,128.52770932538937,-12761.01958857793,3605.9965889507457,806.1458499060842
12657.338745496603,0.143220271141801,0.1646296097163632,0.042981019681062986,0.019369441388162788,128.71628615211668,-13757.362637340213,1201.519310252394,637.647107075168
12656.879677976796,0.14326650752736117,0.1646412054760346,0.04297735112721801,0.01936942136408602,128.8914872655379,-14235.678054267946,-1249.869478455104,445.0304932598938
12656.80379496748,0.1432763195411465,0.1646605537470389,0.04298643694165415,0.019370963483859777,129.0563048429265,-14229.064358869653,-3659.900480552529,237.13638006543874
12656.330103078695,0.14331660595963056,0.16470590991475298,0.042995455979084385,0.01937404403170198,129.21330728555614,-13775.815842525715,-5955.924044660226,21.679399435743814
12655.846412591656,0.14334749556710372,0.16476076076446694,0.04300584051959284,0.01937949641993955,129.36472375087453,-12916.717540175461,-8077.060858227884,-194.51542951976057
12655.038926479514,0.14339594178168052,0.16483126015110294,0.04301633521587966,0.019387197129307993,129.51253840819822,-11693.876709363101,-9971.07563298551,-405.3176237036592
12654.306087002786,0.14342209189551186,0.16490704579561613,0.04302002873778481,0.019390842812819883,129.6585769296092,-10150.577543661571,-11591.939449473984,-605.0619374197111
12653.18613802834,0.14345270914531727,0.16501668850320056,0.04302346806509193,0.01939540496385859,129.8045870909044,-8331.781147463089,-12897.993490363933,-788.3921907336988
12652.396536865761,0.14344989283871756,0.16509871558072708,0.04302260182105837,0.01939379412767878,129.9523166711614,-6285.058382141189,-13850.638749140591,-950.1147409333798
12651.233783975546,0.14345005994454416,0.16520887388756275,0.04302753817495331,0.019407344356532553,130.10359253064493,-4062.02597490828,-14413.517687914367,-1085.1077266113164
12650.307814267913,0.14342570777694696,0.16529175167373544,0.0430269965820475,0.019404543893354116,130.2603959225759,-1720.2381337867557,-14552.283473386628,-1188.1683009485482
12650.108673960163,0.1433951610014528,0.16530064212914627,0.0430263865231401,0.019386502020774427,130.4249608154215,674.4914268490844,-14235.095045744665,-1253.9140621129766
12651.053209507098,0.14343231850507582,0.16522947904898924,0.043029040361680586,0.01936706105253247,130.59986369043853,3045.085084595372,-13434.016768658343,-1276.8975132153187
12652.804038399236,0.14359620414706786,0.165185649621549,0.04303781486033817,0.019340287022317326,130.78810502404718,5299.584292195428,-12128.083483803352,-1251.7100681810796
12654.92323263974,0.14378377135083842,0.16516606065406086,0.04305158922645687,0.019315831931497194,130.99316639154839,7327.515223029362,-10309.193086172627,-1173.340888291872
12657.115413569445,0.1439779221342304,0.16520989068406106,0.04306772663711425,0.0192977247383722,131.21895240363784,8997.260509665472,-7991.623535452658,-1037.9271328065797
12660.069226701176,0.1442072035114772,0.16530879831903736,0.043090034381777505,0.019282276920170507,131.46948803851052,10156.857925557602,-5226.345816404239,-843.982399267169
12663.162345446584,0.14440869183189967,0.16548250316765206,0.04311431697193949,0.01927361750207902,131.74812919095788,10643.362875972985,-2120.4834994126522,-594.4444047286075
12666.597080200349,0.1445716594380082,0.16573456810507506,0.04312966232253603,0.019272796380388483,132.05603302133468,10308.033050677957,1143.068576114236,-299.3970577421176
12669.669338978769,0.14462018752667125,0.16605866914440798,0.043143140010907445,0.01927642352558526,132.39001720448312,9062.229147308983,4299.842234963482,21.69109115359776
