Episode: 584
5501723.516421495,0.20006812691185782,4.996658843357893,20.093947906512007,19.966943057511813,30.843084540815756
5503513.690022038,0.20009661194526163,4.997288234297491,20.14170655569384,19.979925401356542,50.450146582854835
5505198.234681498,0.2000902949100178,4.997695267492505,20.169398213528503,20.006307601629903,68.3943953938017
5506838.29175025,0.20006399587341359,4.99737086716417,20.187229168156247,20.036322368943598,84.59331306311014
5508528.412068207,0.20002491590292398,4.996108914591225,20.196955502987215,20.071467811308604,99.18412826041428
5510028.910038155,0.19997461428522442,4.994064990694764,20.202418167272658,20.103478356127397,112.40765476340776
5511736.643172631,0.19990446228507538,4.991831180432996,20.220151105244785,20.125881952062066,124.50824498611604
5513077.141304519,0.199792863576655,4.9959550532745745,20.271924080509518,20.09899849417807,135.74054341409988
5514339.669117613,0.19960411982834086,5.001011231284028,20.295551124991192,20.079422333745285,146.31905878400028
5515689.212656494,0.1994228621195755,5.006409393020618,20.302426842525076,20.070386950848583,156.41057484914938
5517216.030807052,0.19927023897723062,5.01189483098371,-339.68963134100414,20.072147211273258,166.15593811546694
5518763.844108807,0.19911758562059953,5.017221743267195,-339.6935141212468,20.08426051423775,175.71132169000367
5520305.318667842,0.19896236808310874,5.022218952862513,20.287864743176307,20.10589103698001,-174.78604955921622
5521595.991156818,0.19883234855880744,5.026728160256827,20.254133706110764,20.135907620041824,-165.20420506181011
5523019.1060533,0.1986979545286536,5.029614502855598,20.21333370574955,20.163412798097664,-155.40648348536848
5524509.867696699,0.19857301523629453,5.032554314547151,20.15196280730736,20.20304931561177,-145.25036939945548
5526090.756379403,0.19847762982947675,5.034722179928594,20.07654747304055,20.246013245327507,-134.57393710932504
5527611.294893656,0.19841618598078278,5.036120042609759,19.995177203139576,20.29229766881249,-123.20325258314496
5529789.097851314,0.19846333731253146,5.036567949033912,19.90041208868441,20.33219116943637,-110.91202740450912
5532309.478692954,0.19861771987574442,5.036224717421747,19.806532225220245,20.373220061802524,-97.48574440778448
5535252.961542724,0.19883257740861585,5.03512848692626,19.725786593032673,20.408591523298753,-82.67934846951768
5538380.253638675,0.1991129073476795,5.033742331403736,19.679916856319224,20.431146063195765,-66.28183386673594
5541718.756367339,0.1994374015953874,5.031416189372508,19.664850693469592,20.45161150853099,-48.18116938513586
5544937.226527711,0.19975381017399246,5.028561791740525,19.69529359124963,20.462530687567728,-28.499847381069156
5547542.199576186,0.19999125328584594,5.025170363973653,19.774436679329174,20.461220204700773,-7.706184531786721
5549500.621975375,0.20011519801652997,5.02153897709491,19.852847554514756,20.443588655483246,13.44550505677265
5551204.882796325,0.20017408531885983,5.022804764966742,19.90038134530517,20.457227642329652,34.01281692394726
5552402.415253073,0.2001660029981945,5.023764884569148,19.929977372417394,20.47946515402991,53.274067893716264
5553802.689786561,0.20015102398763274,5.024085679071196,19.948775467689405,20.506874470317854,70.85826878386403
5555328.958027512,0.20012444839381002,5.02372360312575,19.966912083331863,20.53248054826322,86.72337735746713
5556816.786147371,0.20008334123300223,5.022400318756178,19.972688628440466,20.56617127584612,101.0295811183532
5558498.808242869,0.20003126475499092,5.020646580972858,19.988093518387153,20.592033482384117,114.00908879829491
5560251.946582442,0.1999582359551675,5.020657409646226,20.028933710369135,20.59186636287453,125.91335332116061
5561457.030477606,0.19982679743324142,5.025537750655083,20.077319050253916,20.561686685876737,136.99368363373847
5562733.989433387,0.19963369233631706,5.030818735878018,20.098695916751073,20.542517570916182,147.44546221457495
5564126.065385785,0.19945515795005545,5.036299599747174,20.105921888995745,20.534370937224093,157.4312436331281
5565683.576451197,0.19930404802977555,5.041317878713532,-339.8847475849121,20.536748936302747,167.08933082122724
5567000.995105775,0.1991743718484715,5.046638874312385,-339.89092504478646,20.549550878155426,176.5763943497664
5568550.830486722,0.1990184494591714,5.0506130270902805,20.096076007697683,20.567230489174992,-173.9802031138283
5570004.046045918,0.19887722946859168,5.0546918632527085,20.059270967261117,20.59487295516028,-164.44028035015356
5571569.029058678,0.1987327973270375,5.058330925115723,20.008025448501392,20.630035782443713,-154.67872589643568
5572916.58151144,0.19862280748879882,5.0614275763018926,19.945395177491456,20.672300971562446,-144.55626349941215
5574431.456960086,0.1985165392384021,5.063662110266407,19.87231600295369,20.717188806379674,-133.91126942071375
5575875.718174569,0.19846538943540237,5.065027377000965,19.792387858773097,20.763301047312407,-122.56565697973416
5578045.205414945,0.19849482740086982,5.065381922928986,19.705350354818513,20.796627393834758,-110.29817085696527
5580758.214765295,0.1986458487355003,5.065013123584887,19.607806820134705,20.837385208758587,-96.89226367114381
5583497.691765284,0.1988643919486315,5.064010350340662,19.537097838663673,20.868888951718088,-82.1226569902534
5586693.925345853,0.19914345823196677,5.062405383756563,19.48704788738119,20.89451321570401,-65.76709006700258
5589540.448914072,0.1994424344896363,5.059981184071786,19.479423838398013,20.91548667252641,-47.737263555173705
5592764.11119061,0.19975986683412286,5.056820287447958,19.510763953766435,20.92737461688396,-28.14627883016409
5595316.398341332,0.1999917445476795,5.053021674219648,19.589958590518666,20.925877964725053,-7.465654153547123
5597368.14829771,0.20012130056826657,5.048785020621029,19.667791001363444,20.905494364354173,13.561888524819029
5599227.194588026,0.20017985197356233,5.045503990678184,19.774949561121822,20.86976667539324,33.99342322742114
5600723.7757568415,0.20018574766293556,5.04649531638922,19.808857556296047,20.892419339749207,53.14055869576412
5602357.0024234,0.200174755013322,5.04677786078004,19.837517727844382,20.915576649648326,70.63093552214384
5603989.5628229715,0.20014314731238442,5.046335440528371,19.85213112108236,20.94830623756102,86.42367423071046
5605719.29720086,0.2001093726056835,5.044957202466501,19.860848059376064,20.983999249109015,100.67076471465407
5607267.876335435,0.20006270227203113,5.043092955671394,19.870873356621196,21.01187336492949,113.6089305697656
5608721.2900267765,0.19999507145749937,5.041551840242195,19.889390447017917,21.026762153714547,125.48093687685655
5610229.252981583,0.19985971527643262,5.046422008759888,19.94631984930385,20.996027103015212,136.51575598611203
5611511.5857069325,0.19966538080583374,5.0517016258866505,19.968638418283614,20.976215752241075,146.92933614560587
5612975.334313156,0.19949687862739518,5.057190490283852,19.983243838499252,20.967353332719366,156.86803952898094
5614413.696123224,0.19936479416909134,5.062663710118152,-340.0037652163346,20.969170371745722,166.4781381977707
5615796.559478106,0.19923041659712679,5.067926671052712,-340.00714526772396,20.980961431928332,175.9121710188832
5617187.539176747,0.19909162995228982,5.072136264318068,19.974059069094928,20.998838937463237,-174.69844841641162
5618481.721303986,0.19896369451544135,5.076654994892831,19.939397914296283,21.028285384916988,-165.23285832313093
5620040.91543882,0.1988214918800351,5.079917383451464,19.89261301717918,21.058631706062716,-155.5549983396017
5621400.021150779,0.19872133480737533,5.083039252850409,19.828134051193484,21.09952880370238,-145.53057369454322
5622828.301970825,0.19862482045914073,5.085233462738519,19.759264320662947,21.14143373847114,-135.00979809986146
5624472.46775298,0.19856706426875667,5.086704927716316,19.674730219508742,21.187481028552142,-123.80968455985045
5626125.166428762,0.1986247690244901,5.087284972590654,19.587756481345206,21.232278590433005,-111.73756648431358
5628623.031999433,0.198775103290978,5.087029156630416,19.495568004687872,21.271686612206622,-98.55977028325141
5631064.474797916,0.1989825816262155,5.086021438609733,19.425638459969353,21.306838331223553,-84.06291991081642
5634206.898168517,0.19925056133104962,5.084328223331545,19.369125000408904,21.336090699132427,-68.01392216843877
5637509.210200977,0.19956654468155954,5.082079420079622,19.349531000627138,21.357314816763665,-50.304347212460755
5640756.738132091,0.1998853327380818,5.079496328402865,19.375456851076738,21.36861668436956,-31.02113171001987
5643678.537389608,0.20014927713699515,5.075690895896816,19.447092797418385,21.369484111585308,-10.572216768242034
5645603.668275002,0.2002771551537447,5.0714174566817105,19.524153561830655,21.35221652412662,10.343891946772441
5647012.067139829,0.2003027728506131,5.068010417326014,19.640006096297544,21.319370419948324,30.793554075617827
5648772.970277935,0.20033015409019855,5.068766733993434,19.684446676508262,21.334355843937157,50.07272296160427
5650293.132064579,0.20032107405231925,5.069117509200836,19.71359875632869,21.354824275324717,67.7526322223284
5651683.041747553,0.20029108120084987,5.068826383859473,19.723336726585025,21.387058957442413,83.74593491074938
5653431.540268628,0.20025985064231014,5.067617527640795,19.732810996012056,21.422721162102178,98.16907938092425
5655188.559337353,0.20021103653029482,5.065435358306845,19.74027599073131,21.458427279975915,111.24899208263345
5656957.4170534145,0.20014645844045179,5.063336467224658,19.75965702115482,21.480446776879656,123.227288022688
5658620.983009236,0.2000460558614113,5.0657441741295575,19.81094979297447,21.46379763929754,134.33592538709823
5659933.21965163,0.19986285366128928,5.070964313597091,19.840740356954733,21.441634959795802,144.79633674233804
5661294.045628838,0.1996789565995125,5.076442783650794,19.85070998074316,21.43033228327791,154.76567151797084
5662825.57002474,0.1995214125407724,5.081111968395365,-340.14148875801095,21.42981913407849,164.37978930097088
5664403.461263109,0.19936818351768346,5.086547102596732,-340.14207272922897,21.439471345124023,173.78298066747595
5665816.472223777,0.19922823925333502,5.091699719612978,19.843343840322163,21.458664962624855,-176.8909789170509
5667262.456353271,0.19908623518480179,5.096331472527218,19.810296454395584,21.485932798574275,-167.51253542033032
5668801.524729487,0.1989395087658836,5.100456231400027,19.7634188764969,21.52091511420907,-157.96041791333315
5669923.977043815,0.19884358823153203,5.103869713298922,19.70791601920981,21.561556066152892,-148.1048209746477
5671007.548750835,0.1987717770488022,5.106248681641267,19.646849052311914,21.602153350909223,-137.7967618389461
5672150.920527207,0.19871392617508554,5.107702257431561,19.583416949694556,21.640912410858217,-126.87182906247767
5674234.077595154,0.19874530540097313,5.108533020611382,19.484617315172684,21.68630707097132,-115.11514765459297
5676448.394737294,0.19885962212489197,5.108502672706956,19.396751592697452,21.72441039919482,-102.34254528825036
5679192.446751928,0.19905012274906533,5.107736268482494,19.31465916812204,21.759459302990887,-88.31715733402865
5682152.593896966,0.19930385048195548,5.106325039932105,19.25565563098972,21.78866653866374,-72.82382761114144
5685457.274715556,0.19960922412735269,5.1042773378035236,19.22420206689073,21.811810565834037,-55.702736396459066
5688726.219270185,0.19992667365371136,5.1016256421921735,19.233697346442554,21.827055686703893,-36.97016092335686
5691404.282651277,0.20018560077023517,5.098541192320073,19.290758325361253,21.831596914866815,-16.926852562457626
5693728.321403218,0.2003617493118972,5.095134200961564,19.382449328284302,21.82265584670038,3.799606949303573
5695649.043045156,0.20043733442227615,5.090982299903919,19.505840808166603,21.791354818181613,24.354572912847324
5697457.322845092,0.20047835618261797,5.092299754419642,19.547021926903856,21.811581073080287,43.965277696210265
5699220.8167544585,0.20049229672985722,5.092981202857471,19.575366371826256,21.836519342007257,62.08627765510336
5700977.33934224,0.200484982114582,5.0929686285037645,19.59412504405593,21.866733798155003,78.53393562064736
5702511.759051016,0.20044848571050095,5.092097303142382,19.601841594579206,21.901221739530747,93.38072877633998
5704261.323325908,0.20039817038224259,5.090292124737961,19.610570922510767,21.936499120552988,106.81528857572283
5705958.519365802,0.2003403079528512,5.088205034858168,19.625345090796124,21.961916894287377,119.07983640968278
5707717.866963614,0.20025719793360888,5.089888197484125,19.677938696641508,21.948330958750862,130.40213914907235
5709030.605548287,0.20007212575737865,5.094963805742938,19.71479317085687,21.922221759111313,141.01654600784352
5710316.874629723,0.19988418770772734,5.100369125703693,19.729062521484177,21.90684225758627,151.08781093229322
5711735.7704462875,0.19973399554180554,5.105914175527575,-340.25936046961095,21.902132430872566,160.75406303476188
5713196.300614702,0.19959410823757748,5.110988298070054,-340.25442316286694,21.907326899954587,170.16012552178637
5714292.486244302,0.19948734105639765,5.1157536141843645,-340.26264262409103,21.921189968465427,179.44189409888605
5715202.678136617,0.199397241822247,5.12066976165719,19.71194871846663,21.94548014581333,-171.27625819238295
5716185.421750983,0.1993064770989882,5.124921495523497,19.671810229391735,21.976498067921813,-161.87125680998503
5717232.407688793,0.19921329415459385,5.128658146493574,19.621581160917994,22.01487479622753,-152.2212561440594
5718451.758232899,0.19912280514101208,5.131069445306337,19.56616144487468,22.04977867900796,-142.18241436527106
5719221.11374107,0.1990741248783347,5.133020356894196,19.50927965106861,22.09173321590651,-131.61454595693147
5720231.058613805,0.19906082511592615,5.134120609474822,19.443207729162435,22.132892876228123,-120.3257699451978
5722200.678116772,0.19913739026304733,5.134464581921693,19.351555857523756,22.176938600750802,-108.10115154798766
5724547.792874573,0.19929495911212733,5.133977597709119,19.266084660906653,22.217284018621562,-94.7399715861532
5727326.712623736,0.19951613587330344,5.132940669565023,19.20005127113052,22.246523144178045,-80.01396576590116
5730622.494113823,0.19979997106612854,5.131384930059013,19.15462559675966,22.26951398802547,-63.72800908250014
5734049.834987702,0.20012274150803558,5.129400744994943,19.14633554238139,22.285442410240286,-45.81127135393599
5737354.002927195,0.20043809668074264,5.12752270366592,19.184701938014136,22.291725197559792,-26.417007428168493
5740192.161399452,0.20068097550388483,5.123636576607997,19.264847995502382,22.289243714389904,-6.01939342127877
5741332.6635127645,0.20074547939696216,5.119766310602341,19.344652463348613,22.270005239735582,14.651777408687256
5743263.917486398,0.2008191829327541,5.120783512242951,19.391677353318137,22.280921446218176,34.717030708470794
5744878.962886263,0.20083369799568038,5.121526137163418,19.430246331500975,22.297772803989805,53.5043803154765
5746416.245709233,0.20081714761362768,5.121794709574249,19.458829541104688,22.31900618919611,70.6819509561755
5748191.576064816,0.20080390410375507,5.1213699965026,19.473002026124348,22.3517599139082,86.21235882670375
5749961.749944642,0.20077195066387546,5.120097986170645,19.484057601022364,22.385329270338833,100.24169510382474
5751593.736844277,0.20072354344116353,5.11850081689678,19.49916880966915,22.409633208668545,112.99484961601085
5753388.028059144,0.20065399808242226,5.117034159956948,19.525862063076257,22.424130971038874,124.69866309920673
5754963.165442431,0.20052623248199453,5.121661722723624,19.584751226050557,22.393893504846826,135.5841922551492
5756154.416627189,0.2003432628344145,5.126559060806682,19.60679988970136,22.374324846170463,145.8566301996358
5757541.826631816,0.20015593829434103,5.131475885624188,19.613255528558415,22.365020292648584,155.66191907760023
5759134.006050998,0.2000018504163744,5.136768292284978,-340.3754401503762,22.36505029283744,165.1270561235141
5759977.092280321,0.1999168709892842,5.1410254848844135,-340.38242218071264,22.372907627447802,174.408112632764
5760690.064810956,0.19984679124901203,5.145262402296643,19.60513780268924,22.388820441698677,-176.385494990083
5761671.395001795,0.19975177979184067,5.149984807126478,19.572630038698875,22.41657870063113,-167.1235377477598
5762250.101023288,0.19970147058721743,5.153555998450571,19.53556622419957,22.446656437510843,-157.69062795928585
5762878.834393162,0.1996638666365499,5.156107840362636,19.491884448947637,22.476711711030084,-147.95347943256039
5763651.998177515,0.19961618386504695,5.158735566614009,19.432658032471164,22.5208922953035,-137.77502608056278
5764783.577774217,0.19957602916399167,5.160495536096877,19.360622595703727,22.566775050315417,-126.98461379579929
5765733.061148677,0.1996202956211223,5.161334185761362,19.29140183819589,22.610555360693436,-115.40967956114147
5768134.212817518,0.19973998868429038,5.161337344626713,19.204688202056673,22.64362377114411,-102.81123530971264
5770844.199633611,0.19991767086494885,5.160692985948328,19.126645298609848,22.674558795277935,-88.99420145727534
5773758.463682195,0.20015756156478842,5.159463168377233,19.069359444720252,22.700817490369342,-73.74285431871789
5777007.128394688,0.2004475490237288,5.158231388668864,19.043528914957328,22.71519084716216,-56.894596507940946
5780307.581451189,0.20076225519279786,5.156528331364291,19.054163062679,22.725483367556013,-38.451970157001874
5783421.283062078,0.20104733114718024,5.153751982748542,19.10321850117392,22.730515163786606,-18.6806517442818
5785690.302413072,0.2012257722757052,5.15036158703022,19.19497363198031,22.72314738109842,1.8204290192203045
5786296.454092335,0.20123766433104195,5.147154485629936,19.274076294694993,22.701156264031837,22.272065167683323
5788238.940937994,0.20129663309846493,5.1478111423358595,19.32282808866925,22.710243503348927,41.83423918576337
5789854.555092735,0.20130439972722108,5.14837302668494,19.356925902257395,22.72796338086013,59.96777591129891
5791597.792387845,0.20129711414933119,5.148454761451522,19.380369301262903,22.753646808413198,76.45892895473625
5793389.059943909,0.20127854611140963,5.147713011802068,19.392259788967547,22.787757996151566,91.35366921234828
5795150.097591553,0.20124515785347213,5.146007957894934,19.399252446991195,22.823879394760276,104.83367931164325
5796967.653287515,0.20119263315237368,5.144428869402377,19.421541370180943,22.844394785417787,117.12505406283248
5798713.966760801,0.20110923061315242,5.142990053052294,19.447768311049458,22.856732696200485,128.45878502354898
5799913.289748851,0.20097028398345826,5.1468047421849,19.48435981932612,22.835311477389304,139.0595440008138
5801041.849531043,0.2008023823343794,5.152198136474993,19.502105506332637,22.8176410943425,149.09933747713376
5802513.985652745,0.20063856593733376,5.157224841894993,19.51368139034689,22.811206925792835,158.71524077159663
5804118.936475182,0.200484383035481,5.162383518907331,-340.478638972017,22.814121990568715,168.04578385045332
5804776.14481673,0.2004214724502983,5.1659672186333845,-340.4830943135164,22.822692473761673,177.22879529318308
5805153.271628784,0.200384593121696,5.170275171341952,19.496820966746213,22.84133260903581,-173.61783682008107
5805843.619481606,0.2003221457439081,5.173395998582393,19.468952731202563,22.861683110913333,-164.37608618329702
5806252.898395309,0.20028717238530439,5.176131372211046,19.438685606766253,22.88689962289968,-154.93325971289227
5806559.479703151,0.20027079281759594,5.178995557535284,19.394967014072872,22.923799715894464,-145.15499063348997
5807175.850844301,0.200239812499392,5.180836889113272,19.347533193063114,22.958075130765486,-134.89194029235705
5807841.367632864,0.20022665409398585,5.182137241917491,19.29239287230436,22.997111902975018,-123.98266498120184
5809235.651357118,0.20027831025761728,5.182652445349059,19.221491387203034,23.033069733247437,-112.22225770910991
5811618.553088464,0.20041753098906834,5.182468917784001,19.13512478187344,23.06980561071606,-99.40083775523297
5814625.4964306075,0.2006195879002861,5.18168807169677,19.057844204278158,23.0989755996577,-85.3050219037215
5817737.5932623055,0.20087712265094929,5.1803922121878525,19.00582292096155,23.122586138376604,-69.73760583515885
5821115.216906212,0.20118601522995763,5.17912012903837,18.989232306885544,23.135374894066654,-52.56623481367729
5824361.750411164,0.2014989468709629,5.177643922375994,19.012990451925877,23.14264337159725,-33.84620757462828
5826975.814364834,0.20174381911700368,5.174420450041038,19.07539858049825,23.14551728399631,-13.918175875728597
5827292.614077471,0.20177297389358687,5.170880175450556,19.1428917927732,23.134424987729275,6.592571106851973
5829212.782936478,0.20184265283238853,5.167467874069491,19.254973254430343,23.106722351510232,26.799413537059596
5831088.384603392,0.201885186388969,5.168760429953904,19.292967682337636,23.12779575502666,45.99616415646619
5832899.096090071,0.20189256586713702,5.169134311553785,19.332743480495303,23.14280255965285,63.69649407173761
5834540.083581664,0.20188070607414324,5.169076747126766,19.353236749642846,23.167799338178195,79.76333250387034
5836342.2085838765,0.20184941584539712,5.16813149048653,19.364964997770972,23.202807361007363,94.27053860269442
5838085.052669907,0.2018079961389938,5.166860022725194,19.383352072060898,23.22676423397784,107.41997666519015
5839880.521584008,0.20174862890196182,5.164676700513443,19.39908409642048,23.252743847565753,119.4368711763056
5841599.337154444,0.20165321753218107,5.1649123315324115,19.43740767601569,23.250832253093186,130.54697763656583
5842993.610475516,0.2014815770818884,5.168732402546412,19.47161235915467,23.23128073588595,140.96512538322995
5844339.45580706,0.20128963023098417,5.1739677771930275,19.486507873318196,23.216180862072722,150.85778709691766
5845782.969892196,0.20113438505102224,5.178888622518823,19.496728356476567,23.211524193627834,160.3556183855492
5846249.220920052,0.2010965193025128,5.18249314470012,-340.49875963117194,23.214650075399415,169.59616287555764
5846537.959622158,0.20106703560480185,5.185864928080992,-340.50936797641293,23.223704790799,178.7130098839035
5847367.830791619,0.2009859527225374,5.189015167950477,19.474233809205327,23.238294004632312,-172.18591359489324
5847637.447211074,0.20095915037509302,5.191696331612374,19.45521407024743,23.256695395942707,-162.98606945339577
5848162.922991117,0.20091331526186787,5.193820616963426,19.42873981702767,23.277173199012513,-153.56059372507292
5848640.023545951,0.2008709439697805,5.1956080526150945,19.398888673878492,23.30125366988037,-143.78493593358166
5848849.672940679,0.20087264372868352,5.197105200569675,19.363113599984146,23.330617073037736,-133.51313197097167
5849102.3570026085,0.20087922157020344,5.198270079747954,19.318481399427778,23.368306155871295,-122.5797679126419
5850689.814361623,0.2009360175335435,5.198613124768051,19.25126249052177,23.396800671534603,-110.76346812317385
5853157.069039363,0.2010803569277057,5.1984090685812125,19.173968795322487,23.42431890908563,-97.87036180975181
5855981.990407856,0.20128667323537364,5.1975681697720555,19.104057013051005,23.452666968463106,-83.69185023036961
5859221.27889915,0.20155354481724586,5.196875938404547,19.064685138084702,23.46442738617001,-68.02464202177771
5862519.345928304,0.20185940649841744,5.195474958493487,19.0520014290017,23.477591011649082,-50.7596946767857
5865632.64579306,0.20216237035639684,5.1939527977300015,19.08060353217485,23.484403754968323,-31.97315875650473
5868497.722146342,0.20241828253765007,5.191341653888777,19.14632374864376,23.485698070497165,-12.032227183932696
5869190.363368373,0.20246789210315205,5.187930824501669,19.22098604082215,23.473660538149595,8.410292527514086
5871093.621998405,0.2025303362163437,5.184350691873105,19.33592760762999,23.44272352438385,28.48186505275186
5872844.603791969,0.20256930951982208,5.185567983197041,19.368181263842104,23.463815401984338,47.50060242621783
5874581.872490771,0.2025812421901456,5.186169782977004,19.391208223433555,23.490397263634165,65.00649476860428
5876351.44914509,0.202570840831093,5.1860373604186565,19.40769098126668,23.52157173732899,80.87981354518374
5877865.172657065,0.20255109987647893,5.185139213514816,19.41460038733305,23.55255730582659,95.2247716152142
5879470.292641802,0.2024933939586436,5.184218609268241,19.437651841643735,23.569186541741296,108.22915416295686
5881282.05800163,0.20242818086471345,5.182966927629184,19.464863917181926,23.583588583839234,120.1204571113424
5883085.1528216135,0.2023416619722312,5.184142922395483,19.512719083503473,23.574501206157674,131.12131756553845
5884394.495238705,0.20214647751585957,5.188223383781062,19.541118386676672,23.554270334250557,141.45424357591546
5885837.807238273,0.20197249118329788,5.192900788906643,19.56109196080223,23.541324207553252,151.2598831387094
5886284.670855442,0.2019285310443073,5.19689976578969,-340.4322500097847,23.53789185663614,160.6889300155733
5886843.430312004,0.20187547729001484,5.200547423614103,-340.4319785332585,23.541307381221863,169.86854457499325
5887221.2782743145,0.20184164700762638,5.2048851346952905,-340.4371260148924,23.55319110716876,178.91681643497174
5887481.015201531,0.2018166929473309,5.207329620097841,19.54982403398822,23.564606195181586,-172.040010056334
5887981.241366353,0.20176692152422807,5.209388952320945,19.534513011234854,23.578794971742173,-162.89640261689408
5888222.632239727,0.2017506729852386,5.21175644744071,19.5068520768791,23.601654350823296,-153.52935271088126
5888392.867031576,0.20174091851101578,5.212422867732426,19.494396026180098,23.610612627322304,-143.8155691187324
5888547.980537942,0.20174679893776928,5.213646427315238,19.464969763389014,23.634561644549898,-133.6082259333399
5888579.616408778,0.20176915956861427,5.214527673010011,19.43392381461662,23.662928804890075,-122.74853769528345
5889774.7973295115,0.20181519027867625,5.21488410529783,19.375744579092412,23.69209558841902,-111.01936347024495
5892369.593611661,0.20194209130567736,5.214762348636251,19.305396811497772,23.709237396478144,-98.21036085818261
5895014.454490347,0.20213300445964594,5.214390532655733,19.25358284589311,23.721967928402105,-84.13345918321312
5898263.953672059,0.20239683037296471,5.213561196439419,19.21088683697767,23.736200899637577,-68.5757993143972
5901659.196705796,0.20270290215151007,5.212353620213431,19.196763357979744,23.747688325596023,-51.42523491337181
5904796.811330084,0.20300600795736068,5.211319881111392,19.22560692997442,23.752382708083648,-32.75128163163771
5907861.7481718715,0.20327566302038094,5.209363713737142,19.28917314241803,23.753544494485336,-12.903955546161473
5908130.641373068,0.2032996382185872,5.2065668826536475,19.357569402633036,23.744120182878927,7.479688534966798
5910065.85416171,0.20335989123650408,5.2034842487648785,19.476455913206173,23.718333154567453,27.518532588891627
5911863.531730674,0.2033970219857429,5.204724175332836,19.51280882263537,23.739084158962395,46.54219666907853
5913230.959981507,0.20338200369353426,5.205363585840998,19.534265782229003,23.76563640443581,64.0768244030474
5915052.208480209,0.20337788304926752,5.2052830532288965,19.555795824907154,23.79176347465846,79.98260783444407
5916876.930586936,0.2033554247818362,5.204434285206254,19.570705946898627,23.822277887297616,94.34930222589959
5918480.731123531,0.2033149014635855,5.203177397576256,19.586015976472293,23.84559332125706,107.37629318902508
5920152.066248255,0.20325902790605185,5.201592465395985,19.605681646603127,23.864235192711483,119.2827503721311
5921936.5240340065,0.20317548129601345,5.2008167777042456,19.638027804359695,23.870294018978953,130.28579005268813
5923363.622229358,0.20302691428475936,5.204311421427627,19.674718056386528,23.852437984780952,140.59983844372607
5924803.517318314,0.20285074460092517,5.208554817727218,19.694093054902734,23.840092639072022,150.387295925045
5924680.718781469,0.2028440810151325,5.212252203658718,19.68983614437905,23.836388867587228,159.79922572645637
5924902.675806643,0.20283163744240296,5.215045868465405,-340.3052250177788,23.83856999407,168.93658219760235
5925328.156433368,0.20279503015026235,5.2174997081069705,-340.30262499701035,23.844857516034335,177.93273979072285
5925478.047013801,0.20277914323286744,5.219091631321751,19.69579911394907,23.851955035030922,-173.09345856476787
5925475.85914713,0.20278014080499734,5.220844230098069,19.68355646217382,23.8635647046287,-164.02671774718405
5925553.906668458,0.20276991273979114,5.22206170535154,19.673083954453723,23.874870901239163,-154.75821560093232
5925446.700082615,0.2027703977716946,5.222518454479878,19.67117423955794,23.880752155295145,-145.16427734493394
5925386.1473343335,0.20277363454577219,5.2226267935943556,19.670491222561278,23.8827280716085,-135.09956298033356
5925532.530095348,0.20279207058872709,5.223287339461117,19.64530549813178,23.902394848622073,-124.40082400439921
5926768.001600673,0.20282979705674092,5.223493539075698,19.601170683748556,23.916306819008874,-112.86727355707576
5929083.330046168,0.2029568817576559,5.2234789143264795,19.549420366566817,23.920185641421018,-100.298150179822
5931903.185454752,0.2031488068791606,5.223049235573355,19.488520643270807,23.93679760337974,-86.48996187635801
5934828.315978562,0.20339804590609126,5.222956467145437,19.461387073280246,23.938551978746567,-71.24315740729467
5938178.854650447,0.2036962270981594,5.222799397847851,19.452858111684098,23.940142878344616,-54.40995054641416
5941432.338856941,0.20400584743090872,5.2220603286444245,19.475831344439047,23.943961071878885,-36.02423081644886
5944514.697955003,0.2042828422139428,5.220460105230993,19.533153497347072,23.94585350527681,-16.382631292303483
5945200.369405497,0.2043442693176134,5.218815361316142,19.60446863743873,23.941332413322158,3.9165813211627514
5944317.136846457,0.20425872653705202,5.216935314876325,19.66633414728106,23.927339778831264,24.070625418198947
5946233.6311794445,0.2043079648774031,5.217866159507718,19.711414650626658,23.941090966913077,43.2742471539984
5948102.771830091,0.20433322570933518,5.218600673517124,19.737179978001464,23.966204307155518,61.043780275499856
5949950.554036304,0.2043336218618595,5.2186356513573235,19.756726532791976,23.99492436921741,77.19307417926159
5951417.188089507,0.20430268157359055,5.217983421373829,19.768105990844933,24.022451535258384,91.78650507428489
5953242.406681072,0.20425747268485997,5.216297105981261,19.778088979867157,24.056724161861226,104.99160841036988
5955051.223928126,0.20419178458550957,5.214764801843427,19.800342990356377,24.076083907462564,117.03958765293673
5956537.362222323,0.2041089722992951,5.2141268996239365,19.826318995249206,24.08142047380164,128.15771659376668
5958146.888397122,0.20397678038861045,5.218043104033826,19.874860072488904,24.05970588372953,138.5385055515314
5959538.971125197,0.2037920729536844,5.222311189762367,19.894221230403,24.04570063347168,148.37257896961438
5958415.908148648,0.2038607746560091,5.2260520563162745,19.876273175101524,24.040656725283615,157.8170975450462
5958588.240052788,0.20385230356190834,5.227741796914039,-340.1187789949424,24.041384155470116,166.94780477957045
5959034.575222777,0.20381311548048897,5.2292788821472325,-340.11567708183856,24.044749909416925,175.91360202829068
5959108.986247314,0.2038057558352548,5.231966494480493,19.876532192010913,24.055614492171287,-175.16794686027353
5959236.870888757,0.20378982649437904,5.232877463148422,19.87455802764329,24.06117862374422,-166.18975114422264
5959372.381595692,0.20377422777806845,5.234827316041259,19.85837931852964,24.077996608334253,-157.03447570508862
5959470.509669738,0.20375767621559038,5.235413193938544,19.8529008310093,24.084980365172566,-147.58460438147844
5959397.4259088505,0.20376289370486692,5.235770829645267,19.84816438653999,24.09101302628255,-137.7048601208694
5959187.403151466,0.20378897945631386,5.236184412127745,19.839995360223025,24.101779130562342,-127.24453532224106
5959401.400913481,0.20381783658545924,5.236394988018069,19.822786783944185,24.112584580229107,-116.01827889585891
5961787.6719956435,0.20391658662658782,5.236401123614363,19.762679022708564,24.12067058314386,-103.78894285981228
5964727.55813833,0.2040835791572538,5.236156127478107,19.69865178965331,24.13294892312926,-90.38124035095706
5967900.899999417,0.20432163636273556,5.235868276493054,19.65561455777357,24.13932110987332,-75.58867886675732
5971292.2183816675,0.20461348050787945,5.235610290851858,19.63765518884846,24.142430816257797,-59.24387705126153
5974738.588773731,0.204926193420064,5.234963161119106,19.646827013288394,24.146552794912527,-41.31331094919869
5977998.645664774,0.20522324094849387,5.234356334576587,19.695257403137973,24.147789115720087,-22.014362590653455
5980312.535668451,0.20541347624694115,5.2319702321525,19.77980705204434,24.14399906750019,-1.8756218684158266
5980546.648349594,0.20541101087066777,5.229855116633175,19.84411564115597,24.131391550780187,18.37114803410139
5982233.667326884,0.20546171178313982,5.231167837386208,19.88191076711252,24.147324820828686,37.87692736223543
5983788.1246148795,0.2054717309404462,5.23177320837335,19.91646817060042,24.16305434375868,56.0536423685002
5985623.495462099,0.20547636092979432,5.232018307856992,19.936762260227237,24.191582172762157,72.63164119430526
5987282.619169541,0.20545457575858259,5.231664590527229,19.958980334059287,24.212552737700797,87.61670342779598
5988670.65729785,0.2053988652293511,5.230648628643034,19.971095252256198,24.23681012543209,101.16666092081692
5990519.573571544,0.2053451327871869,5.228713816341273,19.98620831089138,24.26444120819718,113.48554175301074
5992316.587100305,0.20526577342715496,5.227602768347189,20.014973834960458,24.27489070740029,124.80610580254299
5993865.6099019665,0.20515732722563607,5.228844763179838,20.05162657240686,24.267048082747465,135.33983562975234
5995015.325277841,0.20500008051909763,5.232129293612383,20.070434665992256,24.254220690394963,145.27895503609685
5994219.154272402,0.20504401571368303,5.234269293202106,20.05761814805993,24.25012529066031,154.7792687920246
5994248.816719124,0.20505332063912612,5.236754648860966,-339.93618381548174,24.24984841058759,163.93156593021936
5994466.480791377,0.20503878685789334,5.237849344632991,-339.9312823743525,24.25162547928487,172.88090745953278
5994663.312645774,0.2050207772077738,5.238155917859524,20.072318972452866,24.25266412691851,-178.2560050250259
5994748.326533651,0.20500981712213318,5.23975388833737,20.0681767399914,24.26127952149175,-169.37105804550902
5994758.902621727,0.20500131035879632,5.240875466487493,20.064538024868686,24.26991942359888,-160.35410061780252
5994708.773383122,0.20499379087605352,5.2403508700342245,20.075296809223893,24.264291547711196,-151.08809350287447
5994684.671588292,0.2049964155233345,5.240546137782959,20.07263801578186,24.267177680245165,-141.4403250091263
5994725.50094335,0.20499415242838948,5.240666924801301,20.069261677757886,24.269798426427222,-131.2710072954975
5994776.306562742,0.20502496334393902,5.240650645505493,20.066547025582977,24.269078440356285,-120.41364601983479
5996034.176562978,0.20508663118071196,5.240680181843136,20.03397025833966,24.272726379749447,-108.65568741357299
5998789.523220643,0.20523506546397716,5.240634951852526,19.97771796361831,24.276648559868562,-95.78554287839478
6001876.326195115,0.20544763567643007,5.24063390933665,19.934750754478088,24.276741087567565,-81.6111616540066
6005157.437754663,0.2057101245268312,5.240487125358077,19.907291931265906,24.278951381265134,-65.93949309852
6008617.63478131,0.20601804992602515,5.241135392037924,19.914092750267844,24.273412166679826,-48.67243095610932
6011956.663481815,0.20632498786232237,5.240906533819432,19.948183491559988,24.274151193617584,-29.91196267440019
6015093.597550066,0.20658850182387958,5.239572745014992,20.015139048996513,24.273960015692463,-10.057008494524224
6015713.993500184,0.2066278610373256,5.237077455166241,20.087325299647837,24.263700788223762,10.220905688410935
6016983.062894048,0.2066536270746885,5.235220079901588,20.172842116922677,24.246213291850225,30.069062532901242
6018769.30514155,0.20668875108246693,5.2363053406069735,20.205913014840117,24.26661151614909,48.8014262482482
6020217.953783387,0.2066756452862813,5.236829800045115,20.226238969488854,24.29352493778578,66.00950925220654
6022009.226577509,0.20666159881499926,5.236606282590004,20.24147392745899,24.32549962407229,81.59265372804941
6023634.897364883,0.20663675286808064,5.235482263464028,20.245868733722272,24.360938062803346,95.66554503682174
6025472.04066146,0.20659457389544186,5.233902273745927,20.261460943904506,24.388066506881835,108.4190274722546
6026975.718755236,0.2065295341227136,5.232785223064251,20.28259018830606,24.400400401391863,120.08969155140588
6028219.761644708,0.20645745664022155,5.232588324863166,20.306295222158273,24.401823056070462,130.88969151186183
6028210.609417144,0.20639064424044457,5.2347325206506765,20.306945537809778,24.391499038508925,141.03476725118642
6026782.91901944,0.20643194799390907,5.237983221795218,20.278156346772565,24.382735549447915,150.68239974527046
6026341.189537177,0.20647187700195338,5.239974898538966,-339.7245134705524,24.381047470545795,159.9150813659834
6026434.471104147,0.20647089407491742,5.241600269763577,-339.72034122785186,24.382497572732156,168.8835548569729
6026456.633382782,0.20647365314709756,5.2428899677101946,-339.7160495866808,24.385897398930215,177.71186713658167
6026305.158061318,0.2064877772880773,5.243362660964319,20.284854638878496,24.388016075039165,-173.48338896918185
6026287.345291197,0.20648458707315148,5.24437794034507,20.282833237060625,24.39473578515986,-164.59981440842594
6026167.338659294,0.2064879824830899,5.245126998551281,20.28068879693699,24.40163955760723,-155.52353427578728
6025953.002683569,0.2065038269094158,5.245524247990303,20.279058778632205,24.406685057252716,-146.13247543541877
6025674.543402161,0.20652596722681657,5.245510921138901,20.28360573030995,24.406404299660696,-136.29453346023203
6025362.240015443,0.20655158509429417,5.245242135002593,20.296704759445117,24.398626296774328,-125.85676367950903
6026145.195601786,0.20659028374049446,5.245329360048753,20.271959556401463,24.403840061386592,-114.61638327765552
6028446.509972082,0.20669884271558672,5.245359128842979,20.234413398611892,24.393493187879923,-102.36751145395564
6031477.273531236,0.20688179799458722,5.2453080181476,20.18218537174233,24.395791910232557,-88.91392222393529
6034693.4393133465,0.20711767572010414,5.245189514024347,20.144412805363935,24.398211654874515,-74.05178822387865
6038125.67193261,0.20741138014983737,5.245444079752175,20.134921823265252,24.39530034425593,-57.62188123795563
6041574.355171282,0.20772614136055462,5.245677935419444,20.15427545478567,24.393786468149038,-39.60763421326282
6044722.05440329,0.2080099607541044,5.2451663936870245,20.2050959728409,24.394567579355414,-20.248482014287845
6046924.817155829,0.20818203367960153,5.244187492308233,20.27989228479868,24.39243735013782,-0.09602511241733555
6046779.5803306755,0.2081547262619152,5.242597579522114,20.333600447726273,24.382035563869312,20.09005927357653
6048852.67820921,0.2082217710112078,5.2430058383304,20.38596918007669,24.38730344283068,39.45437916779419
6050656.577240989,0.20823751977622387,5.243603710440673,20.422843586656526,24.404467215110145,57.446406743622056
6052566.264920875,0.2082456373522957,5.243742691441647,20.446658621120285,24.42895496741334,73.827788157634
6054475.87476931,0.20823704789145842,5.243277703367701,20.468480205250298,24.452780508091394,88.61630430137558
6056100.754131617,0.2081978311920641,5.241857291063306,20.475835702159358,24.48459001398852,101.98202408773341
6057641.156986091,0.2081247974396723,5.239604475815755,20.480805806069768,24.51531806054057,114.14186145249889
6059297.159961544,0.20804790275666454,5.238995033328596,20.510596839442307,24.520802312680676,125.31491567016914
6059782.146595309,0.20798237766947456,5.239082855984398,20.516877722073456,24.520239407772305,135.73257026881794
6058171.832048247,0.20802513854128787,5.242651788490404,20.490587752461405,24.506938080965877,145.58690545406517
6056958.572139317,0.20809363785504562,5.244375053778195,20.468816238815307,24.50386928215642,154.9711761853973
6056424.1920413375,0.20814553935404867,5.24505555013379,-339.5343654832695,24.503854291638895,164.01316633705758
6056277.463853417,0.20816395903646365,5.2462441668187445,-339.5332127522684,24.505881284669236,172.84883631322327
6056247.919188868,0.2081675627071247,5.247593826622821,20.464868196596584,24.51057724820676,-178.4032663283515
6056094.358320171,0.208179597319602,5.248087111898648,20.46742175422224,24.513245645761266,-169.6382594332618
6055761.445904143,0.20820582729774603,5.248844671961306,20.467141758298528,24.519083587337093,-160.74548486572118
6055409.159628399,0.20822658508643208,5.248052322405118,20.483248712559377,24.51062298779036,-151.61254104214308
6055173.733926564,0.20823831619057015,5.248259092876676,20.485295889462872,24.513657138506385,-142.10971024558756
6054852.901691461,0.2082621575578619,5.248296156527636,20.48989294690146,24.514417751696367,-132.09907677962448
6054590.451146921,0.20828833030072372,5.248176877505756,20.49882351535974,24.509888119095752,-121.41761165579061
6056071.961720495,0.2083440430161574,5.2481798004993685,20.46517386160395,24.50992238858843,-109.84105554551293
6058949.109331399,0.2084854757993271,5.2481672267067525,20.408884154023493,24.51133709546405,-97.17374605421364
6062083.765060509,0.2086919441499763,5.248341980310263,20.3695243448539,24.50616671852494,-83.22053957928483
6065414.54991018,0.20895580972052077,5.248548430467193,20.346211749516588,24.502909643239366,-67.77934836643962
6068942.113923663,0.20926356316470374,5.24892588949465,20.347528488691434,24.49949584831102,-50.73039868158485
6072158.300976481,0.2095645618229134,5.249477423425925,20.383182961427107,24.497011375798966,-32.147963355835024
6074782.414943697,0.20980095634197665,5.248733933998289,20.449299997260766,24.497076257204547,-12.394129048875083
6074228.194050262,0.20977102097521974,5.248953401932693,20.503003343515307,24.497627297938834,7.889591358559223
6072221.993925337,0.20960734956395097,5.247546652741855,20.559495750598725,24.48521115066588,27.84954776629003
6074079.21155973,0.2096519161541265,5.248461644321182,20.595783326413187,24.50118570187479,46.72500994398866
6075825.536246726,0.20965048307134784,5.249050076179759,20.62202827129506,24.527619560906718,64.08359282845119
6077309.831112269,0.20962209473706125,5.248927088818456,20.63889933726281,24.553665283383484,79.8117036724112
6079197.823179824,0.20959812056971633,5.247987657591812,20.65234986041326,24.58554051180052,93.99049937790282
6081075.76425847,0.2095565368735633,5.246272847193433,20.66472453769253,24.616361152332242,106.8221625027389
6082833.251327507,0.2094862433212502,5.245369894862447,20.693169005090766,24.626708050971832,118.53492169209022
6083493.568976106,0.20941437698405335,5.246173435540182,20.710749619837763,24.620456872942558,129.36804323045874
6081789.351365386,0.20946340978007702,5.248229507473352,20.68261291415058,24.610054329412247,139.53603429166432
6080086.168387705,0.20953261693382497,5.2501568286140055,20.64967458547971,24.60441812138078,149.15604500869176
6079495.689141326,0.20958158705147079,5.252722999648185,20.645057272699013,24.601672960332895,158.34243254077057
6079250.66722833,0.2096159282040066,5.254151385082184,-339.3511603690759,24.602605137982884,167.24259384326527
6079117.895877013,0.20963542250535513,5.254969797208416,-339.3454092798784,24.60453798966338,175.98155495883643
6078550.913646409,0.20969015956891154,5.256375567531314,20.65625979696009,24.61041133048391,-175.3288200812187
6078681.741290273,0.20967565105887703,5.257359972354392,20.651876854354466,24.616523283019927,-166.57613216404886
6078375.160521217,0.20970184678392637,5.257595672628423,20.6533846432919,24.618553412018613,-157.65869014644917
6078238.153498607,0.20970140263375422,5.257691783794136,20.65782782454358,24.619678061372756,-148.460115522568
6077882.971318375,0.20971902969296674,5.257394091723185,20.67019255048484,24.61465264897901,-138.85110842411024
6077230.235361325,0.20975612941050106,5.257376543051765,20.68320474955198,24.614150396359765,-128.6883787987921
6077106.457209265,0.20977934161297687,5.2572653926638875,20.69039890756378,24.608628991968434,-117.78642575596061
6079163.934325466,0.20986384603428726,5.257228439981387,20.66546326507479,24.58957496713876,-105.91447685336772
6082073.565627426,0.21001622590203162,5.257387496834067,20.622859207890922,24.580868321167685,-92.89095734396186
6085021.5918951705,0.21022413566504589,5.257687988925758,20.593998366309467,24.57379300529695,-78.51110603625932
6088100.480919573,0.210487212683617,5.258559286560232,20.590316158848925,24.562379046160736,-62.58612218882235
6091625.847934552,0.21080052321801493,5.2590590492102685,20.601853389286,24.558688239418338,-45.03679667751834
6094684.122810608,0.21108636868409722,5.259499798505497,20.647303548343228,24.557219529505737,-26.024024665165932
6097609.617492335,0.21132315589632275,5.258965470872385,20.7191003208856,24.556528505367694,-6.011996220788255
6096843.810375692,0.21126692212828513,5.258537641388631,20.767385348504575,24.55414669635509,14.282119577229128
6097888.602217909,0.21127834070688,5.258201858564743,20.826500111129196,24.550334941535127,33.96989265707552
6099769.6718977075,0.21130878652977042,5.258911764272024,20.864463425410772,24.566377446530733,52.3975477056021
6101056.417003313,0.21128761452571235,5.259277630519665,20.877853638055893,24.594868545800978,69.24021728005619
6102843.169082977,0.21127664342389832,5.25884704119035,20.88869897838586,24.628054319331728,84.44307288868185
6104617.999319771,0.21123346772068374,5.257841651884317,20.90558421251042,24.654531002276475,98.1483522406707
6106426.864705889,0.21117693642262242,5.255662736888569,20.91349613097686,24.687882400441914,110.57241621272391
6108034.3866063915,0.21109239920267037,5.2540508017902665,20.931592979934603,24.70406770560516,121.94715397376031
6106858.668467402,0.2111241745933416,5.2542692987534645,20.90756533523022,24.7025560306469,132.5351905605681
6105141.132013684,0.2111883494352534,5.255388891146723,20.875218789351887,24.69770833270343,142.4726623370115
6103998.242671825,0.2112644115739778,5.257126723290419,20.85976238687382,24.693693721839043,151.89029772371146
6103580.659453839,0.21131882792735576,5.258396220827959,-339.13714595199644,24.693027400947326,160.92323461239235
6103255.443368571,0.21135408277829243,5.260256892002368,-339.1382350437349,24.69522217101427,169.71800230217426
6103327.794621559,0.21135043224876415,5.261391649292015,-339.1356818456018,24.698508407951643,178.38123840070972
6102895.613701709,0.2113908989451009,5.261212710847889,20.87084837989588,24.69764490181652,-172.9752706816477
6102269.861323368,0.2114410724799612,5.261992961646642,20.87668298446041,24.702997765800315,-164.25130183879443
6101703.9587608315,0.21147486098255072,5.261629381419301,20.893179242691257,24.69952632286139,-155.33338277233364
6101547.270516375,0.2114736231335973,5.261394061438907,20.902315032341576,24.69642904317209,-146.09392890440532
6100897.241964994,0.21150054560813197,5.2609002581038515,20.925549902014293,24.68721551548228,-136.41547295119852
6100239.9875353575,0.21153014652491672,5.260625594809049,20.947001368895037,24.679107445958905,-126.13780189899325
6101110.0259014815,0.21154947428454532,5.260325335825753,20.94592023926736,24.65990616590284,-115.05197256571232
6103282.4234365225,0.2116585832665247,5.260312621696584,20.896888367710396,24.665339602696953,-102.96523430382364
6106240.790788805,0.21183558665443575,5.260438827694509,20.85478190392649,24.66009086173738,-89.67225104987152
6109497.6881115865,0.21206963972053777,5.2610007759091015,20.8307415150454,24.64875756702149,-74.96170301557274
6112908.728174502,0.21235131392467546,5.261515695212448,20.822333157405502,24.64287106909765,-58.663011529457336
6116404.922897926,0.21266442731879873,5.262571365638608,20.844250917273587,24.63636090152775,-40.743574982242045
6119585.149531417,0.2129494967623692,5.262114602711994,20.89280253833102,24.63707949804378,-21.425289423587763
6122450.608219754,0.2131667378898312,5.261923538635222,20.967270943060264,24.636491534850517,-1.2550041524187892
6121598.099365843,0.21309611655587207,5.260618077538911,21.02066437217306,24.628079988859994,18.998682926640203
6123301.093146479,0.21313957106292833,5.261021715959164,21.071718583047776,24.633196923600007,38.45528565524572
6125147.260608785,0.21315758070368546,5.261616710952041,21.10874380027319,24.65000281135661,56.53061051778449
6126883.103156975,0.21315438282757884,5.261778517249549,21.127818272767353,24.67690054832448,72.9714539933407
6128791.237936392,0.213142778149154,5.261136225178173,21.13960619438688,24.710302591611853,87.78572936245665
6130620.868343838,0.21309862444509914,5.259783440207965,21.152395162112374,24.74070019785098,101.1425082665137
6132281.59973854,0.21300707112331582,5.257974441415406,21.165896150128848,24.76542760995354,113.26903772165346
6133309.826261925,0.21294589640085562,5.256896019682537,21.17725264775251,24.77521282991473,124.40378529007909
6131312.658217547,0.21300520091596808,5.257118227227296,21.13578733776449,24.77382896317528,134.79853621951708
6129699.137079954,0.21306502904463787,5.258251799132689,21.104928972035836,24.76951602540185,144.56045690124844
6128037.415456424,0.21317778629233297,5.259735864077546,21.08007059417416,24.766745456049385,153.84458481307044
6127151.272406952,0.2132597862127947,5.261289487506377,-338.9269217102287,24.766560793965056,162.77283911214047
6126725.602796651,0.2133086146759134,5.261440066936097,-338.9230164762177,24.766786526736,171.47449588920875
6126250.5919843465,0.21335762775039863,5.261132228198922,21.08449894856485,24.76575809867289,-179.93116786869047
6125915.9513077345,0.2133881196742748,5.261889185407929,21.085439827856444,24.769673853595798,-171.33454658206463
6125316.422987631,0.21343234365604477,5.261529886287385,21.10064517664428,24.767008696055626,-162.63939251010783
6125381.456414912,0.2134177082163355,5.260951244813076,21.109546081095413,24.761128555728664,-153.7179986985874
6124596.3409844,0.21345469068729903,5.26035716641432,21.13510755064312,24.752817234407708,-144.47405950367516
6123964.447243294,0.21348618503767486,5.25981845783413,21.158398358262573,24.741971075309753,-134.7537510009246
6123809.381329335,0.21350248994982646,5.25983404903327,21.160305230814497,24.742406026413448,-124.39626751988288
6124968.462731926,0.2135449887108908,5.259708743622032,21.144050156113398,24.73216731890929,-113.20215770610514
6127853.7234446965,0.21367115405942175,5.259776094584048,21.098191885439753,24.721855202358647,-100.96231188695536
6130767.12020115,0.21385904836088243,5.260214086801229,21.071005641337216,24.70602343915612,-87.49034199570839
6134160.629248684,0.21410835284546195,5.260982594941006,21.05193064521631,24.692011031472777,-72.55641061569082
6137731.207911953,0.21440760838259312,5.261674365380478,21.04893238757314,24.68482085958458,-56.004869639500136
6141063.6082923375,0.21471502267947007,5.2628426704505165,21.078738387264334,24.678465844863776,-37.83503330499477
6144194.8151425775,0.2149921014789638,5.263172266721155,21.134028269492717,24.67781604422814,-18.31322651884631
6146331.55909376,0.21515247452417605,5.262592152072633,21.21097599792709,24.67612353595235,1.957223565730742
6144482.936696598,0.21501432027150885,5.2613208080100184,21.261977111988656,24.66678357511612,22.175424687869192
6146418.852375306,0.21506395753570112,5.262352414242952,21.304650499673862,24.681760824382348,41.465589983511066
6147696.869569931,0.2150467346916844,5.262936328941625,21.33210196499853,24.701376612899292,59.30426335501575
6149212.168438753,0.21503130168562198,5.262980384836174,21.34373414993023,24.73155804958574,75.47830893215547
6151024.248881413,0.21500036962535501,5.262261728666414,21.35821025140274,24.76198056000704,90.02978944198803
6152529.9131666925,0.214966277748303,5.260782084014021,21.362689548743305,24.792035320298723,103.15763344970621
6154010.715690678,0.21490050317966058,5.259159343468714,21.3748817971709,24.812592679250287,115.08299261369471
6152440.759278962,0.21491690105091818,5.257690209466132,21.328568663644344,24.82504796419207,126.0958811402404
6150549.895285042,0.2149830603281686,5.258154655257612,21.29179767567475,24.82239232035008,136.33729856189174
6148915.954959305,0.21505813130820742,5.260102038318495,21.265321560701686,24.815672013297593,145.97136466806123
6148077.1525482945,0.21511471559003748,5.2609199041105095,21.25265059705123,24.814380614581626,155.13680320874278
6147553.233743252,0.21517607961184,5.261460154291783,-338.74582220745276,24.814454192891233,163.96933891333782
6147350.6945583,0.21520388692191278,5.261544110558645,-338.7399245527088,24.814597116729477,172.59784024048747
6147113.777446641,0.21522905858660996,5.261504458422661,21.26701369851606,24.814444504511737,-178.86526303005093
6146771.428093718,0.21525786506360461,5.261542512816867,21.2752736779559,24.81464114682928,-170.31633101952085
6146342.1334372405,0.215285731331349,5.261278286082856,21.288334459023606,24.81258881195962,-161.65107772597767
6145638.443160007,0.21533064831076296,5.260363154045797,21.311614051355978,24.802912640140107,-152.75908498222893
6145239.167051848,0.21534716469252985,5.260256312827445,21.32233386570585,24.801333416666044,-143.51231433528508
6144775.53693746,0.21537094555627365,5.259561107037655,21.345904251487738,24.786651673800154,-133.77846103296895
6144478.075775512,0.21539962502715534,5.258709592394541,21.380399988604808,24.75677828682513,-123.39588093553373
6145393.7381677795,0.21544014807643133,5.258447763993747,21.38511388062386,24.73151423877267,-112.15981067095194
6148049.104578773,0.21555656976027282,5.258641451753332,21.35758144726512,24.7087028863372,-99.85391587329934
6151130.432191087,0.21574262334870442,5.258823781476739,21.318483692109645,24.702699019165323,-86.2807369250912
6154495.505319143,0.2159901835839458,5.260074349840242,21.309030993253295,24.68118672489062,-71.22203113805797
6157932.786623316,0.21628416541518977,5.260979845735316,21.31192428769578,24.67231770179997,-54.52578912275513
6161592.791612616,0.21660466961096983,5.261701722460664,21.33703972752395,24.668651071345884,-36.200198721458065
6164635.725130627,0.21687224620595,5.262278440988484,21.395147947803103,24.667879654784155,-16.553143787887915
6167426.515543064,0.21706852435349347,5.261655609214535,21.478345365938477,24.66580909937888,3.778551160512878
6165358.718663698,0.21691231846781486,5.259805685729554,21.53595997063564,24.651229680944763,23.98129655431461
6167268.396186605,0.2169564640278721,5.260832164470754,21.576780174112198,24.667329716382177,43.183675652457524
6168853.11164392,0.21695187829592488,5.261387645050337,21.605481691721266,24.68840341102702,60.883297557687456
6169997.1141345985,0.21690931562262716,5.2613450266042445,21.612978850869634,24.719131736201795,76.90541515213975
6171857.546454309,0.21690225960295595,5.260459110794049,21.620824876972794,24.752731352538007,91.3058298002805
6173238.917231392,0.2168503334548091,5.259344742118916,21.63234446087438,24.77401039821815,104.29229661753075
6174643.012245083,0.2167720203739739,5.257089046248975,21.635936355180114,24.801313825679728,116.0917710425851
6172716.686324654,0.21678895209265348,5.256896204265744,21.592951713954395,24.802841459136076,126.99991790636149
6170855.615301298,0.21684085910536696,5.258641927284162,21.562511771797507,24.793411822782296,137.14362281165907
6169315.14652635,0.21690644954038762,5.2602058620320475,21.53554212162005,24.78834800152196,146.69084229854772
6167979.694493733,0.217020083858847,5.261692968151121,21.52207018290622,24.786287597539232,155.78255852710942
6167426.918054003,0.21707769941272223,5.262575745317167,-338.4794969558821,24.786564220136906,164.55140240807114
6167166.534244815,0.21711246639987822,5.262009029002627,-338.4710560573837,24.78542159679362,173.11957672913613
6166637.851531619,0.21716557574652032,5.261410170868715,21.53777384326785,24.783174940343383,-178.39599909727116
6166395.403217813,0.21718285402272638,5.261329401431508,21.548922336461715,24.782706692192576,-169.8962893107604
6166052.060230564,0.2172030954621725,5.26138589697413,21.558342022023652,24.78313924688896,-161.27161421728854
6165328.926695077,0.2172480992255559,5.260697801318607,21.579947157692157,24.775697614762002,-152.41693500929642
6164866.224257231,0.21727681142256045,5.260001130481108,21.59845793439418,24.76531608266886,-143.20096264301807
6164146.532434458,0.21731883946372754,5.258926485998482,21.63459037413301,24.742068849515253,-133.49756911093183
6164040.991633493,0.21734571774562653,5.25843117062587,21.65297674474161,24.7240459322629,-123.13084757277146
6166071.435407156,0.21738996742489966,5.258111448102575,21.642557027020985,24.690456319011652,-111.88351499347858
6168985.888523893,0.21752179644492842,5.258296195201361,21.608167024597833,24.67074168953185,-99.57585941534948
6172037.110086458,0.21771611080538827,5.258937280969728,21.58610697116558,24.650085336762157,-85.99464284567851
6175304.314855438,0.2179675014072228,5.259723453523398,21.572244382197034,24.63685421213038,-70.91427385223885
6178807.00560721,0.2182622884484518,5.2608616380235915,21.576691629503696,24.625938402272755,-54.17576901480768
6182181.346863665,0.21856772489692602,5.262117492535406,21.60820192172601,24.619822591354648,-35.79885748777495
6185050.372676786,0.2188219971048747,5.262223974473994,21.66596364611711,24.619520644688272,-16.092485907076657
6187188.103999723,0.21897193085750913,5.262701316528147,21.732576323403524,24.62074777506278,4.300982508370911
6186372.390289238,0.21889444462743765,5.261691070291565,21.782822646076067,24.612475122397655,24.528427695465663
6188378.602243422,0.2189397161044156,5.262381399317757,21.830609770733066,24.623610055064173,43.72242226650726
6189859.057534911,0.21893352953882264,5.262853377585224,21.85810795926118,24.642491305996444,61.39331076726674
6191615.856423423,0.21890975332703974,5.262774022166426,21.875059661683988,24.673377442316657,77.35706610250313
6193487.224813448,0.21888783703340037,5.261954039834283,21.888670704592396,24.70308829763584,91.69854973036325
6195201.15892088,0.21882922816941983,5.260161366756073,21.89497102361194,24.73653525961924,104.61835504395619
6196589.3243594,0.2187524700676925,5.258842801339887,21.90949085364513,24.75214973056895,116.35906194519224
6194622.940745609,0.21875581312028022,5.256735843183676,21.850344876133736,24.76895283709971,127.21020914047455
6192757.151303319,0.21881651199900398,5.256660251636234,21.811315445709727,24.769324685231513,137.29669355791034
6190865.498442426,0.21890744651819113,5.25870223103861,21.780633636271265,24.7628756717425,146.79455338146934
6189639.21323128,0.21900140133912982,5.260331423589766,21.765799542789797,24.76072101874315,155.83449215303904
6188772.735489564,0.2190917071415306,5.260104295285026,-338.2361383241683,24.7606230178712,164.55153485758208
6188553.236451194,0.21912182350448306,5.259933855086013,-338.22904990683963,24.76026454402053,173.06775598323497
6188077.286689531,0.21916956777547586,5.260777085749434,21.773235957393254,24.763431703898757,-178.499739819097
6187904.57449773,0.219180781430896,5.2605313811153325,21.784133707938114,24.762025592847998,-170.05316881263877
6187283.600552456,0.21922820745180255,5.259661573853548,21.80177337800425,24.75511833192434,-161.48583212225424
6186851.741402317,0.2192556616260261,5.259794064576528,21.808581355655022,24.756530055958212,-152.68447093838054
6185960.237286704,0.21931475108090612,5.258541485725894,21.841794791069198,24.73792760122422,-143.53808461877694
6185938.14104959,0.2193283601957818,5.257834600547886,21.855584327869433,24.722706334127718,-133.8879987582571
6185999.430453746,0.21933497204441882,5.256822909421377,21.88983999633001,24.686423048099613,-123.59186235823941
6187631.427648034,0.21937141675720415,5.256593579975238,21.87786199086347,24.66330372168432,-112.43244794992839
6190116.457935616,0.21950726922147654,5.256818733301489,21.858642836450908,24.637610729234922,-100.21942085012824
6193119.387685781,0.21969714584591843,5.257523433723658,21.839939014937645,24.61430792093105,-86.72908199279905
6196567.637634922,0.21994885551964077,5.258704942599874,21.829160888898492,24.59401609170789,-71.73501691368506
6200171.825857347,0.2202422334625067,5.259735711846059,21.82946212423521,24.58392295779844,-55.07443062030716
6203459.187388247,0.2205420756829312,5.261719059935824,21.864053261472783,24.574045511625393,-36.75504348190776
6206824.28156108,0.22082741165216507,5.262225214728175,21.918613817929344,24.573339726309303,-17.064340196450136
6209430.881539859,0.22100955249709198,5.2629535981571385,21.986904208981667,24.575229238923168,3.355125653525005
6206806.8125018235,0.2208172799639998,5.260787824920774,22.052035182541896,24.558116963669057,23.644908991961348
6208477.366387254,0.2208495131167986,5.261496478292381,22.0940746607825,24.569295360723213,42.93313081541641
6210312.669449599,0.22086092602372687,5.262014989874611,22.124437984200036,24.589361504757107,60.68783768932145
6212071.977509083,0.22083498219678477,5.261956500614774,22.142653812023667,24.619503129481572,76.72471021503551
6213827.093548706,0.22078650756374663,5.261013931599685,22.152378873413074,24.654449964196374,91.11921597909928
6215394.155838121,0.22072020797207076,5.260045490967797,22.171355382753546,24.672672831760007,104.07695339776105
6213969.201256242,0.2206610260637923,5.257876537682957,22.118095574796303,24.698640434987336,115.89351216872414
6211957.890948925,0.2206623736203677,5.257245444590269,22.070224182238935,24.70369025061954,126.74945594315854
6210007.075467246,0.220733661171804,5.258176717194556,22.036008065801166,24.698690415193852,136.82994577001446
6208315.5660347305,0.22080293500612733,5.258975634888145,22.003808117312392,24.696114826441658,146.30988368876862
6207283.795605646,0.22088603278085447,5.260380704098514,21.99264062203824,24.694180909346308,155.32256866854962
6206786.098225445,0.22094228273529717,5.260686078963136,-338.00687226915005,24.69426739534453,164.00654249794533
6206384.902741501,0.2209884481262792,5.2605896293841266,-338.0022559664215,24.694066462852366,172.4876673381541
6205659.848502837,0.22106207175435455,5.26020446172959,22.008136143239753,24.692635129917562,-179.12802291374945
6204967.730670046,0.22112524150484808,5.259642462588256,22.01952450494998,24.689490155896266,-170.7327331259049
6204619.677307986,0.22114366578184108,5.258619702768531,22.039136908364963,24.6815095359725,-162.22734349106997
6203775.958000205,0.2212040480354978,5.257352283679903,22.066056520068987,24.668065021054446,-153.50201721442917
6202886.2943398375,0.22125344145215523,5.256107537889513,22.10095004097164,24.64997063144634,-144.43983479244267
6202324.197692849,0.22127347068119207,5.255687281448922,22.121583635392675,24.641166717364754,-134.8982581847006
6202076.873553975,0.22129075692692546,5.254834131103566,22.154924526288546,24.612014400051418,-124.71920496896973
6203258.7317557335,0.22132024249573515,5.254504531768677,22.15820753151255,24.583181895189018,-113.69809280167037
6205833.764958866,0.2214355501871255,5.254606607242686,22.1247954831594,24.56886567381069,-101.6301893594071
6208632.410288358,0.221612296169292,5.254956450366197,22.09764291954281,24.556441695552664,-88.30874468548146
6211910.182342777,0.22185435388230731,5.2560960035561495,22.088469692843663,24.535752095706474,-73.4952773256117
6215489.391594384,0.222148793786393,5.257667377576678,22.09433881029572,24.519502275237762,-57.01140068983604
6219177.282623762,0.22246862019855462,5.259301504577068,22.12077750882063,24.51067481801202,-38.83230370634781
6222619.511310145,0.22276098652872078,5.260228874786982,22.172043060449322,24.509229125033215,-19.21841023693083
6225405.37064991,0.2229623416407094,5.260250238620143,22.24665450704677,24.509048895941632,1.2116462392480474
6224616.11930996,0.22289325554920905,5.2599805366683485,22.289542904192256,24.50687624390065,21.620083256299882
6226564.817026025,0.2229389277824531,5.26088227234882,22.335175260243382,24.520233372262645,41.07755309667278
6228426.8780844975,0.22295809352981458,5.261498219621608,22.36269663485456,24.54182336870839,59.02776986211124
6230168.53042496,0.2229399685254845,5.2615042935810346,22.378716665164305,24.572319766301735,75.24628694593328
6231768.996776182,0.22289594229649404,5.2608217266650605,22.392388040036487,24.599594568568914,89.7935804476686
6233508.346699093,0.2228417930954314,5.259623984246876,22.40858405866228,24.623128462957997,102.86357134589358
6233269.94943616,0.22279066848909132,5.257164026527045,22.37511302779822,24.65357335534934,114.73909256156143
6231195.552360352,0.2227821100340096,5.255273627093644,22.315885932518047,24.66927623727597,125.6517608747498
6229141.925378736,0.22283586254188278,5.255432731655301,22.274251415682574,24.668366191121482,135.76851479402325
6227339.35983165,0.2229099802054517,5.254872475760316,22.236102855031007,24.670235432393227,145.26350540916962
6225956.583868148,0.22301652035373096,5.255963774956301,22.219048161030155,24.66855632465953,154.27857824727994
6225268.045087302,0.22308707473315734,5.255677422308071,-337.7835152062965,24.66849719033561,162.9475168424537
6224449.540056104,0.22317683685935794,5.254220902541344,-337.77645586720394,24.66585054265518,171.39641329558089
6223672.409617884,0.22325468794189532,5.253539308042788,-337.7697027955069,24.66345022709135,179.7394593186564
6223014.5878476,0.22331444976703627,5.253057405967815,22.243179400779727,24.66085664446825,-171.9269845954065
6222256.606235603,0.22337398935988637,5.252003576480841,22.263971028742613,24.65292559636533,-163.49739613803183
6221444.147562575,0.22342485972308054,5.251187257419337,22.288432027357373,24.64457452021194,-154.86572907481718
6220918.486171192,0.22344683236219973,5.25013895342253,22.314849628592054,24.62995994362198,-145.9081466224961
6220035.163151916,0.22349016639116648,5.248743052022204,22.3591305317938,24.602325372558507,-136.50272021750862
6219706.964065289,0.22350179606601303,5.248013191081982,22.388585984995288,24.579356018988218,-126.48255638364863
6220944.644142166,0.22352973924714423,5.247735517574663,22.381522184831724,24.55955673612124,-115.64592004752554
6223541.857989339,0.2236344639661648,5.247812813453829,22.351070336814484,24.54092374198659,-103.79503113997588
6226429.790971519,0.22380380418216425,5.248163580656009,22.322403759077908,24.52663395668053,-90.72178297751876
6229799.343611743,0.22403540996040375,5.2496090727554945,22.316342619358007,24.497772454813965,-76.18201946855767
6233034.87959327,0.22431246035467547,5.251477063116697,22.328525505066153,24.47662030992488,-59.986256452700424
6236560.481871383,0.22462277771347827,5.253291431110078,22.35415799551259,24.46557163937687,-42.05945264743961
6240080.010028241,0.2249236704652189,5.254706779146596,22.4013761673772,24.46261809196544,-22.60609115550059
6243104.47960012,0.22515018185295033,5.254370346805691,22.474435932492423,24.46172369360387,-2.1965070767351462
6242493.081033815,0.22509823806246174,5.254638443510056,22.514074824808883,24.46322491760124,18.346300239599433
6242726.146154102,0.22505019694429648,5.2560793277980595,22.5444772845854,24.482468369411205,38.064612933291436
6244576.321467528,0.22506425842281924,5.256566608967198,22.58244751835686,24.497178573764714,56.31192785122877
6246452.393885968,0.22506322602184892,5.256676994615935,22.600576773379192,24.525362477683196,72.82386586878901
6248098.291668696,0.22501910618905277,5.256081005283366,22.615445967007993,24.553090352474225,87.62377731065389
6249898.863267759,0.22496900841069814,5.254578126935689,22.624386759217774,24.585066600395795,100.89779286365471
6250060.381697541,0.22490547613385836,5.252439428981756,22.602194205644658,24.613154928203148,112.92198728418332
6247747.726608163,0.2248762822942368,5.2499228605386,22.532423900202378,24.635278572982383,123.95460937306683
6245690.719535623,0.2249202172270828,5.24962014015794,22.488115479483277,24.63703415916026,134.15181404796078
6243909.306728752,0.22501330343453188,5.249527422255075,22.455473483619716,24.63735395369928,143.69354159443384
6242432.70139759,0.22510344136178045,5.250735888242766,22.432327105809442,24.635179660516425,152.74047773134234
6241127.019365082,0.22522312167805408,5.250227224902249,-337.5785538262219,24.63521221084333,161.42051281574862
6240721.038637137,0.22527345150922198,5.249421569439409,-337.57216852392867,24.63395156737075,169.85126905080813
6240164.488166405,0.22533253100731596,5.247427110944037,-337.558846937452,24.6275052981376,178.15519762381783
6239568.2811008915,0.225388331865376,5.246001117042702,22.456806536736384,24.62030919889637,-173.565264334373
6238919.8908772,0.22543852737938208,5.24435908347264,22.481150727650856,24.608604056085127,-165.2114724859584
6238060.912105784,0.2255029985974418,5.2435435103060435,22.5020291476581,24.600689015259963,-156.6746725548102
6237380.778518353,0.22554026666596264,5.24259336019439,22.527766574048794,24.58818314399665,-147.84135142276887
6236920.515226528,0.22556999440641895,5.241167257792717,22.561451602306686,24.56188962451778,-138.57798158712896
6236899.069843838,0.22557544493039738,5.239911427627156,22.596866060356426,24.526310524249645,-128.7356362377349
6237669.485550644,0.22560971570304034,5.239293689964727,22.61423385748445,24.491159388286942,-118.13136836666907
6240111.310839197,0.2256998739886802,5.2393019430698615,22.593513739123853,24.46463080939635,-106.54992231875902
6243177.273000812,0.2258561603806382,5.239804063929651,22.569848423075964,24.439456097371753,-93.78569853661159
6246557.662847804,0.22607601363421134,5.240782308248605,22.553393341521943,24.417227627270854,-79.60027093829011
6249909.786211181,0.22634243777770616,5.241963838748607,22.55137759562851,24.402146707067153,-63.778425744169155
6253011.636632437,0.22662999321643465,5.2437225603023725,22.57715149065825,24.389721216354847,-46.211690818123685
6256485.174046364,0.2269280204656365,5.245435577890587,22.617515913218668,24.384802764961886,-27.017026756584997
6259612.759686952,0.22717332924670938,5.246396013570946,22.684088219864414,24.385609949955782,-6.6968980679619
6258122.999857182,0.22707553440439374,5.246745553771892,22.72663803383767,24.38725840262836,13.959614200709979
6255009.396937147,0.22683213524098264,5.247694703324127,22.757234732431886,24.39818035976187,33.97782890179685
6256746.131187294,0.22685126904176803,5.24829550864435,22.79221160023116,24.413173325534,52.61102522146675
6258577.347662397,0.2268514633139635,5.24855580501758,22.810426643860154,24.441415292818796,69.51664005454347
6260378.041927706,0.226824201421568,5.2480055366519585,22.821255620023443,24.474619114088892,84.6695323964102
6262100.525148895,0.2267864413966753,5.2466343476566255,22.827130091151254,24.507394892483877,98.24092438699773
6262582.901289176,0.22670550478056642,5.24491341104023,22.81633489526753,24.53197540934159,110.49142259801583
6260623.469093395,0.22666482180262548,5.24315845545284,22.760461509831288,24.54861130419318,121.69512834505856
6258388.133071043,0.22668371526357292,5.242876114857149,22.711620270188764,24.55038438732788,132.02955321550434
6256878.658686865,0.22673675306971794,5.242721745521246,22.680733041752934,24.55099026778985,141.66262940898937
6255388.525100052,0.226833530123773,5.242659499551201,22.65670449311158,24.551107773524695,150.76825141889523
6253914.749195483,0.22697030938755489,5.242914179343214,-337.3553825595197,24.550989278116273,159.48066226290683
6253466.055611784,0.22702803475952724,5.24288024900141,-337.34985137067406,24.5509375253822,167.915956628935
6252748.824345985,0.22710209738821416,5.242231807309195,-337.34445704486205,24.54906287256684,176.20368994425212
6251956.128511449,0.22717868163994753,5.2421947618211115,22.66500493812275,24.54888111267425,-175.56111053424345
6251291.682235843,0.22723304469696037,5.241178061305458,22.683896679054786,24.542118663320533,-167.2748808556695
6250614.579588391,0.2272832287403853,5.239996609507428,22.705601550664746,24.53139831513051,-158.83037533817657
6249740.322137024,0.2273337745203589,5.238743591389578,22.737668476204632,24.51603113470683,-150.12390937284897
6249133.040081335,0.22736951008782302,5.237274748280494,22.772972880242914,24.491108936330267,-141.02028714058642
6248783.211774183,0.2273974517767153,5.235875710719957,22.813334198711104,24.455780440502505,-131.3788380709425
6248839.554443538,0.2274334784903471,5.234986205592082,22.850796298233902,24.414991430995972,-121.03045571327294
6251389.974740665,0.22748287727715089,5.234860976175309,22.830004792742816,24.38499046073756,-109.73956792116675
6254311.3048724085,0.22760920643714402,5.235268417573386,22.808094960022608,24.35738805971426,-97.32680904182699
6257608.658421958,0.22781271553362795,5.236247191574648,22.79296762618376,24.331139009332237,-83.54811212759523
6261082.933494674,0.22807287740138116,5.237217382839564,22.78281226712006,24.316892646240163,-68.16944117766847
6264861.208483104,0.22837990852938175,5.238495241289086,22.789862365452812,24.306269178023314,-51.03296733556319
6268665.618962416,0.22870372130103506,5.240330487350011,22.824794003814684,24.29919810408527,-32.19435320838276
6272009.680181732,0.22897519969599578,5.2413821011372645,22.88548414197883,24.299084635254133,-12.04784852295232
6273495.870041065,0.22907099740170328,5.242246262244676,22.955731463720465,24.302493373118573,8.649295577919666
6270274.190605629,0.2288305258182671,5.241735118449427,23.00783084106461,24.297292900082212,28.964905146323503
6271758.964022215,0.2288413455802864,5.242799311651911,23.036060988986083,24.318936861998548,48.040683629566885
6273538.017162042,0.22884157087974363,5.243226118866719,23.05657556118587,24.345847813497105,65.42284701905426
6275175.807336837,0.22879633645484995,5.242958827878616,23.077373923928207,24.370714012630195,81.01570725181315
6276913.808046397,0.22874648117491192,5.241752436294327,23.08497781996809,24.404431842238143,94.95862555845319
6278588.906311743,0.22866646249020695,5.240012787406195,23.095161829414824,24.432065205211867,107.4861266970141
6276264.739502154,0.22859567742591,5.238468062214066,23.034565503114365,24.44811399075696,118.92859613064215
6274138.92178845,0.2286094217048763,5.236810205398722,22.97930509996071,24.459740595770675,129.4346551515577
6272405.889436565,0.2286706922997136,5.237512490136112,22.94859064926662,24.4565079789315,139.19713082241
6271023.840103257,0.22874421881120618,5.238527630564454,22.92638823240488,24.453881229005482,148.38776515755904
6269952.940856349,0.22883448517507576,5.2399742241278995,-337.0843235852969,24.45268641808186,157.14828580752285
6269207.9762936365,0.22891824433932426,5.238763834633615,-337.08200222260183,24.451673916536453,165.60434427917428
6268718.823055521,0.22897559370276532,5.238285224670512,-337.07369922351813,24.450484977959867,173.87558013637505
6268063.171167577,0.2290410116715853,5.23709103250716,22.93888464120948,24.445477479486858,-177.92892779038385
6267389.073227335,0.2291010948526638,5.2359175744711,22.95490802800391,24.438305071101613,-169.70976992571755
6266831.735057965,0.22914659960560352,5.234168955509148,22.97686125778454,24.423635713852594,-161.3626257265953
6266166.997022308,0.22919172523718043,5.233084306185849,23.00007697684632,24.411357571253617,-152.78521431347605
6265750.249026505,0.22921399424556185,5.231323244467173,23.034956383461587,24.384111952717994,-143.85210869697383
6265392.843878796,0.22924567895517964,5.230004987074607,23.06893916275802,24.354631679408843,-134.4281791375622
6265592.552547628,0.22926714453845168,5.229165970145313,23.094297731278573,24.323274985681312,-124.34794077169347
6267596.869702509,0.2293346153408714,5.228800114445039,23.092080568768562,24.284157491200205,-113.3993586407392
6270451.861256018,0.22946096537867255,5.229121365121006,23.078020832997737,24.248150862821372,-101.38915109813287
6273656.755821876,0.22964171266904246,5.230029057509894,23.063828311974667,24.21787276656144,-88.08349433855551
6277157.670195829,0.22988867967251872,5.23117464246365,23.05285500097019,24.19793272655128,-73.23602070120623
6280856.888443442,0.23018568940484443,5.232604360760021,23.057178473094922,24.183713254886662,-56.65184375101452
6284421.306224991,0.23048840276803212,5.234084610486432,23.081742287620283,24.17614727864995,-38.2978285043955
6287897.588834809,0.2307775924831504,5.23555686326567,23.13302560935985,24.17440118981207,-18.452519266009254
6290855.742634237,0.23098421571909264,5.236301701701766,23.205765402534805,24.176333794346938,2.218571141539547
