Episode: 607
5502007.650145294,11.46416166706603,4.9960609161882505,20.10042091245721,19.96105865484669,30.842543397795644
5503676.02508755,11.46491146881523,4.997091550249309,20.1430982612649,19.982339549820793,50.446501805334506
5505323.41785937,11.46411964008025,4.997400283080442,20.178299261514592,20.00245368985439,68.3895905637074
5506874.4999862015,11.461355640050863,4.99705824468133,20.196481639943233,20.03413143720125,84.58671530098286
5508411.789238021,11.457685563361268,4.9957961496944145,20.205269673538393,20.069278140854504,99.1788721608402
5510045.664882526,11.45405778463494,4.993679285809918,20.213216247647168,20.102434241428735,112.39946711118928
5511321.999814482,11.44957927623963,4.99043783007433,20.20989960419651,20.134983640545748,124.51186479601303
5513012.056432806,11.444444041472966,4.9864493172770485,20.22095491146524,20.160959225761914,135.73323922858305
5514598.513757652,11.437382368711932,4.981990362882618,20.231087616584556,20.178290190922567,146.28949933244684
5516120.329784753,11.430596809527634,4.987288337015442,20.265271274486516,20.169286457634932,156.35418912624763
5517715.397709599,11.422645815395772,4.992275938597582,-339.71480398748463,20.170797879250085,166.08746238141626
5519269.755902737,11.413976147190281,4.997606584106541,-339.7162428936691,20.182862672739937,175.63912187397392
5520811.011910945,11.405079479488302,5.002514035127591,20.268315214938873,20.204080204267637,-174.86334774885523
5522343.905127833,11.396183477194505,5.007030773915332,20.23476993330053,20.23414605185169,-165.28505045758766
5523864.751498751,11.387615863117269,5.01033548796852,20.192167487533904,20.26564718595649,-155.49386946646388
5525393.001339627,11.380594293150937,5.013475380175136,20.12587295398858,20.30797639937531,-145.341165310909
5527058.463713402,11.374532003898,5.015252998336866,20.057457585258543,20.343166433716465,-134.67112039784377
5529274.352408797,11.375608797174184,5.016661580452812,19.948913844171265,20.389668725285304,-123.28217754858237
5531307.25295864,11.381185476809307,5.017122706922078,19.855791940025313,20.430170502969684,-111.00335823323985
5534028.654961912,11.389930575830022,5.0168281520450755,19.761746264031267,20.466498025832816,-97.58362860374501
5536997.378429152,11.402510934098293,5.016196906343994,19.69559033164075,20.487145354463028,-82.78939168127229
5539928.913052373,11.417875367754927,5.015624599046444,19.665358004446677,20.496543379016288,-66.4068359705926
5543268.8575191405,11.436459166885962,5.015358348486475,19.66815401524285,20.4988305917094,-48.31710793779229
5546399.843567535,11.454518743294907,5.014162038350262,19.70786133826858,20.5033466418094,-28.646351943397928
5549215.348667175,11.469012031177646,5.012496802466428,19.787075792474695,20.50260719874127,-7.855075902760844
5551131.312630974,11.475965227632486,5.008275121403318,19.868680219610148,20.48223500688348,13.301302629752746
5552968.198279681,11.47986467225791,5.00995185459892,19.91213491819165,20.500331116992918,33.878782798754976
5554605.270798678,11.480621142872337,5.010917330513264,19.94857089987985,20.522634560908845,53.14613009642088
5556075.016422834,11.479325663689623,5.011192895672215,19.97574483957347,20.54601237792601,70.73863756381661
5557718.517143898,11.477679704356024,5.010826038921937,19.996570003333822,20.57229306730955,86.61103115528488
5559184.364881374,11.474386903333924,5.009430408908653,20.001356765927945,20.608062208878145,100.92421554773499
5560834.071182556,11.471447409703023,5.007134866715716,20.00777960532458,20.642132859576144,113.91004815386978
5562498.193516174,11.466243521337526,5.004273832325176,20.018134405656877,20.669584514249348,125.82054021901723
5564169.995447461,11.460367618371073,5.000465534834559,20.029126504002022,20.693286959150203,136.88598306850716
5565700.336409077,11.453931825416605,4.997710351881709,20.046368586575543,20.70340613424494,147.31221408463503
5567297.107749354,11.446944805070512,5.003191127734745,20.081709888063244,20.6949977150841,157.26739566002212
5568542.782402508,11.440859341057136,5.0086867114263125,-339.9028873081757,20.697411208731175,166.91408339536557
5570024.656595284,11.432764771544198,5.014017018362366,-339.9021778618214,20.710100016865148,176.3865234597898
5571372.366133446,11.424988406008755,5.0189302235348086,20.082283833005175,20.731866109958347,-174.18204844612643
5572754.20399563,11.416899953001797,5.023433924274065,20.05016760216467,20.762309542841408,-164.6628663474149
5573927.992527051,11.410717836885093,5.027305740248825,20.000655689980267,20.79963535226319,-154.92164663386325
5575442.46992965,11.404052010354901,5.030427381631412,19.933153833345358,20.842110693879487,-144.8144547315626
5577100.1958387215,11.399727611199255,5.03262107153719,19.851120179056895,20.885944055699376,-134.18313093725016
5579202.873348197,11.400843194482473,5.034013157172674,19.746357164180782,20.932426176720462,-122.8406652488928
5581388.156594204,11.406574970062467,5.034508625283464,19.645951017122677,20.977138626743454,-110.6026408493288
5584080.494952841,11.414927499389393,5.034250790554941,19.55860347310049,21.007887241643513,-97.23191149401562
5587059.715801781,11.427478402594994,5.03356666417849,19.4914157391929,21.030024014575353,-82.49363860988623
5590271.360670688,11.443567820653646,5.033244298645911,19.46138191042007,21.035280352372926,-66.17446569926575
5593466.436334716,11.46150095639672,5.032761737236871,19.463789425860103,21.039469612594058,-48.16912299272115
5596484.977195187,11.478770853491369,5.031979244855012,19.502918722710582,21.042362135374187,-28.595661954272142
5599269.915379809,11.493058628080895,5.030299060656002,19.5811500765274,21.04170853784746,-7.914647738977232
5601562.833906157,11.501367956821415,5.026066541065519,19.671926647497028,21.021696595862828,13.120804528210591
5603483.615361536,11.505418708925921,5.0270899039962424,19.72567084506048,21.032472391362834,33.596361640682694
5605156.263442241,11.506188264346486,5.028097319264655,19.762996821361586,21.055148613157527,52.782810132719575
5606730.549255563,11.50490615851271,5.028398328289958,19.792994243202216,21.07873462156483,70.31149739568926
5608058.271816062,11.503269401918615,5.02801448221956,19.80244798664724,21.108363237236265,86.14518316348314
5609729.410165422,11.500687238382335,5.026700915389744,19.811901037910214,21.143013169695138,100.41663805121676
5611339.1371215265,11.49619461722994,5.024341384983153,19.81631918382642,21.178836602878853,113.36869868936186
5613025.715997126,11.491724610331692,5.021378457637312,19.825968939742893,21.20793434395107,125.24506797633582
5614771.62562103,11.48671537770315,5.017218511070218,19.837544150425195,21.234593007730165,136.27215677515966
5616476.837164991,11.480452182500894,5.01469626858315,19.861273112696015,21.244282217917927,146.65398868417202
5617992.716068681,11.474053673462524,5.020185161645997,19.89715068192348,21.234924316877017,156.56606774378662
5619489.47242604,11.466635257678035,5.0253508542890275,-340.0844278128368,21.236246554285202,166.16064174277736
5621093.719549667,11.457962831502334,5.0306415247285114,-340.08087026414404,21.247744869188885,175.5729604543334
5622671.0645878725,11.448934983540651,5.035593854793666,19.90312551335618,21.268458913399634,-175.06282434867356
5624246.080576122,11.44001635524976,5.040172150225313,19.86731119173217,21.297970347127638,-165.62041719581313
5625707.6214866415,11.43276367548022,5.044091766737508,19.812340655891422,21.334077546385892,-155.96962779247875
5627277.628603464,11.426766395181444,5.047322660444392,19.739791205589484,21.3759406905656,-145.97348458651794
5629041.29216926,11.422488014910222,5.049691560058296,19.653464647062993,21.420516760808514,-135.47980627336636
5631304.779762717,11.424062268869454,5.051052225841938,19.547764126069396,21.462027276513112,-124.30305302729533
5633478.951486465,11.429362072973065,5.0515574307615925,19.455177181529063,21.498413673794467,-112.27339361602645
5636180.843710588,11.437546894329367,5.051373211987936,19.362803738089692,21.532798490781612,-99.15416816357659
5639128.507496402,11.449556565404459,5.050944093587233,19.30007627882184,21.54863790517031,-84.71518417557333
5642298.031741466,11.46508795419944,5.050805762481343,19.269704710944804,21.551129991219806,-68.73817499283199
5645607.304397324,11.483132684555235,5.050396266884383,19.265943750107983,21.55507592859628,-51.09478576542735
5648653.174540695,11.500783088819743,5.050127529422632,19.30306442155765,21.556158285089058,-31.863008564403454
5651602.681395138,11.51611696676448,5.048296344026342,19.37341987276835,21.55678570427763,-11.432158679181486
5653789.585337356,11.52462428006289,5.044519866429427,19.482290573565482,21.54219046909894,9.468580034643484
5655491.522868369,11.528271724442229,5.044212378840226,19.54969331890738,21.539121604830527,29.990386819406652
5657241.76798014,11.52974601402902,5.0448321731936066,19.598301127048448,21.55103099930595,49.33995302917819
5658553.753069587,11.528361945980228,5.045281826635897,19.622322551465636,21.57551281611318,67.09397920242276
5660277.749237552,11.527230953627631,5.04506672531478,19.643729811180688,21.60263478602727,83.144692734436
5661897.619116697,11.523847412328834,5.044239741892034,19.663704837978184,21.62792882237751,97.61837531226988
5663489.624753069,11.520199864386253,5.042630021898107,19.676569966159736,21.654955091097673,110.73856785039439
5664858.2533317115,11.516575455401936,5.039490923631921,19.67450523709539,21.688735310133115,122.75123478647707
5666553.456037719,11.511212315342656,5.03681228383248,19.69174601384598,21.707683708936774,133.87249283974748
5668190.757776614,11.504456266340814,5.034392221598202,19.710744349952726,21.718310151889852,144.3159993239665
5669859.703066254,11.497461995364914,5.034177336233994,19.739247671209775,21.718761608833702,154.25181282547246
5671362.879997475,11.490444982556452,5.039733417419507,-340.2366829768983,21.71745401049235,163.83929595083688
5672931.12149916,11.482138457149901,5.0451911908775555,-340.2298790520654,21.726512156161238,173.2168750832457
5674352.637245916,11.474089488100123,5.050009397236794,19.758223768375462,21.743903930076247,-177.48438676004636
5675892.275849238,11.465327220463422,5.054371669841578,19.729593109654065,21.76903788464507,-168.14246597086915
5677480.900596641,11.456765440737273,5.058555863663381,19.681411875020036,21.803877929249293,-158.63155935689772
5679006.918635925,11.45023150302388,5.062038288881607,19.61473916822927,21.84456179036184,-148.816765301656
5680732.687258013,11.445565958584886,5.064717080674865,19.53023548276878,21.8892224252081,-138.5515574486735
5682946.708844345,11.445610449468411,5.066280073221694,19.42788812436785,21.929451008749176,-127.66293851302241
5685292.621090567,11.449416292441596,5.067188918596786,19.319937978833348,21.9754802552857,-115.98424454255546
5687969.607510317,11.456374316255234,5.067225138785311,19.217700561785904,22.016941298725715,-103.30073805557768
5690675.706562135,11.46717589583455,5.067191874992372,19.16895040382944,22.01877885765164,-89.38887902537402
5693779.973339671,11.481629287502994,5.066714100897178,19.123980590761015,22.02931943987571,-74.01374672345159
5696822.7665046975,11.49854335811954,5.066342053412695,19.114502955217684,22.033726104424947,-57.018549134482015
5700105.377011402,11.516652502122316,5.065827440542935,19.13281370165453,22.03678945290547,-38.38716034576417
5703176.107085604,11.533263567649684,5.064731974857761,19.19087014227931,22.038617731485044,-18.40449012197189
5705680.044757238,11.544435606416041,5.06143294372244,19.286998273688017,22.030977505508822,2.315588650130148
5707781.892016416,11.550792893711622,5.057256261361262,19.373395089683864,22.0010976164713,22.968191898927277
5709277.510713827,11.552269003824613,5.058081846057512,19.419216569740463,22.013145670468063,42.68655671949273
5710760.094224617,11.551886265685967,5.058746566018008,19.449223368262935,22.03573173701602,60.92690850370794
5712498.327072818,11.551325873813068,5.0587908206184204,19.46860575423955,22.06568515379229,77.486185384005
5714152.67667711,11.549106563230037,5.058093425103168,19.484172835973308,22.09564284427053,92.42395692353317
5715934.06783946,11.546652307700187,5.057148745652564,19.509019664810452,22.114949344532874,105.93170331224403
5717719.927402927,11.54316996524512,5.055065706214495,19.524788792649883,22.141355086847483,118.24754877646306
5719438.3511441145,11.5387566470866,5.052579370701482,19.542377703167375,22.16213811000041,129.60607995662303
5720982.050199084,11.532874724108478,5.050955661020805,19.563333906060823,22.170880546454605,140.2216147059091
5722427.321876846,11.527260884092376,5.050630533900132,19.589039093868163,22.17185423464696,150.27122514590928
5724086.190375561,11.519550616032507,5.0552986418651775,19.618278103263563,22.166954432793325,159.9133741195042
5725613.304508517,11.511704964179563,5.060826724082453,-340.3693617943318,22.171602039558998,169.29404419162807
5726715.73254139,11.505554216054938,5.066161492036072,-340.37848316408133,22.186160933902833,178.54592720651323
5727806.268103525,11.499382845681694,5.071140444479113,19.595941017872054,22.209800241279957,-172.21317704906537
5728962.132462369,11.493294719960266,5.074970565737388,19.557603155214572,22.236869002367232,-162.86009451496614
5730053.631741408,11.488049145668207,5.078708438181358,19.505632319231015,22.2741218639237,-153.27480485295254
5731299.663496023,11.48429162336339,5.0817868076988235,19.434382909562242,22.317208223866132,-143.31113607000543
5732390.470419366,11.483593461063382,5.084026204040264,19.357846913159182,22.36323477667377,-132.82784706070274
5734728.443952732,11.48565577342661,5.085142813903342,19.25547531560231,22.40188352942875,-121.61969068644348
5737264.078162581,11.49080076034893,5.085491765119123,19.159400165273045,22.43620663943486,-109.52134325412202
5740043.758375511,11.499558890067805,5.085326861128568,19.08538230950351,22.45409087842947,-96.31147583881254
5742964.261032525,11.511697392823706,5.0848966469251895,19.029461024297802,22.467631727221498,-81.76164509106042
5745979.71929007,11.52699937367594,5.084864822468363,19.00848602243371,22.468147638326155,-65.66973537097881
5749167.010976369,11.54440831615014,5.084435813165169,19.01062068768035,22.471851703113874,-47.93292206939771
5752519.47893635,11.562720652868528,5.085094322133216,19.053514082306542,22.46905223808917,-28.67223913745315
5755371.0251786485,11.577086129195346,5.083637746754494,19.12947764405004,22.46865321641615,-8.330413760742024
5757124.6114371065,11.583311554851745,5.079532024510301,19.224574484641575,22.45040400351764,12.366482162295284
5759060.269908711,11.587582363872983,5.080497297840267,19.27644914484694,22.459986959123082,32.55721727295376
5760764.356846569,11.588559049847737,5.081532497080039,19.31442399250249,22.48151895357109,51.518292511133836
5762481.840402901,11.588584433430249,5.081901587849359,19.341813117177104,22.504907750177516,68.88147010089224
5763914.357384492,11.587072299755365,5.081665870698464,19.359651479580826,22.52825959591525,84.58617691717097
5765336.537885733,11.584746176681715,5.080801217220533,19.37231159514513,22.55318478073404,98.76140324665485
5766919.931691332,11.581966960624486,5.078794504329743,19.37803624966058,22.585784974674873,111.62289864641501
5768368.813035583,11.5789453007989,5.0768151316838,19.390552565645706,22.606559092804826,123.41251644878345
5770128.087839309,11.573782594750657,5.075473068425311,19.418784958582936,22.615858457394207,134.3414779024338
5771836.57481988,11.567663565199567,5.075303608962864,19.45118005022548,22.616566135149146,144.61320062976884
5773538.404093927,11.560537554047839,5.077057001690661,19.48391723140281,22.61270176633899,154.3966329198817
5774826.146334432,11.554451328759642,5.082649640019007,-340.49632749645775,22.611195745313434,163.8461463730426
5775894.318066159,11.548759426958116,5.088040991626325,-340.4954245652663,22.619720036862905,173.09245776183275
5776669.757536614,11.54434744049282,5.092976095841349,19.485861853364174,22.636896070831636,-177.73940769967462
5777381.198839536,11.540399993629777,5.097394284502578,19.457841188476106,22.661489875204715,-168.5396740472609
5778176.347649327,11.536431442859143,5.100648315575736,19.422009784058197,22.687635902713097,-159.1837414648425
5778639.936426645,11.535173703242492,5.103728676075402,19.375130933052887,22.722234965626896,-149.54831251402476
5779440.589536421,11.533274535006145,5.105693866387749,19.32462371781644,22.753472629352537,-139.48963022903934
5780831.00868015,11.533166243765502,5.107618693628281,19.239733514685412,22.799863053418353,-128.8376357210448
5783219.990476146,11.535768680838755,5.108488071194806,19.138976895218413,22.83878570197358,-117.40704499416309
5785839.360340552,11.541907839990897,5.108593912507814,19.04980567505383,22.868146394419288,-105.01587064398497
5788514.656163199,11.551388093020408,5.1083474183214275,18.986292342050703,22.883086291177236,-91.44429393869623
5791621.909015065,11.565053425905122,5.108215443996463,18.94517975130265,22.886337467371312,-76.4604149016546
5794718.522498634,11.580843628404008,5.107849509165262,18.926522522693343,22.891108390758845,-59.89256620025212
5797723.668555804,11.598093039440005,5.107374660640025,18.94376684740973,22.89433335078247,-41.70371596830595
5800776.934111115,11.614414583686646,5.1069001800203795,18.990950220181293,22.895373828023715,-22.09840673948334
5803586.764017802,11.627226895297817,5.1043882614139795,19.072805434891674,22.891606237167935,-1.6302758635605845
5804214.481341142,11.62832105483638,5.100162864475392,19.160135664768166,22.866309515071997,18.924336672851023
5806170.9670536015,11.631828321218764,5.100607005611286,19.21603189397522,22.871747320498173,38.70410427365065
5807960.126064312,11.633028077032002,5.101039686058972,19.258629592641267,22.883452616682966,57.10936522018071
5809675.378358765,11.632461560054042,5.101151068760276,19.29356309640582,22.898581370425312,73.8733071898853
5811431.012709262,11.631175557246447,5.100679285967191,19.312761720553617,22.925576626014823,89.00950233326155
5813224.783871643,11.629144006671966,5.099799624464464,19.336137106910744,22.946298437603296,102.68600971003804
5815014.35958593,11.625974743321672,5.097695585792815,19.348539682788953,22.976087797069464,115.13073380300831
5816793.263367049,11.621699179942329,5.095500031184883,19.36785421796512,22.996535343362986,126.57523995511369
5818405.919988506,11.6159570062581,5.094818897090081,19.395577263617458,23.0006858687344,137.23580108357692
5820159.423862642,11.609809760604108,5.096768075073185,19.436917932116085,22.993421533823373,147.28705568192848
5821869.418586779,11.60260678044709,5.098994615933621,19.46931032962646,22.98969868774964,156.89713084153612
5822995.510922484,11.596674444426107,5.103570085782758,-340.52126360328305,22.99063729809607,166.21991019569472
5823561.316634804,11.593459261751262,5.107862237268107,-340.5288640063348,22.999375964139688,175.37355578595796
5824039.494579844,11.590763187290632,5.111569259794528,19.455114729728912,23.01400712857895,-175.5293473019435
5824345.656708045,11.589369752561941,5.114542404279299,19.429490699000738,23.032088598149613,-166.36848638068045
5824445.229894331,11.589418967847003,5.118305997676614,19.390656086793943,23.064663299930647,-157.03197504748923
5825000.317298651,11.587189830958849,5.121122687651434,19.34693721752393,23.098619102244882,-147.38767383040067
5825921.19962406,11.585481356273968,5.123294097747655,19.286525585003922,23.135910795160694,-137.2847026485611
5827295.34520475,11.586061621124353,5.124492207803764,19.216557343774145,23.167823081290827,-126.56140812520586
5829791.811192069,11.589782124973265,5.124980327736969,19.127265787593636,23.193984076401783,-115.02333335823202
5832512.189843075,11.596867847679883,5.124977161527592,19.046632215781667,23.215216073096144,-102.4890320737078
5835477.240680082,11.60757501066035,5.12474163053628,18.98459217617542,23.226578306207067,-88.73374859873589
5838642.091615709,11.621428860656579,5.1246306213890875,18.94676841501393,23.228992611196084,-73.53809303102271
5841956.813231325,11.63853151870655,5.1246587568639255,18.937513187835638,23.228622384578223,-56.74558272195535
5845342.023694029,11.65688528431701,5.124684939811955,18.959475359262452,23.228334875784622,-38.35086703182243
5848463.4883344155,11.673345773329894,5.12430752525542,19.015838226192347,23.228841523163254,-18.62339850211067
5851055.50348256,11.684715795992252,5.121186304181881,19.107079560352435,23.222026830346202,1.8398649003292888
5853208.287471166,11.691326088309252,5.119391807536604,19.171855422986646,23.20959947206019,22.257515394154353
5855118.946593022,11.694392449977425,5.120401400065478,19.216571667227534,23.223645533555306,41.77429710326334
5856941.342671044,11.695192450028616,5.120848977408481,19.257771097677914,23.237715842420794,59.851858626856206
5858745.878827024,11.694642442126755,5.120906174194701,19.291428120949796,23.2545372092463,76.28157651390028
5860565.6282086875,11.693239654830943,5.120170282230258,19.30341282662488,23.28937544677052,91.10927812798136
5862264.871119745,11.689996745905395,5.119498977661844,19.33172475848665,23.303804112519767,104.51848389300791
5864054.149641357,11.68670016643455,5.118186858859776,19.355837650602123,23.3211836246475,116.73596081294043
5865658.944570614,11.68252012743478,5.117100186890878,19.381374190626804,23.330706425431483,127.99394159200912
5867382.955686908,11.676510174979466,5.117811628246367,19.41927760393869,23.326561585262976,138.49252064163457
5869108.752025416,11.669868826448111,5.12002476236408,19.45796414942068,23.318932673597256,148.41235937433802
5870797.186976954,11.662303871315485,5.122224632909022,19.486548412973878,23.315748231512032,157.9121017347062
5870857.981112735,11.662273311166059,5.125354283003807,-340.511206326195,23.316983989611888,167.14475792337225
5870930.994868301,11.661980136913833,5.128901740104421,-340.51619559345176,23.32481454459593,176.21297423607848
5871192.401646458,11.660485198704322,5.132187913821858,19.47689114120997,23.33832127795748,-174.77062876225133
5871257.4968583975,11.660043703785137,5.135032249750725,19.460440360363048,23.35609067270004,-165.68226959732698
5871244.744345216,11.660306015595204,5.137818699098205,19.4342740013703,23.380715422949446,-156.40664685423312
5871573.849876661,11.659520315200346,5.1396255833778195,19.40346820916367,23.40290779970246,-146.81343953640538
5871755.2634448875,11.659382172136707,5.141177243276619,19.37125223468049,23.430082897070974,-136.77337621346092
5872788.1364085935,11.659988348008735,5.1423066215668145,19.312028130833273,23.460923521675987,-126.10034233759018
5874972.793164376,11.664469476715135,5.142574951210234,19.241828178788865,23.47590420493394,-114.60731007507559
5877645.964852825,11.67089040531792,5.142560959213346,19.168887519421745,23.49125042113205,-102.10910151879224
5880263.586165834,11.68139194534954,5.142502537925262,19.1239056008679,23.494050153498797,-88.39471137179571
5883448.216385651,11.69564158224015,5.142720705352793,19.094691109764245,23.489521758371694,-73.23247545408911
5886843.365897492,11.712802772937167,5.143154359329821,19.089190157755688,23.48447526548936,-56.47176752083728
5890230.552910872,11.730682490242227,5.1430660242674175,19.107842770470853,23.48488889667119,-38.11050277783537
5893333.348392665,11.746840568570866,5.142258739320251,19.161699051374494,23.48616114315115,-18.423355469741253
5896027.006194329,11.758499285678134,5.140584344765447,19.249839108402412,23.482299672587235,1.990560701266841
5896230.2721126955,11.757723841359958,5.137524011487465,19.32421034276676,23.461123276809825,22.350945314694975
5898102.952516807,11.760670200681226,5.1379008001185,19.376585329570894,23.466318740103354,41.809154917149606
5899824.905439824,11.761157518723715,5.13828513233148,19.41810278776611,23.47847231421893,59.829391216922815
5901629.536902141,11.761336248832247,5.1383377602254,19.44879044444015,23.494701501971612,76.20664150578578
5903413.433174444,11.759912843068873,5.138017425970008,19.479562917890927,23.509539780247103,90.98274346311048
5905209.342724921,11.757287727777035,5.137315625733638,19.508286454955535,23.524562573383932,104.34097077837329
5907048.34642588,11.753962479572436,5.1367888981250305,19.543627785591152,23.531470743685812,116.5094237631065
5908644.11797809,11.749822909566138,5.136852474846761,19.578792160846284,23.530862175995335,127.7202684308934
5910317.623905979,11.745045125064921,5.1388944934076735,19.625309267214302,23.51902543518008,138.16977066500047
5912080.30829482,11.738448321367997,5.140775073637433,19.663888953973487,23.51250912160357,148.03885746619594
5913196.30528244,11.73346967951894,5.143384455449532,19.68443251699503,23.508651215652968,157.49473852593954
5913272.373410659,11.733662260714443,5.14624127995418,-340.3101287782973,23.509636247933262,166.66795086884983
5913024.872265207,11.73509431159467,5.149301043922875,-340.3163562686457,23.516173326182688,175.6770865767729
5912899.491768006,11.735795057995766,5.152107999864796,19.67519497057771,23.527436315281136,-175.3709784311809
5912765.655164102,11.736179522865815,5.1547348967260245,19.666885859978727,23.543491351413945,-166.36554004819232
5912619.417188132,11.73737169978937,5.157643970660827,19.639161802636067,23.568629522793522,-157.17562691810613
5912630.537554976,11.738013453637581,5.1600955324668485,19.60586287743476,23.597992327103643,-147.68662660580677
5912459.253859954,11.739032581389095,5.161839300943377,19.57820905953713,23.627580121311603,-137.76898494440798
5912805.069455469,11.740591807726817,5.16253645349211,19.547787101959685,23.645745763480114,-127.24718814883812
5914988.910056692,11.74475806451224,5.162881308108274,19.47488304524393,23.663367355119746,-115.91270089782248
5917503.059989076,11.751668941976813,5.162896876229646,19.403081995550824,23.68098620906795,-103.60374501593954
5920454.087606294,11.761946149095508,5.162666391787915,19.34064675274698,23.69282671177427,-90.09593069727156
5923214.759777453,11.775328438166342,5.162764062224946,19.31546509362118,23.69068791817175,-75.18166852324664
5926602.179281808,11.792112764784273,5.163054017776169,19.30512816484395,23.68709633453967,-58.67337184135047
5930030.200369315,11.810102290491653,5.163396776292977,19.322756341171413,23.68473796786854,-40.55067701824129
5933295.380242476,11.827091612027921,5.163046241433674,19.37312783736662,23.685336651479396,-21.045871271405893
5935994.658624353,11.839212768082179,5.161028948568026,19.4571520568797,23.681746682911182,-0.7161896918210071
5936111.312166892,11.83847222560182,5.158128462631031,19.527407744877006,23.66364042145971,19.672822953810392
5938100.604783114,11.842077628495044,5.157984623279517,19.587672379487987,23.66168177780703,39.25274634491551
5939586.732620062,11.842218840674702,5.158260140689775,19.629840004652035,23.66939419633197,57.45011983236853
5941373.172365703,11.84197156563958,5.158341639222205,19.666194995664117,23.682075549385697,74.00757500174343
5943188.358591128,11.84097728462315,5.158119411307114,19.699774579867373,23.69398082712403,88.94865041646729
5944833.069409136,11.838055709977084,5.157609788379054,19.729138877938198,23.705666852803446,102.44506494024732
5946563.626820691,11.834006949366517,5.157155085270411,19.76297640872507,23.71194966954414,114.71915775401806
5948342.872180996,11.82950855959311,5.1573113850524805,19.80299677117808,23.71045300556306,125.99926125939287
5950088.056802155,11.823774034159864,5.1597513719140595,19.852421584524595,23.69547703455517,136.49486411767194
5951885.961457355,11.817864157887039,5.161953171362892,19.89577437168564,23.687205733932,146.3822145586511
5953444.741358709,11.811087994524101,5.1646170495835655,19.924396885935654,23.68253324966235,155.82970045545255
5953386.797739672,11.811806869219415,5.167257095722705,-340.07268212363533,23.682704789991064,164.9839242872469
5953269.257261226,11.812683472210816,5.1703965710883795,-340.07504037718746,23.688465499146538,173.94676132475857
5953281.5964734405,11.81265389608434,5.173772633544341,19.917147904476547,23.70084727493073,-177.16763461875314
5953148.506124765,11.813298868771358,5.176679832635355,19.903466723582067,23.717391382792794,-168.24481433987674
5952805.055918913,11.814755940078319,5.17903800826562,19.891118614634433,23.73647040428171,-159.177260556165
5952668.198349886,11.81578774877825,5.180918140401569,19.869590035848585,23.757515434875316,-149.8340562317547
5952436.173023855,11.817655792585903,5.182082681493273,19.851704843273012,23.775787875149863,-140.09146602744875
5952579.752592577,11.818522186098765,5.18264229775626,19.832761113607916,23.78891188859255,-129.79312042204293
5954975.375193894,11.820860766958367,5.182758241928606,19.76784503104218,23.793743695785135,-118.7185448919397
5957672.507314699,11.826756462060564,5.182812226805921,19.69734980776758,23.804133679530338,-106.72335391535984
5960542.852431396,11.835529432329372,5.1827711734341815,19.641667572642334,23.807089725911982,-93.59316332553712
5963678.888138499,11.848211478143423,5.182760634679535,19.600794608698166,23.807419553574487,-79.10266250065428
5966783.494540857,11.863565866513134,5.1828217607553135,19.584929639078148,23.806548307857653,-63.06609086968006
5970210.154021384,11.881356432400256,5.183053167298154,19.59429915535613,23.804675413877344,-45.39960771712353
5973507.885554383,11.89863237382511,5.182274554275686,19.632671383495893,23.80703303681471,-26.257807730698573
5976414.4288786035,11.912364766037268,5.1814948354235035,19.706373143305417,23.806277606762688,-6.1135048489479376
5975700.472065926,11.909268954894541,5.179447124229379,19.76598745963178,23.796009815584675,14.315559743486594
5977728.354281377,11.913476645846933,5.177747229231392,19.844773193916637,23.777568042457208,34.13548306938094
5979622.566476328,11.915592351412092,5.177809424923822,19.89593130924866,23.778955258672134,52.695911023615565
5981204.904684564,11.915372362643438,5.177878097562707,19.93596938395386,23.784403301055917,69.6584960253667
5983000.055581337,11.914638991741699,5.177816636434902,19.976767402765987,23.788931474244507,84.97683027979714
5984867.806154065,11.913016251529902,5.177762260509768,20.019940075077596,23.79022047247532,98.79340281330303
5986726.756289875,11.910232958304725,5.177520719417763,20.05892424098094,23.793909618285106,111.32668767082815
5988501.909120418,11.905622491645097,5.177895776077589,20.101466699387935,23.790012947878505,122.80858354534122
5990153.299269279,11.901296392369392,5.178850765314186,20.14245437085998,23.78345353171544,133.4521566297972
5991806.707469907,11.895235860929994,5.181340913705056,20.183315531478037,23.772665965024128,143.44464894342616
5993464.040266406,11.888288049661268,5.182512922619841,20.212424341897446,23.769994993795642,152.94742702945476
5993330.112463586,11.889472110670532,5.184623932530873,-339.7843692849904,23.76907649324573,162.1216498650602
5992955.924467051,11.892028173037197,5.187238986755312,-339.7831827741234,23.772529529280757,171.06595019099117
5992450.0062273275,11.894932088986177,5.18994307811989,-339.7890396524001,23.780924395052043,179.90025946489467
5992289.19474302,11.895755146072645,5.1918777702521846,20.204621023084535,23.790664413146377,-171.26770958457305
5992093.765216036,11.896642102161096,5.193973313230633,20.192941874586626,23.805904649675117,-162.32655196838292
5991604.349530902,11.899115443433859,5.196193507192929,20.175852717590896,23.828278319358034,-153.16241128907876
5991339.567835867,11.900202791586414,5.197697028857357,20.159292252482118,23.84927703273131,-143.6472293927151
5990843.184535991,11.90253988441493,5.198312262973179,20.154514967708117,23.861710497767042,-133.64417757025885
5991266.652374119,11.905834877614824,5.198866017410193,20.120806686281274,23.88015412710945,-122.96522839469971
5993878.785027083,11.910335702751262,5.198998928484023,20.04882338653177,23.891500413802934,-111.40025766945926
5996687.96094544,11.918234864458574,5.199028623792457,19.997078462705353,23.887988189531107,-98.7864388681837
5999315.9082487505,11.92956031099371,5.1991911474172765,19.966283508730157,23.88255538086385,-84.90739889570705
6002593.251751669,11.944455124015551,5.199691299852563,19.94659869442736,23.873924082146523,-69.5340080379506
6006038.063603217,11.961967864276785,5.2005227621650025,19.951360972798394,23.865807960402343,-52.54086980628035
6009406.453995347,11.97993933840828,5.2011850936723585,19.984290949465297,23.86248748621538,-33.97504027220567
6012220.282693949,11.994479735532437,5.201246446631273,20.047906249308486,23.8622146874569,-14.17507387854264
6014766.891024338,12.00455803861703,5.199557542983508,20.13605293940473,23.856598790645865,6.202090926650047
6016870.4237826895,12.010004746144912,5.197349544405232,20.21485500723073,23.838353218485988,26.336254409969413
6018785.08081067,12.012897650520703,5.19719507103618,20.270513760254975,23.83572788656347,45.43727544282243
6020637.9908154085,12.014058787296337,5.197004661394003,20.327137173050467,23.828213414120427,63.025817925339915
6022497.896877879,12.01402645309842,5.196997127093222,20.37349729708227,23.828278275511675,78.95492475798811
6024307.075046439,12.012548254944164,5.197047114530161,20.419714229404114,23.826169227057587,93.30920126803333
6026197.152687568,12.01049429063397,5.19707734998823,20.46364755850247,23.825475303154604,106.28538676074163
6028041.9700705055,12.006943293260132,5.197365328127383,20.508004854317335,23.82197361174881,118.11537720707548
6029859.665913325,12.00219028841765,5.1988298843430565,20.557625432274854,23.810272993738433,129.02131255444203
6031621.644728692,11.996441831084105,5.2009441399490015,20.602469386283666,23.799252262293525,139.20191878189826
6033394.442668162,11.990426592725163,5.202638638908281,20.64101877292834,23.79411671962574,148.8247413226173
6032759.794977754,11.994202319214205,5.202776689095793,20.637560607022507,23.793944171478113,158.07397119450624
6032613.629582727,11.995365062274102,5.204430946591176,-339.36082308729556,23.794957153444784,167.03622185761668
6032075.328996403,11.99876354665618,5.206809971478199,-339.3595440422629,23.800559857567226,175.8315766214683
6031723.543414934,12.000718474003154,5.20938628382183,20.635378540690816,23.811352152435106,-175.42382716314034
6031275.699214011,12.003012053212185,5.211013333498472,20.630456209960258,23.821514965360834,-166.62217474937918
6031009.893696092,12.00400548612207,5.212711133904302,20.621697193266872,23.836343672601405,-157.65363864158593
6030288.416456755,12.007992156741926,5.213844623783863,20.614189110276055,23.849957712200457,-148.3989250021302
6029490.172086155,12.01086563253902,5.215055305090352,20.608262244130916,23.87042404800529,-138.7351384650789
6028592.265814427,12.01394707965594,5.21554970088966,20.612588020717073,23.88312477479175,-128.5068987204212
6030671.6408081595,12.017016647176424,5.215659516440738,20.55628261311298,23.888448726665693,-117.4701981115389
6033382.050444961,12.02301751525811,5.215675551058864,20.49070649195469,23.896176623267444,-105.48559032264205
6036339.886476476,12.032593700775122,5.21558799517887,20.434686353100748,23.901108866649903,-92.34292067286037
6039493.42683042,12.045191323292727,5.215935935047012,20.404246245607304,23.893000698009597,-77.8171113539345
6042740.078182625,12.060346495810279,5.215856684052901,20.38487388897224,23.894001850858913,-61.721168623689245
6046267.06452373,12.078350132664383,5.216322879773646,20.397395270317684,23.89061938101717,-43.98856228443711
6049715.15801307,12.095925319856327,5.21652837594494,20.44022186699371,23.88987713734196,-24.79102514354885
6052619.162553795,12.109276432508727,5.21579464571367,20.515138911835006,23.888838463645627,-4.629079927831667
6051443.8209845815,12.104311682252868,5.213516020946293,20.579850382495046,23.876298068276665,15.754807484799104
6053387.160674978,12.108075699877459,5.212484421612317,20.649589903802205,23.864244111500103,35.471353372136825
6055235.165396826,12.10971574914174,5.212443478895394,20.702987389054293,23.86328522203404,53.87887083199834
6057000.8940035775,12.109454320092892,5.212515919296516,20.744789095100238,23.87059585209602,70.66159595942709
6058570.658738451,12.108052282211888,5.212484084341631,20.784122206587046,23.872238753699676,85.80372712069158
6060272.171510084,12.106970621002413,5.212207917986404,20.816150388363038,23.87901760254633,99.45177530358995
6062113.041950993,12.104018814032361,5.212462043140065,20.861402102472024,23.87516153648678,111.82265793224512
6063910.021133214,12.099588792886161,5.213348100883201,20.90839684280617,23.866475791691585,123.15217247513394
6065571.500779489,12.094555887395753,5.214544152819023,20.949098467453084,23.858664728374325,133.65401364778378
6067314.063518519,12.087902061792272,5.216280977116943,20.986491129220425,23.851542852582707,143.5102729890707
6066740.93114974,12.09089022436074,5.218142566334419,20.98407497553082,23.84763826386532,152.91387256980303
6066365.620675381,12.093562648813322,5.220469010773147,-339.01360086221797,23.84693540925333,161.95840781761794
6065923.922080349,12.096434186208597,5.222819975991342,-339.0135041434345,23.850266007044052,170.77329548902216
6065324.810163915,12.099876158773304,5.225484664580494,-339.01891234209717,23.858709473359525,179.47379509017156
6065111.881961938,12.100915698770478,5.227529935124667,20.97778370736468,23.869067802282014,-171.83643020758782
6064529.900547136,12.103698946519637,5.2300269169082885,20.96813174641243,23.887196623094606,-163.04701629887413
6063800.624670768,12.107066644416003,5.232395017410305,20.954360459593875,23.910878891162,-154.04582502541444
6062876.743429609,12.111103940162483,5.233651210875984,20.950742745188673,23.928182253664914,-144.71344575054707
6062180.9591101315,12.113928810301443,5.234336789748994,20.948802289452413,23.94173964559899,-134.90721301809612
6062397.491559755,12.11635040129545,5.234714576115738,20.927705271115663,23.95380807116475,-124.45110899101259
6064766.650698204,12.120228910566487,5.23483440446441,20.86407860028884,23.962932006183255,-113.13721465710067
6067498.135323688,12.126671911531135,5.234853512251949,20.81253448471008,23.960212456964268,-100.80117662232492
6070596.965856304,12.137582185567219,5.234733190545606,20.760578455932198,23.964738516857338,-87.21936025273604
6073877.025113981,12.151910155230112,5.23500613557606,20.734533082461432,23.959753888475873,-72.17525105595637
6077379.110372379,12.169060255394895,5.235901027787885,20.734998541978495,23.95045947807492,-55.50952121679775
6080568.656101594,12.186222401878604,5.236860417841206,20.7651040263293,23.945246330769283,-37.23018999139727
6083578.172606569,12.201663853933814,5.236770628205529,20.821211660026723,23.945155134876526,-17.61573417214195
6086054.564730402,12.212081762372916,5.234951294352603,20.906358762489432,23.94017007440307,2.715128423367568
6085101.167956278,12.20739375871838,5.23342131194277,20.956515575483294,23.928718542827657,22.969040597034713
6086990.095671603,12.210210516496984,5.232616590040255,21.02403996290798,23.916592289388962,42.267832926205244
6088891.325833276,12.211235637375099,5.232477954764856,21.081292012693357,23.911927992621745,60.093595796296626
6090770.152179966,12.21116470825059,5.232472355837059,21.1267527140558,23.91385870369322,76.25265853838077
6092373.861754656,12.210050886495596,5.232511687291344,21.167308920516223,23.91192706921011,90.80613761197836
6094254.958775938,12.208032735064288,5.232111121984501,21.202134645518235,23.919809352595195,103.93016420608566
6096096.091221632,12.204845803936406,5.232178829026169,21.24335128358433,23.918888285871656,115.86217080157873
6097813.111439722,12.199240799274046,5.231728253791571,21.274353863840265,23.92260521762431,126.83129003732033
6099584.371483853,12.193386337870747,5.233637091766777,21.31830893857479,23.912055125954335,137.03564800931383
6100921.321594192,12.188705927588096,5.234831516321295,21.346331798299495,23.908092077272773,146.65857659752902
6100280.535313647,12.192374044192109,5.236613140869628,21.343976566135876,23.905559946551733,155.87010574688614
6099534.936816953,12.196785458557518,5.238105715205012,-338.6585791181833,23.906030447112034,164.76992570422235
6099064.220686549,12.199844407776931,5.240251252600019,-338.657434469386,23.91036491216781,173.47161612021762
6098444.129944187,12.203350820279718,5.2416974834054955,21.341277703787704,23.915844623291235,-177.9061648321165
6097680.746183835,12.20739332034149,5.24381900781639,21.336070279171818,23.928044929296146,-169.26133641688577
6096863.380198594,12.211304747627379,5.244601033678867,21.340405452363672,23.934347285770972,-160.48743680019288
6096098.917848725,12.214704002916159,5.245748771925485,21.338652481643642,23.947025277646976,-151.46764016303726
6095192.698803702,12.218123604952886,5.2469059726112395,21.33652602881557,23.964745009106874,-142.08184119550702
6094241.646986395,12.22133109037966,5.247229801780148,21.34682615534333,23.972003124798448,-132.18647662769962
6095079.161742125,12.223046214621291,5.247485500233683,21.315244584218274,23.98189666949006,-121.57699348906299
6097713.522366092,12.227370913067555,5.2475302790134455,21.251881718183366,23.9875567082552,-110.06647067981453
6100507.126784446,12.235531543502184,5.247602564588772,21.206500256194143,23.981630366386124,-97.48055260092819
6103361.834501693,12.247146861639743,5.247957146478657,21.179448747805758,23.971321216164764,-83.59315131763476
6106779.306837417,12.26227960874452,5.248539976366419,21.161302370276342,23.96225591860905,-68.18055041618693
6110076.786186863,12.27928593825566,5.249220611270359,21.169095322445134,23.956237115190838,-51.123296764715036
6113632.965510739,12.29745696532771,5.25019892117636,21.202404436876343,23.95203500142318,-32.474333759771966
6116836.411212886,12.312924271373724,5.249992221201622,21.26435604156302,23.951872719395492,-12.606203869917865
6118813.221073411,12.320498348502523,5.248680314698643,21.351170922606965,23.946723948576846,7.786783348674177
6120922.668725364,12.32572264927068,5.246978984229117,21.424496857415765,23.931306524107832,27.864176577406347
6122844.637425885,12.328511282508014,5.246658936734409,21.481073242734862,23.92543720005062,46.83654326371332
6124677.826129777,12.32928484651221,5.246619070244628,21.531172767574915,23.923761488890566,64.24490448404839
6126347.958282638,12.329316879758096,5.246572838264393,21.564664456715885,23.930020256831224,79.97480262411437
6128036.516918141,12.328227304763068,5.246456937433718,21.60016022690698,23.933501361271635,94.12156612739308
6129889.443785939,12.325296502881185,5.246490190677985,21.642840392596295,23.932811861610304,106.88971439730786
6131797.377806764,12.321934958372628,5.246840746442692,21.687608955402602,23.92884625528736,118.51791915488364
6133619.672570927,12.316851205392485,5.247567511324731,21.729581510254576,23.923382741482467,129.231265057388
6135374.204427112,12.31034928334112,5.24983096581272,21.77156963285923,23.9123708036676,139.2270548920973
6134808.565177193,12.313919948890724,5.2504635001877125,21.768803287274284,23.91060238019931,148.70363277443064
6134429.686657079,12.316334805173604,5.251773192113653,21.76881701435641,23.909347867672412,157.76716710689143
6133913.511795176,12.319911051422839,5.253863568297512,-338.22898562994646,23.91091369086568,166.54356267112013
6133088.951627096,12.324666175494851,5.255511507931702,-338.23191813806943,23.914935640164707,175.15533688928636
6132234.1528245695,12.329448575675773,5.2554293375968655,21.778072132214593,23.914576441111162,-176.3013426540797
6131334.825692473,12.33408168700384,5.257338907909108,21.776061894164442,23.926480920589672,-167.7133212160035
6130381.24031781,12.338603758431919,5.25842387900941,21.77891354149078,23.93585207020558,-158.9758306105314
6129445.275391368,12.342275467345429,5.259260736407739,21.784983564398058,23.945714263106993,-149.97640801304308
6128444.316809494,12.345073731694173,5.259425608467298,21.80279237215621,23.948397046846523,-140.59009819024152
6127222.097960442,12.349512820611832,5.259829671300222,21.814551879384258,23.958295193818305,-130.6702688414382
6127726.599086227,12.352520447847025,5.259933650502009,21.795395462356918,23.962867376449058,-120.01299881938591
6130433.462197747,12.357689391062536,5.259963380693045,21.731517920173516,23.969440117999408,-108.41726370694543
6133371.2705316655,12.366097237560348,5.259972539297703,21.680039312928187,23.969023197595675,-95.70983688129814
6136592.691762352,12.378272436688238,5.2600356521174545,21.640056403247918,23.96744353096532,-81.65912707166461
6140010.30951336,12.393289683621724,5.260718670356137,21.624920257106083,23.957752987939116,-66.05451386848577
6143625.648540422,12.411130595465517,5.262581743909214,21.640985955688606,23.942915851084834,-48.78194528173948
6146618.209624073,12.42743915332289,5.263615279790832,21.683589991731434,23.939118066517246,-29.94089538388911
6149434.773351662,12.440978777995715,5.263151359188589,21.747386812868637,23.93874512960362,-9.935046716681164
6148622.076862821,12.438041091019358,5.26134414943388,21.810438533315928,23.930529075498274,10.515869395750814
6150719.676447591,12.442721682541626,5.260238617585635,21.881638140147842,23.919334518288558,30.50093053071313
6152615.994670434,12.444597866253503,5.260096736339575,21.939612843061553,23.91641015507802,49.28535190072585
6154410.652230814,12.444644002513522,5.260163303240606,21.98461201168607,23.920909789909857,66.46141253919271
6156274.9281498585,12.444345207150427,5.260087244317125,22.02224715777038,23.927561106595256,81.94715744007503
6157948.650861537,12.442642976185287,5.259953929884133,22.057805852445078,23.931121136447015,95.86906436020247
6159372.845095618,12.439346173815611,5.259919198011539,22.09008297382378,23.93157369432256,108.44627114023561
6161188.581499234,12.435285911822282,5.259292899052826,22.12191555617669,23.938020231820964,119.90315098192583
6162901.510499626,12.429243648855056,5.260135669080642,22.160309824372952,23.932110245898368,130.47118147328558
6164503.714341948,12.423417772117409,5.261962976589334,22.19657321669916,23.923896709673237,140.34196230976355
6163388.081046114,12.428675316937412,5.262513444961911,22.183149382611315,23.922523750337103,149.7188495095759
6162473.591603996,12.433669699042474,5.263630382839303,-337.82335203429045,23.92174946848925,158.69349456526257
6161829.6291626375,12.43757317719163,5.264371871220745,-337.82409743165516,23.922479511816693,167.39149799558683
6160938.943195313,12.442921086637758,5.265601377564626,-337.82140642697516,23.925771780382224,175.92722410501577
6160000.176130209,12.448127418985608,5.266895436380666,22.180781908728214,23.931556814481134,-175.58934506149424
6159209.518065482,12.452070886105187,5.267958327425329,22.184527824086125,23.93845882152027,-167.05502678576852
6158696.11702518,12.454542163085506,5.268828782536414,22.182848030254565,23.946244328164667,-158.35616569731394
6157734.279940955,12.458430757426685,5.269835573537789,22.186013244070732,23.958513996264468,-149.39300313151378
6156569.663768521,12.46200538575797,5.270320126132814,22.200117994712773,23.966738375999714,-140.03723537876343
6155416.572439069,12.466337828368092,5.270638341494054,22.211959500021734,23.974864595933035,-130.13569998452397
6157108.425029524,12.469158904499757,5.27086677750462,22.1605500376385,23.985776789190936,-119.46215895506788
6159561.0056426115,12.475067270730541,5.270872245890236,22.108702287453283,23.986857497246085,-107.87051280959561
6162332.364357745,12.483507011056783,5.270914861514155,22.063805569575624,23.984497751294324,-95.15117539127425
6165586.044540159,12.495905716683362,5.2709250107542465,22.023539371741084,23.9843024528162,-81.0686714232052
6168856.856618866,12.510679594023314,5.272237357940422,22.02041404478371,23.966383443314726,-65.41777378647834
6171924.453683328,12.52699931110936,5.273095796997334,22.03626222768183,23.959778269116537,-48.08892223706614
6175443.236682912,12.544792046257768,5.274184821178857,22.074578203267922,23.956043839766142,-29.174771472088462
6178249.904992864,12.558257893445123,5.273532516416804,22.141871002863642,23.955456143757168,-9.115699653455422
6176763.101645656,12.552850331485667,5.271837407790041,22.196669397669694,23.947270198902316,11.36855050224892
6178800.188271001,12.557221515691088,5.270284985060747,22.271543659178935,23.930953808256678,31.338878692155916
6180713.204850223,12.559216420247376,5.270075943075789,22.32909729757385,23.926462899426472,50.072409900971046
6182330.223878916,12.559115762606547,5.269985706181897,22.37939066806947,23.920613115133794,67.17690685424819
6184247.101494551,12.558868595976449,5.269890486042406,22.416731634005668,23.927838227817272,82.57534657559317
6186147.909474542,12.557369250323356,5.269949496770158,22.461322515629988,23.926060366452518,96.4052643715034
6188043.361541726,12.554810994131566,5.270256508056405,22.5071992361274,23.921239610287707,108.88940120112218
6189481.537665902,12.551307817401755,5.270219992652283,22.53682293304269,23.92155161814455,120.27497861572145
6191183.284353413,12.545062467660978,5.270985639455191,22.57365594300352,23.916344092166728,130.7694294074112
6192152.241271732,12.541472065422532,5.2718024268471,22.593850008255142,23.91278926389885,140.5817385073431
6191072.908567566,12.547050893046238,5.273908132494037,22.586395391142315,23.907853322852073,149.8899663867372
6190132.9079867415,12.55228363908367,5.275586267709343,-337.4194385356663,23.906873903490055,158.80074283751398
6189389.815975929,12.556816311931323,5.276814515904873,-337.42049051429194,23.90820188569485,167.4368624751709
6188353.224100543,12.562976114037701,5.277352835859865,-337.41632501918497,23.909680101508524,175.91213371468527
6187462.720314512,12.567913703062285,5.279351231990011,22.58280495033395,23.918759337240925,-175.66554922833686
6186646.959106475,12.571898679039624,5.2804319231806955,22.588219177215773,23.925843650087455,-167.1950126906515
6185880.263247592,12.575057987215372,5.281962558384524,22.588320831085802,23.939625297906844,-158.5679745058466
6185059.402430095,12.578781189236123,5.282707849144367,22.590005119090847,23.948733187123754,-149.66747100336707
6183793.498941461,12.583070108659403,5.282883704936353,22.609612304722518,23.951703541325863,-140.38356154543544
6182500.981600884,12.586470143810656,5.282859039408523,22.63541777030818,23.951019853464146,-130.56430139355237
6183299.734085495,12.590089979535021,5.283051598775522,22.605099588723995,23.96014609256242,-119.99402103164468
6185734.90809462,12.595749941977061,5.2830506123433425,22.55629117249182,23.95887298446561,-108.49475716399621
6188717.954817452,12.603855893706495,5.283297442826362,22.519381334514655,23.944152664950842,-95.8701229930216
6191854.9431409985,12.615958394880698,5.283784761333078,22.492963846431653,23.932009961327168,-81.89376713244471
6195036.6043476,12.631028849115076,5.284393188166744,22.483344646813745,23.92359876758835,-66.34934312023448
6198724.033397676,12.649035330770106,5.285580391993026,22.493762541216682,23.91434202705027,-49.10335276578047
6202250.870124772,12.66654930306052,5.286754085719403,22.5281249796276,23.910197603399894,-30.246000353436493
6205417.129249426,12.68138714008528,5.286547997017211,22.592559996634307,23.909881400137774,-10.199019626602254
6203630.6268885415,12.675069654303263,5.285269328009084,22.648497406307552,23.90384005438154,10.319352386844471
6205376.254492093,12.678400017668295,5.284161481805193,22.71956085964104,23.892397312190486,30.365800665197874
6207268.766977819,12.68032457281243,5.283905042751948,22.778242337204375,23.88699481316808,49.19268275628435
6209123.51421212,12.680745088931957,5.283929384449896,22.82420279755137,23.88906320739575,66.38229083263786
6210977.6252825335,12.680060511579644,5.283916431433802,22.868265578815954,23.88949379747103,81.85238772577982
6212862.5318249725,12.678476238297456,5.283812520583348,22.908093791267124,23.892101677525606,95.73355664879733
6214693.490938596,12.675292747337549,5.283935240551993,22.950248894959156,23.89010158752607,108.24973609008399
6216533.850217657,12.671205038692474,5.2839048208445165,22.988018142354218,23.89035038027672,119.64144050507925
6218250.545377225,12.665013586813025,5.284242725860047,23.0222400508491,23.888020576640667,130.13566153168216
6217033.549100824,12.668292428593244,5.285680906497515,23.00530894868818,23.881734470358328,139.97523083588777
6215989.2760088965,12.673965936893413,5.2864802812395055,22.996131865232563,23.879821579865915,149.2586851807865
6215302.711386941,12.678383448278463,5.288006999098799,-337.0047885411003,23.87886251946056,158.13181305312406
6214550.362396663,12.683008375093888,5.289676724520187,-337.00625579937497,23.8805799390591,166.72648364851926
6213890.632892745,12.686957897193578,5.291135472576077,-337.0066495250931,23.88449889976317,175.15370370968725
6212823.022749316,12.692910775457108,5.293279004010428,22.990464288619737,23.894033637418676,-176.4817466132536
6212052.754969159,12.69672474939105,5.294131818862143,22.996449915697365,23.899510727293226,-168.0796026359929
6211088.2648812495,12.701122971538913,5.2947223145541935,23.004899409815362,23.904710179148488,-159.53319255079822
6209724.450389503,12.706576560661436,5.295551388904591,23.01690118597187,23.91461161582745,-150.737958572624
6208642.649482481,12.709871191750933,5.295521304365204,23.037929793559407,23.91408559860328,-141.5617432474101
6207441.898409909,12.713639716252512,5.296003111884954,23.047934426183275,23.92590611493184,-131.867175661118
6206863.072282957,12.717121590479007,5.296085778864506,23.05345452008781,23.92948099555055,-121.4770989031963
6209553.907488955,12.721580670802647,5.296054567018657,23.005015605195666,23.922299846687373,-110.14735478991972
6212473.463816205,12.729669168064492,5.296056057837975,22.95424572086337,23.922379664792842,-97.7255532350649
6215454.141484091,12.74088688965689,5.295946817856417,22.913322522020884,23.92538637966318,-83.97716174296868
6218943.0229795445,12.755800106614819,5.296883085961353,22.90024197291926,23.911619958543238,-68.66717537533336
6222569.945382666,12.773209424145541,5.298119654636181,22.90772507898463,23.901291063681146,-51.653001408238175
6226204.145498626,12.791289062411462,5.29991557854803,22.941895323511822,23.894229598141617,-32.98067696622702
6229280.6259318795,12.80600643803682,5.301138505134947,23.00053348936064,23.893971418706453,-13.01934640752151
6231988.380893739,12.81609769339233,5.300587901437464,23.08559200161688,23.891516076987223,7.504969134891249
6229273.339652851,12.804621316031692,5.299065494443903,23.13828050276816,23.877084396040573,27.73046858659573
6231181.897584416,12.806868354935334,5.298836082849684,23.195728864614825,23.87265059958003,46.7849886096198
6232533.322610566,12.806766314199203,5.298825373671454,23.234175781872413,23.872409817720893,64.22754165409555
6234295.300976099,12.806759582551619,5.298755301284757,23.267553553206632,23.87932360487301,79.92301227600566
6236071.758583533,12.806087057074492,5.298645465494291,23.302773029860624,23.882292334394286,93.99089741102748
6237926.508600442,12.803379593052352,5.298542500006953,23.34132775777358,23.88384920530859,106.64802336352355
6239698.435000867,12.798823549633067,5.299228603274526,23.385243862536853,23.87658596611982,118.14390119670195
6241184.077751426,12.793489337382852,5.299446949322791,23.414549719459067,23.87500909864268,128.712387216822
6239434.38648447,12.797554358843538,5.30050659229728,23.38526206560674,23.870147857619585,138.60524178346802
6238226.934313243,12.802516288089008,5.301198159202878,23.36886329566419,23.868360549145326,147.91462548452816
6237242.00400579,12.807399184279658,5.303057542472377,-336.6402080154159,23.866856637329942,156.7949233867309
6236245.714337805,12.812991173945488,5.304180215972942,-336.64591520144006,23.867795279491943,165.37472228550268
6235121.5123007465,12.819619266839535,5.305131526382325,-336.64559700252727,23.870149478376153,173.76553426592878
6234522.999296388,12.823012846471794,5.305748137558909,23.357056275070995,23.872736668174674,-177.9227941745585
6233524.21995306,12.828305045661857,5.306584363249416,23.36024589131628,23.877860904946672,-169.58929547617964
6232122.621841457,12.835083139572014,5.307324039961829,23.3704457436832,23.884091030662095,-161.13660323741837
6230920.951853991,12.840009033931175,5.307849819145859,23.383182838512006,23.89007260806947,-152.45041281789477
6229721.711551109,12.844085819480538,5.308110535864938,23.400281735948127,23.894133327952325,-143.41133454465523
6228617.474202557,12.847802105722018,5.307682740822698,23.42924582621789,23.884308634515275,-133.87898703223715
6227918.707954714,12.851546765480233,5.307848066493201,23.433774612110998,23.890694125679197,-123.68864229074366
6230433.364349732,12.855339538842477,5.307868162515409,23.37901509281924,23.892936573370758,-112.59818865640565
6233388.048426995,12.862720389531667,5.307979081484987,23.33605039755173,23.88296319488245,-100.45277469206977
6236578.264747109,12.873350601466747,5.308739074900861,23.314608549485147,23.859732641217388,-87.01853533862112
6240053.275389694,12.88774148724571,5.309940689786608,23.30385260854789,23.840177457657806,-72.05794644850863
6243687.671968462,12.904694419471227,5.311206478798152,23.30691488197558,23.828387875344557,-55.39360243508099
6247311.211475369,12.922538425670185,5.312897720232921,23.334422511412317,23.820465855478314,-37.016652573731655
6250224.095026776,12.937258790418667,5.31351730883439,23.390350521069482,23.81979366277639,-17.227509066582236
6253035.958426671,12.948399603693998,5.312118205169725,23.46767878802274,23.81508608099893,3.3186961936134316
6251632.476920906,12.942240605794744,5.310760102258619,23.513663358362887,23.803787126690533,23.74822131802767
6253696.350317037,12.945246051744963,5.310068409570154,23.58068437293327,23.79214708447634,43.12682677329276
6255618.885363197,12.946257571718812,5.310126352819862,23.62714191415574,23.794857783830842,60.92741401630476
6257529.326569315,12.946301325963159,5.310101617975563,23.667707680066364,23.79853578376313,76.96754770618003
6259200.053992065,12.94433144724224,5.3099816555107004,23.703632574646562,23.802254382188885,91.33095657582047
6261085.756503845,12.942098647638407,5.309601838679153,23.737385823774098,23.808786091039195,104.22515242381358
6262875.920061735,12.938756117682093,5.309502748826606,23.77311987231614,23.809828969346235,115.90173384763958
6264526.672447773,12.932369656380843,5.310433629746201,23.811041515136544,23.802784505839632,126.59875557769514
6262955.566553237,12.934979761960832,5.310978935041729,23.781983986608214,23.800069537979027,136.57954954793334
6261728.515175352,12.93982403930443,5.31195084454805,23.76574272646345,23.79725783250135,145.94504267911023
6260857.198386768,12.944982320351855,5.313130616079028,23.76119110793668,23.795951292547873,154.8455879874265
6259750.4831677005,12.951156195070434,5.314451840988228,-336.24573538912364,23.79666923848773,163.42476125195526
6258736.720236523,12.956934589681527,5.314766151930852,-336.24798370009034,23.797342363167513,171.792710867231
6257615.5635941215,12.963368687120514,5.3154387580627285,23.75638443941513,23.799929960133937,-179.94880342306766
6256537.760723643,12.969055529474135,5.315463782594954,23.768894519158685,23.800062765571933,-171.69596000748987
6255191.87770937,12.975680039313286,5.316294101117882,23.777574779831575,23.806617966552256,-163.3446181134143
6254106.0031440705,12.980607015921633,5.31633428325189,23.79116090621181,23.807031054901913,-154.78517695407962
6252554.693910111,12.986849880435189,5.316699216869164,23.80923206235911,23.812312466978973,-145.91267573036973
6251053.7596779615,12.992028226953535,5.317010571667845,23.828206603193976,23.818732415039342,-136.5892594030877
6249632.232933043,12.99568422648107,5.3173545336074195,23.84354331430937,23.830175252257508,-126.66254861962956
6251651.290846055,12.999632193324835,5.317260995041317,23.807698378462398,23.822381590135038,-115.88149162851117
6254483.85939154,13.006064996930801,5.317248440442659,23.752660897237345,23.82494582858433,-104.09654660078985
6257645.391166611,13.01589118859818,5.317525815111629,23.715806766343768,23.814593245938624,-91.08221822366343
6261009.969690561,13.029210899129273,5.318196010208604,23.694676359917977,23.80193420320779,-76.59488256312581
6264697.281918872,13.04578683773628,5.31976890916165,23.695708611425317,23.784922410280675,-60.42309102058366
6268465.31886108,13.063978491301569,5.321912772055282,23.71860126886172,23.772544919788356,-42.492587259883365
6272054.412188545,13.081434632496766,5.322792551821299,23.76394067502203,23.77082112086068,-23.001144095082726
6274774.489061197,13.093355530995236,5.322639875132922,23.836616669777694,23.770250957392825,-2.5195893013348623
6272642.384488111,13.08512877405727,5.321310186772453,23.885270639928695,23.76116235562872,18.11353797770756
6274669.804713465,13.088913848680988,5.320919886772026,23.941941883325658,23.755642696015283,37.91277987221976
6276530.542707674,13.090141682124738,5.320806565679606,23.99450660137411,23.75216216478283,56.22256990883826
6278361.4397617355,13.090074885624672,5.320816842727806,24.030113374667312,23.76103759193497,72.76548065064988
6280130.931447988,13.088753289320547,5.320737528769054,24.068038460478526,23.764015698441405,87.56946465556037
6282025.799368903,13.086810593281268,5.3206979279973705,24.10780342304782,23.764657845545543,100.82557506154453
6283540.789282968,13.082336711888114,5.321366732710524,24.14866371886751,23.756308451510755,112.7899730694641
6284779.096409164,13.076984741647777,5.322199538658297,24.17922033608778,23.749380850823385,123.7084441910416
6282764.1318975575,13.079481747514842,5.322684102997419,24.141071630679477,23.74669434811897,133.85359505619897
6281376.184091713,13.08492253271518,5.3230922685446,24.120709965229576,23.74531221817541,143.32759078565053
6280277.159710571,13.090671669006687,5.323897701976647,24.11067001913412,23.74407490781837,152.29724307267625
6279676.219239768,13.0946332054981,5.323964740760473,-335.8895170151592,23.74407294572342,160.89743566284977
6278714.43265903,13.100585626247751,5.325269058686279,-335.88957774465985,23.746342098392883,169.255463125542
6277876.882028177,13.105618416116632,5.324815491955578,-335.8805919775129,23.744792642162803,177.47578801262333
6276617.12824999,13.11252577032812,5.325297787847544,24.12663880217303,23.747282747364093,-174.3374277926462
6275382.5815440435,13.118756767426373,5.3255344320652265,24.138178846712226,23.74898515061019,-166.08566541741317
6273907.3377734665,13.125598639221009,5.32575308504891,24.15439533519021,23.751110090854876,-157.66740694759818
6272377.198999057,13.131380251987487,5.325845560688803,24.178122479074155,23.75231219505225,-148.97296162791454
6270946.101256801,13.136304957978309,5.325446417682515,24.20949876857223,23.744919402687778,-139.87018785105263
6269210.655777831,13.141386577564665,5.3252164914772155,24.24714824776516,23.738378941848758,-130.22330355861516
6269267.145877849,13.143964573544707,5.325215187991759,24.244072090541994,23.738185468137857,-119.82118566145317
6271929.712685907,13.148887885554377,5.325217435892007,24.19606128136849,23.734770809280096,-108.44896892154817
6274999.797951782,13.157433519878651,5.325501417498241,24.161129667866913,23.720304748276938,-95.92367682133555
6278211.623940917,13.169457269765584,5.325919188379151,24.13369297877495,23.710701458735258,-82.0006248424645
6281784.173521604,13.184461244821374,5.327126038730725,24.125277923329108,23.695030354756742,-66.43819792962587
6285209.628762841,13.20151913770576,5.329366442653446,24.14690552757837,23.67876096265896,-49.102800150614215
6288818.093978293,13.219207971134475,5.331270149520055,24.18419384579248,23.67286493514037,-30.065776560419664
6292119.16444185,13.234203382738928,5.332595465781436,24.245548333156847,23.673674226069576,-9.771834897674433
