Episode: 651
11880.09141988329,0.15313077695171579,0.12877870294691485,0.04100605195867997,0.014894016755139445,1.2375087214724474,3193.820558347284,9169.996506184883,658.1657779442843
11881.728383696496,0.15298647028631085,0.12895987106435383,0.04100849893161884,0.014909274310481075,1.5807796837680939,-88.60701154262,10082.293879133103,831.1440926160609
11883.28580199135,0.15283053945000974,0.1290950724419353,0.04100549027828555,0.01492637628333811,1.8949156842887753,-3369.8629795210722,10033.493253285156,925.2181496529818
11884.760419062137,0.1526943667837004,0.12919249331478852,0.040994698277030645,0.014947475276918868,2.1784868413485294,-6379.598238681819,9154.461122834553,943.0821382708499
11886.206236525837,0.15254040093230106,0.1292583465588309,0.04097968100795144,0.01496386355496904,2.4339435464711707,-8943.408981696168,7625.430701764197,894.3334803592244
11887.800301979476,0.1523974485454258,0.1293216930618337,0.040951784197551036,0.01498244450729913,2.6654150496892566,-10967.643136904397,5630.4038613559915,791.2990498671107
11889.314633209971,0.1522616177140362,0.12936769067417822,0.04092306768731946,0.014993474736906999,2.877339678096856,-12415.101062771837,3335.4520022984925,646.5129168166021
11891.009467864455,0.15210990601269664,0.12940926583294673,0.04088352444373152,0.015000001138828146,3.0738507242533872,-13284.149200326434,882.4731813170052,471.57606038913264
11892.397857248061,0.15197915406210807,0.1294236734290186,0.04085585601817135,0.014999262423756739,3.2585840109448663,-13594.284868802897,-1609.5073594409164,276.81723189031584
11894.030271266169,0.15182150106470765,0.12941755589981663,0.04086811049651318,0.015001804718451505,3.434696268407791,-13377.25993784434,-4040.4369956594574,71.25107038682398
11895.61356705712,0.1516702253227706,0.1293774436322387,0.04090127899966006,0.015014991192291318,3.6049572807074233,-12672.119179639163,-6324.940998288501,-137.1131278207762
11897.166588939275,0.15153198168696994,0.12930595339197792,0.040940167042386955,0.015038663050606362,3.771858797317059,-11522.812409048545,-8388.452486252005,-340.9224282413213
11898.587396546764,0.1514104968837553,0.1292277834518635,0.04097552565119034,0.015069234992564556,3.9377297220946814,-9977.553801867703,-10164.12311471456,-533.2688196915586
11900.125814632833,0.15130534237778312,0.1291135815899305,0.04100416675627462,0.015103818446239935,4.104847821882732,-8089.291587252891,-11590.448747284392,-707.5059627467439
11901.671776512834,0.15122301547543934,0.12898219525547117,0.04102597434021319,0.015141632514178112,4.275549326628087,-5917.158932144477,-12609.641260405493,-857.093851363788
11903.079215771395,0.15118273598986573,0.1288511798073415,0.041038835936715756,0.015176887514232006,4.452336185861097,-3528.863002575718,-13166.838708021141,-975.4566886126173
11905.016092810098,0.15131123349251618,0.12868716861725588,0.04104559897852872,0.015216520849725636,4.6379939074138425,-1003.8907193539245,-13210.228883572847,-1055.9154998790254
11907.290626257904,0.1514800067195552,0.12853593814462858,0.041044767391678595,0.015254132420782569,4.835707213299374,1562.184660308588,-12693.181647174242,-1091.730161049368
11909.697707031568,0.15168335563842683,0.12842883704857705,0.04103695084002627,0.01528796958383535,5.0491379808694985,4052.599530819355,-11578.935117420497,-1076.3045056816406
11912.269219040581,0.15192248435109604,0.12838579389496166,0.041023173484563843,0.015316512337096995,5.2824182546468705,6324.293821695359,-9848.948678277873,-1003.7271523397503
11915.222459430273,0.1521912003964918,0.1284080503135251,0.04100956183213185,0.01533285899158096,5.5399294830856975,8204.84483037052,-7517.475435115466,-869.8516067995522
11918.423773676022,0.15246268146329206,0.12852373678359028,0.04100019987755041,0.0153393230352326,5.825624887105825,9496.344045237485,-4653.582183127255,-674.2225975661482
11921.739833674064,0.1526972288014448,0.12874101165234542,0.04099389356428828,0.015341243458477672,6.141596305518556,9994.936457917163,-1408.2932162317068,-422.94264749845564
11924.973309003899,0.15284645951484593,0.12905858204301496,0.04098468655980622,0.015340853906996067,6.485852452899133,9535.703562381772,1965.2895771321741,-131.7303909368696
11927.548273774839,0.15284740801505287,0.12942466969247532,0.040962073403373156,0.015331513621384974,6.850235565306933,8060.750681054469,5124.430745221358,172.97849759998752
11929.404730844142,0.15279618254924576,0.12966609401010895,0.0409329669081117,0.015303986238065545,7.220627027541205,5678.288166627482,7705.008370660057,457.851184871837
11931.160937509638,0.15270934032277542,0.12986697502442582,0.04094155983931535,0.015321481221726338,7.58084389571687,2659.3897226086397,9426.948815501662,691.7382822430777
11932.346596510995,0.1525754561134289,0.1300025146206714,0.040943266315549245,0.015338294033763642,7.918078742964713,-641.9171081466619,10170.179983055175,854.1253600163749
11933.898807341413,0.1524415183541945,0.1301283672823983,0.04093854140880184,0.015358969548098483,8.225901297094966,-3891.094713647826,9973.825118318156,937.94734164361
11935.49328690868,0.15229263971504206,0.13022837071526366,0.040926662965894915,0.015379835088021059,8.503631640403524,-6836.098596883886,8979.397409599183,947.0800539178039
11937.015041538805,0.15215439556298915,0.13030238038766565,0.04090560357511502,0.015401114096560564,8.754040375096091,-9318.53813123462,7368.270255786234,891.5420800862514
11938.693260815098,0.15200448529254387,0.13036591370291012,0.04087861407046041,0.015417769350752229,8.981295352171978,-11256.053044511487,5320.804806209022,783.5964160271633
11940.438391503965,0.15185577210734327,0.13042464358661257,0.04084805715013611,0.015428441680945522,9.189751669424162,-12618.474232944394,2997.901613392294,635.4953362599467
11942.04805637377,0.15171179637538257,0.1304619388639,0.0408212195608277,0.015432102389801902,9.383417824287825,-13408.19406670044,536.4572963664014,458.50416070607946
11943.562337653282,0.15156824292339646,0.13047039628013163,0.040809910671238576,0.01543150397077016,9.56581079589083,-13646.831146067836,-1948.8071502754963,262.62088650116016
11945.151063269135,0.15141526704022468,0.13045727059912104,0.04082750619484623,0.015435588050452913,9.739985907699177,-13367.166045369735,-4361.356247413,56.641448577193906
11946.370522172137,0.15129735524656307,0.13043319795125274,0.04086914577810599,0.015453181287049552,9.90862720003022,-12608.689876119322,-6618.606524706727,-151.59425567408596
11947.946761741769,0.15115127394575906,0.1303723237712556,0.040909313193679075,0.015478735080617614,10.074160342644323,-11415.479312879988,-8648.289701780099,-354.8757590183499
11949.497840728345,0.15102904659711436,0.1302756478452681,0.040944174819165825,0.015510023962663677,10.238863941470303,-9835.652860179536,-10385.464343535223,-546.3935411502176
11950.859489864348,0.15093868118374684,0.13017300673397753,0.040972740957991076,0.015545767731381844,10.404973000516037,-7922.023156756183,-11770.217832425576,-719.5902358982836
11952.253005631252,0.15087494585921188,0.13005102454381479,0.040993271851343584,0.015582763394599828,10.57478713207558,-5733.592272502951,-12746.203526681176,-867.9961405934828
11953.851572123585,0.1508324029575786,0.12990218313589733,0.04100720301204076,0.015622896144302218,10.75078015452812,-3337.872407356037,-13259.962255597784,-985.110453664366
11955.932658592843,0.1509554804866251,0.12972691085345084,0.04101274692453246,0.01565856891696921,10.935708427089244,-814.1197902767724,-13261.118144949449,-1064.3050303173425
11958.219446174173,0.15112700538304755,0.1295788305014416,0.041011380081393434,0.01569621620407544,11.132723933571988,1742.402552991901,-12704.539134959408,-1098.878593353858
11960.707706499032,0.15133791921766895,0.1294722283521692,0.04100309498923877,0.015729996789577743,11.34544872879327,4215.46548189352,-11555.101613519902,-1082.295784506769
11963.419844123857,0.15157994534266656,0.129419570779366,0.04099010567258172,0.01575605687781278,11.57796549849495,6462.962685476456,-9796.096419138114,-1008.6928759408844
11966.40164451434,0.1518483755100696,0.12944319906659432,0.04097608178753007,0.015772492765422537,11.834589866906263,8314.075372913103,-7443.685193189494,-873.9783588193663
11969.549397055616,0.15211188047459265,0.12955581024624496,0.04097136163807334,0.01577567240392773,12.119191925735631,9573.451172927334,-4568.597298769738,-677.7248943837518
11972.856701792341,0.1523425787559113,0.12977985713857762,0.04096648322442184,0.015777086233465482,12.433783007689133,10040.87668545532,-1322.5962283849615,-426.01679349985193
11976.060493430983,0.15248638005237633,0.13009785881800687,0.04095590316779326,0.015776569857301703,12.776335990046647,9555.719928041819,2042.3434964436744,-134.47996791277342
11978.904914712353,0.1525043729660092,0.1304644380100629,0.040938127464215816,0.01576906192091275,13.138762907860265,8063.648028496196,5187.079286378965,170.71485255760356
11981.17149938178,0.1523848223923486,0.13081852794996465,0.040909127028035654,0.01574141754488311,13.5071407558002,5673.666900672508,7752.621189493811,456.56002179023596
11982.551310286022,0.15227659011904546,0.13100173957605257,0.04091157281310348,0.015746261144222316,13.86552759107334,2654.5798137464517,9463.449892946413,692.0597570600397
11984.182492327323,0.1521376878811439,0.13117074721849423,0.040913531498127834,0.01576567718473809,14.201261802583735,-643.5154670982689,10201.684448653898,856.711796125576
11985.750226488077,0.15201563764679393,0.1312959021197818,0.04090874182612903,0.01578672276498521,14.507921271873292,-3889.781783884158,10006.071810401561,943.2991545102263
11987.366939402526,0.15188088294244845,0.1313990778837405,0.0408961843709488,0.015808884194663874,14.784747451012189,-6834.474408785616,9016.500879518182,955.4084887788217
11988.86825894831,0.1517426709949076,0.1314709506469905,0.04087515651567166,0.01583024007620022,15.034415970112072,-9320.26066987477,7412.484240230539,902.7914357561154
11990.475806252607,0.1515926501124407,0.13152683032124918,0.040845974334490456,0.01584838170555648,15.261014885950084,-11265.05166537564,5372.787270063756,797.5100114900423
11992.219367851449,0.151446137094886,0.1315869347727534,0.04081223532743176,0.015860313118551968,15.468839229484905,-12638.589375431508,3057.065585145367,651.6847320902925
11993.965394633331,0.15129239447621762,0.13163037492094318,0.04078357688232187,0.01586435293225146,15.66185375622665,-13443.022055771926,601.2070396507024,476.48089012967125
11995.681286064506,0.1511330473841454,0.13165003162343236,0.04076996805258865,0.015863706177345935,15.843541767110274,-13699.64363827719,-1880.9416452303572,281.8217450877592
11997.340648992244,0.15097410108919182,0.13163592063238128,0.04079850563490379,0.015870164791763938,16.016928139394235,-13440.834389826425,-4293.638123612397,76.41491507950465
11998.278807838353,0.15088460225130448,0.13161469427514597,0.04083308552745242,0.015884501111322443,16.18466663390891,-12705.601052140346,-6555.05685065355,-131.93539684753893
11999.38447426278,0.15077806563789253,0.13158120596532197,0.040867363308092375,0.015905939205131836,16.34914985723618,-11537.463794856883,-8593.723891902548,-336.02349784048
12000.96164938424,0.15065128920581988,0.13148685486589717,0.04089779921285035,0.015932774849725464,16.51262269493584,-9983.798591306246,-10345.602093786494,-529.1047956849923
12002.527354673453,0.15054018099571823,0.13137468966368454,0.040924490129036636,0.015965486617343323,16.677280518564892,-8096.396378280511,-11751.756955386076,-704.7033806091338
12004.02579341485,0.15045049198096158,0.13125206822060415,0.04094659146528015,0.016004238820337465,16.84536907788112,-5932.917352853824,-12756.832964312462,-856.4493132574898
12005.50844347792,0.15041871970603848,0.13111379633380296,0.040961188544888234,0.016044517014992696,17.01929054443381,-3559.0474866316977,-13308.278340495142,-977.9319390907239
12007.524993503022,0.15053752678415655,0.13094173490421693,0.04096647268592372,0.016075282021791044,17.20171415790333,-1051.5389599152736,-13356.483527980385,-1062.5863400322062
12009.794774081218,0.15070494586991323,0.13079086783000266,0.04096580520586446,0.01611299818580634,17.395688324395376,1497.7355535407028,-12856.723345135199,-1103.7769964579918
12012.28078469029,0.15091181103352763,0.13067797959810099,0.040958142771936705,0.01614749444251647,17.60471485756014,3977.0233521607665,-11773.391050761933,-1094.9928247641344
12014.6916015598,0.1511405189795631,0.13064163109265922,0.04094565794876478,0.016174266254613066,17.83275703578317,6249.832709026279,-10087.633791071492,-1030.2593230238374
12017.62366381659,0.15140330979921937,0.13065312628084294,0.040936467428078244,0.016185753496528,18.08406139964659,8151.771778709021,-7810.589268510543,-905.1149107286145
12020.68746810729,0.15166494796034982,0.13076124488579738,0.04092900008546669,0.016191202257512336,18.362579584669298,9493.296486595504,-5003.556135648093,-718.3886276607114
12023.98637777445,0.15190191337691436,0.13096532726730753,0.04092207343159747,0.016193578312716703,18.670704225939776,10076.153470001307,-1803.559358611066,-474.8684857488093
12027.251966008602,0.15206246538879908,0.13126900601438335,0.0409128149666275,0.016193582227056278,19.007230370715995,9732.888755583337,1555.6615674063744,-188.29223183232472
12030.198187595543,0.15210194129636073,0.1316313277820146,0.040900398463218524,0.01618905805436424,19.365234555268646,8389.825288876893,4749.806293930289,117.11781732138972
12032.571325017532,0.15200365424512458,0.13198957028285394,0.0408743507820131,0.016166902719059614,19.731781522465507,6127.617127264984,7421.269526311641,409.3408475353368
12034.557962031167,0.15192629936290275,0.13220845991541302,0.040875050473195736,0.016167916861094308,20.0911031586615,3190.007667860743,9278.169187890859,656.6083900652901
12036.219449561957,0.1517975584242503,0.13238228028256824,0.040876785904710264,0.016178853607024726,20.42981100794304,-83.05158743554244,10176.276191263009,836.2504789506299
12037.908421084461,0.1516669006472128,0.13252134569734023,0.04087336026823548,0.01619866832257903,20.7404027484954,-3355.3104523531297,10130.77480415761,938.6752249083128
12039.537519920053,0.15152780974983135,0.13262837091560187,0.040863551606485304,0.016218106371963248,21.021238134531036,-6363.785313164863,9267.64685857671,965.7015885322761
12041.147220873723,0.15138202052003133,0.1327093710450731,0.040843862753838965,0.016239979404860674,21.274485497087724,-8937.492058946296,7761.452716591759,926.0939676917966
12042.867198084467,0.15124895369242386,0.13278941602235564,0.04081590376795073,0.01625901343693385,21.504020989248477,-10983.717752836987,5791.342768507441,831.5317075803993
12044.458618318558,0.15111231815692938,0.13284181895368888,0.04079046039110483,0.01626913296072226,21.714092931582215,-12464.949040358628,3519.547735688809,694.0542874470065
12046.046181860735,0.15096685878271934,0.13287130318177717,0.040761612427890566,0.016274296152035676,21.908696588276143,-13378.688311619255,1084.9155898754923,524.9144641536752
12047.729301998575,0.15080968275160403,0.1328850230079099,0.040760064181405146,0.016274259498140566,22.09136556867596,-13743.372895018927,-1396.1162768901213,334.15852327231147
12049.391058799813,0.15065158766226205,0.1328775277074402,0.04077801902192384,0.016277659676188806,22.265170901022355,-13589.559577883463,-3825.860619385551,130.6422710421976
12050.252927022848,0.1505679090135129,0.13286939537083597,0.04080964576808297,0.016289493778747863,22.43279341276904,-12954.920127697376,-6121.206476553651,-77.7003762423285
12051.329955199877,0.15046543713728736,0.13283770422480234,0.04085143028235629,0.01631362082793261,22.596633527083167,-11881.73526369614,-8209.976107750603,-283.65915840896537
12052.609044017778,0.15035323734612432,0.13277453008834367,0.04088826852232257,0.01634380543919252,22.75892056435191,-10416.014747734798,-10027.920818727931,-480.5056876793941
12053.789839020561,0.150256818471436,0.1327012409144581,0.04091793120860514,0.016377486177542703,22.921808559687012,-8607.823170677277,-11516.282519631535,-661.7814116695483
12055.10753742838,0.1501742657643487,0.13259696470051857,0.04094197795082314,0.0164160061453137,23.08747748448737,-6512.431056947296,-12620.128204950131,-821.1675759615873
12055.676815628161,0.15013885293260026,0.1325482821859298,0.04095862111153512,0.016456470097550236,23.25823055912837,-4192.311876728465,-13287.403460974967,-952.3417032301282
12057.514779348561,0.1502116207678986,0.13238243794349927,0.04096747987114066,0.01649682725671187,23.436606445346744,-1719.7711017574318,-13468.79434046258,-1048.869386953856
12059.705734151548,0.1503648742863428,0.13222561322079265,0.04096877340067649,0.016536058009254007,23.62548908148963,819.3816317374535,-13119.035720079353,-1104.1955466705485
12061.881136417931,0.15055332848521955,0.13212191136035584,0.040962975862721414,0.01657148457630785,23.82818730757074,3321.228096635887,-12200.313621167008,-1111.7684814559966
12064.360674636166,0.1507777054247123,0.13205837679613586,0.04095459336728589,0.01659292787794536,24.04847742564887,5659.035222586497,-10688.563554226253,-1065.3717237627293
12067.266763080506,0.15103628349397463,0.1320445853554204,0.040946842099702965,0.01660419678252778,24.29050603380717,7679.371598293066,-8584.537041955717,-959.91303960349
12070.03870832587,0.15128438339708009,0.1321348727780051,0.040944583505162106,0.016606162241515197,24.558369197362758,9202.331090200167,-5931.383186898539,-792.8947423451411
12073.365875320838,0.1515379951180902,0.13230887857333787,0.04094523717435566,0.01660583390133501,24.855125294022507,10032.458540471362,-2838.475244898687,-566.7452020051065
12076.694921760141,0.1517281052618677,0.1325847021094567,0.04094387096802948,0.016605902265508538,25.181021557323206,9989.43536082766,494.85047431705493,-291.8146545333487
12079.55751807186,0.15180036615527437,0.13291467754000777,0.040937131526573314,0.016604216017227055,25.531276407877957,8963.525315987028,3773.7074076060394,11.32699691729738
12082.037735400903,0.15173988961759036,0.13327670424339233,0.040906460048128104,0.0165838916543854,25.894936513599383,6980.432792061982,6646.042119275504,312.81611023990445
12082.769393994338,0.1516376053269895,0.13342660936505035,0.04088512887318995,0.016554150264950523,26.25680037961053,4231.9937064591295,8790.630346411517,579.8261189155339
12084.14217082922,0.15151481229676994,0.1335908353121954,0.04089019789682912,0.016572196683625216,26.602254429464903,1033.7072781760676,10010.893133127809,785.9631941184813
12085.771638419576,0.15136833196689278,0.13373964976684677,0.04088906422646216,0.016589950546312533,26.92168576300432,-2270.164292435519,10272.055878850193,917.1391319767191
12087.482479519145,0.15124092545188939,0.13386098482796924,0.04088301180330854,0.016605519714187247,27.211610767036277,-5389.99727059065,9669.012257128625,971.4957578481248
12088.89225013788,0.15109730052674686,0.13393400814392076,0.04086997574900437,0.016622833331527337,27.473094148401437,-8125.637680582162,8364.587555637145,955.7237048670455
12090.557320441947,0.15094759343361844,0.1340039038887935,0.040848833180696306,0.016639861557272023,27.70955361086992,-10361.005324306725,6538.342073151403,880.6920747752032
12092.371201052929,0.15080634116997385,0.13407981896060484,0.04082466013229173,0.01665162884622758,27.925156774102813,-12042.639512704938,4358.316772209928,758.3869798497782
12093.891597960455,0.1506782760078205,0.13412665251996217,0.04081166069057597,0.01665488661701224,28.12397835284603,-13158.051140687678,1970.4458430123534,600.2923882478952
12095.647084309532,0.1505216330135133,0.13416059940119077,0.04081532805794604,0.016654657427652434,28.30968285741497,-13719.638405587286,-502.43405856302684,416.78766388497934
12097.328280110669,0.15036252458817376,0.13415590769903388,0.04083558567768339,0.01665717058462616,28.485465978278764,-13754.294715414911,-2957.5465856524625,217.09121650668953
12098.316728046691,0.1502674476457992,0.13415471762625092,0.040876580956762415,0.016669665903320495,28.654104759014103,-13297.326301544388,-5308.035316566606,9.393609038595232
12099.085606289986,0.15019137047431794,0.1341444395626358,0.04091753285320382,0.01669005369410557,28.818056837613273,-12389.211861504977,-7479.15402515224,-198.89223591741745
12099.940477157304,0.15010676185176494,0.13411954756070363,0.04094908937536113,0.016712790704344636,28.979568859236657,-11074.173471592183,-9405.070298258252,-400.88162424384655
12100.456123523221,0.1500500507041698,0.13410288505742618,0.040980376137831724,0.016744083626338398,29.14077395024657,-9400.10081976562,-11026.221955159983,-590.0817136811363
12100.881511059897,0.15000222882524566,0.1340821291159953,0.041007307704617864,0.016781532940083894,29.303789051416064,-7419.353160069577,-12287.402205269766,-760.2228113126608
12101.292790803585,0.14996528972451756,0.1340516137454954,0.04102477703588019,0.016816898866435462,29.4708147383488,-5190.323224447602,-13136.56191074499,-905.0579648416208
12101.492860203081,0.1499568617763373,0.1340336186380565,0.041036990605719345,0.01685798930316555,29.644234298809494,-2779.809782219094,-13524.329490424303,-1018.2757545713927
12103.603678215233,0.15009224030123752,0.1338663773492972,0.041041307786611435,0.016896569137815353,29.826724498660774,-266.0477896539793,-13404.456063640706,-1093.4361656033345
12105.896367726991,0.15025628917447828,0.13372320754797298,0.04103889938883529,0.016927997083690808,30.02135574643057,2257.153175330958,-12736.17766128199,-1123.9906948236003
12108.301027511985,0.15046470534324347,0.13363397704126245,0.041029205055478635,0.01696190885225665,30.231649070008952,4675.6366433004905,-11489.008191070101,-1103.5604212256503
12111.08399970743,0.1507097667278761,0.13358897398473876,0.04102016250766736,0.016978567845096732,30.46156218441163,6850.552984513978,-9651.092543466706,-1026.4269372898536
12114.124920296119,0.15097600041088566,0.13361670867274106,0.041024913103011394,0.0169733995978355,30.71526147489521,8616.152227125182,-7243.353404250355,-888.558149784994
12117.41735965256,0.15124264798004133,0.13373581930444178,0.04102990677539213,0.016970245589915747,30.996455364291673,9784.524534550641,-4340.219424323968,-689.608689261575
12120.773259205598,0.1514680623052015,0.1339386108318184,0.04102985839596509,0.016970208567837184,31.307021011409915,10165.359294813425,-1094.393862794678,-435.6811031995454
12124.128780318168,0.1516124002987804,0.13425813048714322,0.04103415930973876,0.01697032267255514,31.644924821917908,9608.88638603618,2246.0983656895796,-142.07843808719355
12126.612955987437,0.15159895374446797,0.13461502300100361,0.04102818550078106,0.01696753443643692,32.00231366330942,8069.034436426216,5351.88367376075,165.65946241500615
12128.464323159176,0.15148539935581867,0.13491309993946504,0.04100068245965468,0.016940688595782634,32.36572886161294,5656.496770299698,7877.20120100663,455.18717745841525
12130.19797165144,0.15139799727101716,0.1351069199528713,0.04100447881991414,0.01694848095350563,32.71971079374929,2634.084531197755,9557.819984847674,695.909371168832
12131.882435103,0.15126638425700942,0.1352742590133102,0.041005911926741044,0.01696307836529687,33.051844287044894,-658.0708420049209,10281.011987601285,867.1980718764096
12133.356672601692,0.15115073040165716,0.1353902161988361,0.04100110993222275,0.016984237752031162,33.35566283317452,-3898.167134441079,10084.86638401755,961.2895382935916
12135.092741808081,0.15102548276396666,0.13550174064906134,0.0409885973427595,0.01700647882254914,33.630203944906384,-6842.402871995176,9105.617952046341,981.1154710690462
12136.775233115746,0.15088149122119887,0.13558466971578426,0.04097192122087413,0.017023571867836748,33.87791546502652,-9336.510063009402,7518.487825836702,935.817438840404
12138.505672340283,0.15073532513562876,0.1356534559590928,0.040944812073131685,0.017040685102454108,34.10269772050089,-11299.612791816555,5498.389571365508,837.0136329361816
12140.256761749537,0.15058505743743844,0.13570715364122724,0.040935683746183976,0.017043975876377068,34.30870381885286,-12701.658088591159,3201.748273503823,696.4744447010322
12142.053114273203,0.1504310018500858,0.13575432454638703,0.040932898433347895,0.01704437436008306,34.49979881350495,-13544.49514755067,761.6859055785549,525.1032750462815
12143.803803673936,0.1502712202238056,0.1357754234366528,0.04094410192611231,0.017044727467369226,34.679386367584414,-13848.836562775863,-1710.4398247588622,332.6888245526166
12144.636554447541,0.15019256570466855,0.13577082295117693,0.04096476928841197,0.01704907917892914,34.8504175458717,-13646.218166951443,-4121.214697029167,127.91352356382771
12145.354940267182,0.1501219770749791,0.13576967905757883,0.04099317689129696,0.017060280540004837,35.015474635072586,-12974.544962705188,-6391.193011286493,-81.45244040590615
12145.992400532074,0.15005743181843068,0.13575976151801955,0.04103013878197674,0.017082371513551672,35.17687508921933,-11875.852395310418,-8451.392327160545,-288.357742050722
12146.27235578475,0.15002192729365402,0.1357596055505794,0.04106617968260921,0.017112674425938914,35.3367677632222,-10395.573161995875,-10240.309363138083,-486.2310354458726
12146.555728123998,0.14998221178141422,0.13575478996367132,0.041093597150317254,0.01714445759062084,35.49723200593452,-8582.875704896485,-11701.714901959698,-668.7595126538022
12146.637715420351,0.1499604035770435,0.13575580817365693,0.04111719311081898,0.017182921531618548,35.660374107700754,-6491.787748458973,-12783.05991466325,-829.7591261879498
12146.870372043995,0.1499448318589442,0.13573635875964432,0.041130733498038155,0.017216329710760894,35.828422170530196,-4183.054765369843,-13434.560898405853,-963.0276208822615
12147.689676299817,0.1499868674194477,0.1356637967606439,0.041138922379717946,0.017254063032666484,36.00383113490427,-1726.7217519470564,-13609.095273885428,-1062.255104723055
12149.940443690046,0.1501389763749783,0.13550164255484995,0.04113976071035516,0.017278725898801077,36.18938519835195,794.4423957869537,-13263.262339171388,-1120.98069353076
12152.363986088792,0.15032597456698377,0.1353728746107914,0.04113433970474316,0.017312762995005365,36.38829005103248,3280.6073147830175,-12360.507578971805,-1132.7315249535898
12154.926067200666,0.15054188728133747,0.1352917540446925,0.04112857507158863,0.017327899217178613,36.60420568187561,5610.224654654644,-10877.029381637825,-1091.3139501056414
12157.816248928599,0.15079714309575795,0.13527402838466465,0.041130308405905654,0.017325365867995438,36.84118237443304,7636.19106831603,-8811.898593008254,-991.4466551531114
12160.872461747538,0.1510582742896238,0.13533469263697054,0.04112754352853902,0.017327861448869192,37.10330678440412,9185.52687746226,-6203.35889341971,-830.2425185748654
12164.121879243703,0.15130553437200625,0.13548380498290066,0.04113195963492564,0.017325684952458627,37.39381243535239,10068.464333219117,-3151.363767241424,-609.3434392948484
12167.17224714305,0.15148370686903156,0.13572763367365642,0.04113999293799048,0.01732439788247203,37.713446532168945,10105.548087860023,158.84864586445406,-337.7480155561757
12170.369153817268,0.15158253204962857,0.13606235643705195,0.041140887462777415,0.017324406578550916,38.05830151664109,9178.705870293788,3448.0406166793928,-34.388889772931
12173.172885022133,0.1515529428654379,0.13642735465914538,0.0411364733526626,0.017321542893127526,38.41841378691063,7294.961638223654,6373.844851905064,272.21733968069105
12173.226633567412,0.15141940466379528,0.13655092830967616,0.04111041793828106,0.01728841127929176,38.779121517162814,4623.486675990569,8611.40002931059,549.2634907907228
12175.198765440116,0.15132945262302244,0.13674688617556655,0.04110910307416589,0.017284156095498292,39.125555640006944,1463.9607889824674,9948.004419734983,768.8293958902647
12176.875883641082,0.151201135865541,0.13689817028368353,0.04110871354183156,0.017302702191362606,39.44727795697296,-1842.4606634989013,10329.216241080096,914.8205409488316
12178.514801332161,0.15105989503870082,0.13701682639504095,0.04110128833364432,0.01732437396855111,39.739922404594225,-4999.572025405622,9835.108228122883,983.6570854824994
12180.029767043721,0.1509294159429228,0.1371032090318909,0.041086600205122725,0.01734547502135831,40.00394899164661,-7797.451907980105,8621.064482874264,980.8724040259461
12181.705149420957,0.15078283390243113,0.13717703510407236,0.04106990170765876,0.017359884724529463,40.24246538596624,-10111.320561034478,6864.615696623239,916.7434824866318
12183.5273421096,0.15064440420386369,0.13725564849676875,0.04104988888910925,0.017370440173581823,40.45952861281071,-11881.410541722045,4734.419205826478,803.0609687594829
12185.257001973145,0.15049783983029602,0.1373066117618308,0.041038113076314685,0.01737378518480934,40.659202667708435,-13091.125122651993,2377.8499768005345,651.3432954598555
12186.978508502838,0.15034632091748246,0.13734132501177676,0.04106207694320121,0.01737167063950941,40.845175410532214,-13750.271812039515,-80.8956875852354,472.02522070136314
12188.66210514804,0.15018987818325039,0.13734712582293157,0.0410793983221677,0.017373273887861185,41.02067124981863,-13884.05091789559,-2538.138534908488,274.43838413867644
12189.278861625464,0.15013093585978,0.13736023985419582,0.04110099358975591,0.017379111872719732,41.18848154137591,-13526.47770959869,-4906.675640264851,66.95117219946457
12189.558791247535,0.1500988115343514,0.13737409030153216,0.041119474892921205,0.01738756493858375,41.35106048134297,-12716.800732082724,-7111.929211395861,-142.93407965190698
12190.038129902434,0.1500472907466162,0.1373695590440284,0.041148134771665,0.017406757146837513,41.510633406940336,-11497.80804091039,-9088.71702285359,-348.38383266863866
12190.361346293656,0.15000901290368013,0.137363810843506,0.04118325962614453,0.017439415317129087,41.669289779174534,-9915.519421607201,-10778.514298629489,-543.0331546333656
12190.319534359622,0.14999362304234637,0.13737886666524915,0.04120425022246541,0.0174662994606932,41.829072909515354,-8019.796459473232,-12127.414695874142,-720.6931750791326
12190.339509017967,0.14997751951645927,0.1373827562727156,0.041220783932239366,0.017496434020680587,41.992079614283256,-5865.6297933716105,-13084.79773193805,-875.2311127695244
12190.337232799757,0.14995736555793093,0.13738550456899068,0.04123467976713859,0.01753617786211035,42.16055485108541,-3515.160814360174,-13602.65988198566,-1000.5265514890814
12192.023259868463,0.15005807621948802,0.1372440511009303,0.04124026431003722,0.017569843522414627,42.33699417623023,-1040.3425107958167,-13635.635606834087,-1090.308051784881
12194.331838779788,0.15022003964353395,0.13708941977255712,0.0412397782922618,0.017598666406813512,42.524247633106356,1473.3780292891745,-13142.566681737846,-1138.1402030585684
12196.722256899295,0.15041725233678466,0.13698108318221963,0.04123500239647179,0.017621035123342173,42.72559169493828,3922.6192256718414,-12090.190501790912,-1137.6068206480932
12199.4593731853,0.15065219021169365,0.13691248952520194,0.04123522548239022,0.017620606323573866,42.944760823996496,6181.652890861054,-10459.646007301151,-1082.637667045536
12202.419664469808,0.15090881584938592,0.13690724228468262,0.04124030305591515,0.017613983132679537,43.18583588056758,8099.056043167457,-8257.772355022962,-968.3667420876125
12205.61712616543,0.15117392671232202,0.1369847206812389,0.041251870404066436,0.017604902863141345,43.45279756219917,9498.854636174661,-5534.625004547168,-792.674676758378
12208.994793576008,0.15141871401432183,0.13716224258227908,0.04125681744169991,0.017602869330831914,43.74850687889752,10192.64198046347,-2406.62445108404,-558.5426009845984
12212.062899151953,0.15157652241204903,0.1374421342153347,0.04126517156885818,0.0176021478870806,44.072917539029866,10011.335188393281,921.593620593427,-276.93995051533625
12215.153503446765,0.15164441836540807,0.1377868025831798,0.04126392239852883,0.017601636204017015,44.42093653870238,8860.241641530765,4154.973592842912,31.054012796062995
12217.69898097993,0.15157789824312665,0.13814233549280439,0.04124049891377108,0.01758473009093547,44.78144304336912,6780.379385982508,6949.524473725017,335.4156160722096
12218.436364190538,0.15147915473193718,0.13828271277545073,0.041228838160279446,0.017567106494827275,45.13936267486211,3973.093027113755,8999.75540275126,603.7199447305376
12220.158258589705,0.15136815765821302,0.13846051090247982,0.041231975443453486,0.01757971978385104,45.480465196115794,753.4715853109989,10126.925053639026,810.2424878775523
12221.702088070375,0.15122600398619157,0.1385971823287972,0.04123069534547587,0.017593773966079387,45.795552384901576,-2542.851166369281,10309.59570483782,941.5122759725177
12223.163626077852,0.1510912002840334,0.13869684450132286,0.04122469230493622,0.01760824831400348,46.08140178854327,-5637.921947839306,9648.805768153095,996.0876207071865
12224.602059819312,0.1509485756924373,0.1387693069997922,0.04120927753834367,0.017627983700174033,46.339167684590514,-8342.136731053057,8307.713381509504,980.7901923490085
12226.331848957623,0.15080032037904842,0.13884261776402249,0.041190012563330505,0.017643033965720645,46.57224094523965,-10547.17734915785,6462.9875897511765,906.4094704043515
12228.045575225991,0.1506689035375123,0.1389131152178703,0.04117365373768631,0.01765075280606571,46.784710816728435,-12204.58776511888,4278.518412169073,784.7396249713466
12229.8401124648,0.15051649547996374,0.1389626601505443,0.041170565361296235,0.017651475902898003,46.980563656565884,-13304.800601913403,1895.872350019983,627.0652703759879
12231.304951161113,0.15038553182181288,0.13898575857069864,0.04118544309317335,0.01765070166010584,47.163376084192876,-13861.694002751674,-566.2101010656711,443.58865487464533
12232.718710874815,0.15025472470420376,0.13899131243048735,0.04119846904302911,0.017652347517363727,47.33626045060918,-13902.694054492113,-3008.6820816986237,243.41317996530387
12233.59652640844,0.15017078641212944,0.13899730318338735,0.04120667117128805,0.017654833986545958,47.50191698353636,-13462.944186855171,-5348.170541977311,34.68117756559261
12234.028180259751,0.15012501666585468,0.13900278157212795,0.04122316683270081,0.017662971109085178,47.66272611199871,-12582.188515210468,-7513.169589106357,-175.30822505969923
12234.01602158976,0.15010964003906394,0.13902991949751523,0.041250831818401494,0.017682629356880416,47.82085106258359,-11303.440624309966,-9440.89495817735,-379.90568472825476
12234.20754672115,0.1500790114069685,0.13903376815922705,0.041274439538493364,0.017705767114460192,47.978335787167694,-9672.7944631513,-11074.799095321046,-572.8392179343255
12234.449022689898,0.15004968548575823,0.13902405757859315,0.04129779101458291,0.0177372951758036,48.13719812998764,-7740.102363863591,-12362.666532522539,-748.0357985146497
12234.443151707123,0.15002174306763202,0.13903368464491314,0.041311330451565396,0.0177634740873831,48.29951513700664,-5560.445973329911,-13255.341029148776,-899.4647390283434
12233.811875065505,0.15001234883415113,0.13909417757638942,0.04132483962190957,0.01780530905111282,48.467518155876576,-3196.219753179978,-13706.145366278944,-1021.0565633182057
12234.784185338349,0.15008925603826034,0.13901787795825046,0.04132806602133506,0.01782803947638487,48.64369662422289,-719.7489362134716,-13671.09058477993,-1106.577802110438
12236.770819908848,0.15025078239906706,0.13889810682928258,0.04132700628034703,0.017854340609009214,48.83090857009843,1783.0646684490332,-13110.53208304517,-1149.6389433186478
12239.30540253819,0.15045418172066988,0.13878444509050192,0.041325281774496195,0.01786164785562138,49.032443614092614,4208.300625341352,-11992.998075728365,-1143.8808548766726
12242.066396460044,0.1506907841545781,0.13872181431492475,0.04132662612781516,0.017858891368376366,49.252050680317325,6429.6370098120315,-10302.008352601873,-1083.342624261346
12245.079895551125,0.1509515562351591,0.13872608815895146,0.041333538726543974,0.017850297477615313,49.49380426971066,8295.257565509453,-8047.61430456882,-963.3712299877988
12248.119872296373,0.15120452229520343,0.13882352329737177,0.04134480541886315,0.017841897886841408,49.761638815697474,9629.584802582145,-5284.1820211940385,-782.1530847545891
12251.536998895286,0.15144621752719242,0.1390109416749727,0.04135698080030697,0.017837295031075416,50.058288207077936,10246.401324524977,-2133.4812020424356,-543.1065782298997
12254.951014529017,0.1516205084995982,0.13929104337819087,0.04135724318389644,0.017837190322866067,50.38346661022511,9981.899302505002,1194.4092973896213,-257.8261464874462
12257.852084749462,0.1516662805847772,0.13963613696397315,0.04136354465452831,0.01783889801652488,50.73173758931729,8750.409393304413,4401.1451594648415,52.004132307983504
12260.439893757746,0.15159933250752786,0.13998463594519006,0.041357531824765675,0.017834124797892356,51.091678836134534,6604.203155444787,7144.707232863673,356.13697135526013
12260.719404449672,0.15147830982559515,0.140100476592029,0.04134944210483199,0.017821103897626825,51.448147758104774,3753.8047692812643,9128.024789833431,622.3452985573724
12262.45222834571,0.15133738881277134,0.14028850855451444,0.04135334712622007,0.017838728107448572,51.78714186921386,517.2292708034056,10184.217756450746,825.523985951538
12264.036202070132,0.15121249483936056,0.14042174760398685,0.041351170760885715,0.017857997696454478,52.09982828136379,-2773.436136594158,10302.281378038175,953.0123227747932
12265.831844745639,0.15109751568838561,0.14054379027060315,0.04134216815304905,0.017878614072976633,52.38328470188868,-5847.149120081726,9589.304880130014,1004.0000899105628
12267.455718486442,0.15094295700812635,0.1406249425943325,0.041330109995458254,0.017893482631870673,52.63883084023507,-8521.31609558762,8210.177027855352,985.6062414660213
12269.232702081123,0.1507992515873391,0.1407030686222172,0.041313849688949654,0.0179057752181259,52.869915274048374,-10693.101289339078,6340.69791924245,908.6961545533247
12271.055029029774,0.15065116339315668,0.14076910165013967,0.04129712601886112,0.017913391412191376,53.08062139409838,-12317.786042642096,4142.740168264591,785.0639792896317
12272.925587226911,0.15049887867612263,0.14082843146252425,0.041298632636940065,0.017913012449463604,53.27490262252739,-13388.144408975628,1755.5623704121624,625.9170372635843
12274.698602030707,0.15034231206652673,0.1408593401682735,0.041310174691509806,0.01791252789774407,53.456295719745285,-13919.420811363345,-704.298680730343,441.36945179082653
12275.055259289287,0.150311889436619,0.14087746323808753,0.04132211672834114,0.017914146021946898,53.62786684371508,-13939.738223900535,-3139.689291656057,240.44752923382995
12275.290654549637,0.1502876613924085,0.14089910996649063,0.041326641750995964,0.017915550401650798,53.792275856066674,-13484.523484436531,-5468.893948754132,31.206592018757163
12275.478781988691,0.15026154275502326,0.14092002206693263,0.041343660158115525,0.017924085690804843,53.95187520945749,-12593.505084850223,-7621.975908172829,-179.1504124318122
12275.434020651604,0.15024988309236226,0.14094696715688837,0.0413710813565135,0.017943793347411082,54.108801492117976,-11309.458154592228,-9537.535437065602,-384.06816934550136
12275.248823797148,0.15024404232231514,0.14097821375552996,0.04139419127027987,0.017966632783021488,54.26506950691365,-9678.082736351615,-11160.241497339319,-577.3488685474883
12275.260144803926,0.15021898699726513,0.14099210615898639,0.041417527162308114,0.017998333848909226,54.422666970731115,-7748.68260809538,-12439.015772565637,-752.9954167167475
12274.989014839824,0.15020676686874632,0.1410234663034138,0.041433008829784915,0.01802839228267093,54.5836402463892,-5575.5616816467855,-13325.758805185125,-905.0636220097069
12274.695286986034,0.15018707362084935,0.14105272422013587,0.04144060299105288,0.018051909382360485,54.75018739176712,-3220.055779925696,-13774.78164833411,-1027.5136155539597
12275.147599702448,0.15026370615726514,0.14102432300876225,0.04144519748275877,0.018084031004283484,54.92476128118177,-753.1819284917973,-13742.962405744927,-1114.1966898348594
12277.475297341634,0.1504279076736212,0.1408732886871135,0.0414444983604607,0.018102920790158065,55.110172284174816,1740.886701661396,-13191.291632664132,-1158.813390102396
12279.983113430464,0.1506282917511815,0.14076016873002978,0.04144187793109406,0.018114213654318534,55.30966802707422,4160.480432280596,-12088.5531960181,-1155.03504126462
12282.299362725109,0.15084419294754023,0.14072716118808823,0.0414437120014832,0.018110360161000257,55.52694971554284,6381.9718792647855,-10417.832710654497,-1096.9107393845538
12285.259829959534,0.15109731314359087,0.1407246927208602,0.04144948960247855,0.018103041959768876,55.76607268874753,8256.69992382284,-8187.569298683631,-979.6881340720867
12288.433416770004,0.151354991561923,0.14079948249205984,0.04145871895597612,0.018095986510803352,56.031013216775285,9612.188408291935,-5448.712339802008,-801.3170578537934
12291.823063436506,0.15159570912431533,0.14098045500255735,0.041465872454369564,0.018093146116030984,56.32465968861374,10264.013803005753,-2317.37784428381,-564.7567242475726
12295.007794443736,0.15175878589233613,0.14124778626551818,0.0414848990678116,0.0180917913997275,56.64704879788852,10046.996020503848,1003.7867681172519,-280.8275486825276
12298.071205887623,0.15181958106205898,0.14159167138382295,0.04149575035259684,0.01809460702648402,56.99322076870651,8869.177524420074,4223.390396775422,29.597597902820304
12300.66351415013,0.1517533925129342,0.14194463851318834,0.041492511576293356,0.018092037629289466,57.352189921354636,6772.161761297046,7001.911044631336,336.6992192977368
12300.806117315993,0.15163118687354196,0.14205283200484511,0.04148492744837341,0.0180804131481348,57.70893236868486,3955.7504746681398,9037.690379180629,608.0578956724224
12302.756481198763,0.1515285912744448,0.14224115154466677,0.04148779750762179,0.018092094560001794,58.04915317864817,732.3199214919483,10154.287667149703,817.7348384866682
12304.49135363468,0.15138996842189908,0.14238886889733351,0.041486273417643396,0.018108560831772973,58.36352108050332,-2565.2587793346484,10331.112834402029,952.0558245853173
12306.256395941444,0.15126191447624576,0.14250902198039106,0.0414783805838778,0.018127584785637696,58.6486806946116,-5661.32903470812,9669.133785774646,1009.4408766773462
12307.91481820848,0.1511123381155653,0.14259538833826607,0.04146374545657471,0.01814629867170626,58.90569541866714,-8368.12170311363,8330.920885128375,996.6048126899709
12309.48166926706,0.15094775777812383,0.1426447842138071,0.04144563205952238,0.018160454273639312,59.13790774719981,-10578.710743137583,6492.194513938258,924.2670717424354
12311.159461459265,0.15081016928442237,0.1427048317918393,0.04141940856371025,0.018172893464031763,59.34938578870928,-12245.695049564118,4315.681871796044,804.2307168768232
12312.549027346182,0.1506950705625634,0.14274594149379333,0.04140946415609291,0.018175314391003162,59.54410069283664,-13360.278219600632,1941.6683819371187,647.7861868305832
12314.163656709668,0.15055665920030556,0.14278301128398246,0.04140922913030058,0.018175305248651144,59.725618814909524,-13936.793423357629,-512.5471675821861,465.1137714587741
12314.858872882549,0.15049375626104178,0.14279151355280312,0.041413997158750646,0.01817587375224399,59.897036108232165,-14002.788829590096,-2949.417943090216,265.27408450655236
12315.147889193213,0.15046597028194855,0.1428001845802672,0.04142169398367229,0.018178152822441406,60.06103126675576,-13593.217702273625,-5287.0971973241685,56.31336165400049
12315.24882079625,0.15044769537295516,0.14282690358625863,0.04142608015507081,0.018180262939696202,60.21996168512663,-12747.369446162016,-7455.739152455069,-154.5393255347356
12315.076518931368,0.15044464910395033,0.14286530065339148,0.04144069973326381,0.01819042354180714,60.37595805370888,-11507.46937613372,-9394.274361889518,-360.6979121903857
12314.633405388126,0.15045548657403546,0.14291665132236128,0.04145961654265694,0.018208505609043267,60.53101837559893,-9918.444279010158,-11047.861579602893,-556.0202041774328
12314.4301319731,0.1504387503604142,0.1429510010545946,0.04147891200004209,0.018233752287188088,60.687101117498024,-8028.5226263292425,-12366.035659912162,-734.5873098616327
12313.692697289423,0.15043974916420877,0.14302585170385873,0.041493089470239566,0.01825999669469743,60.84620956975885,-5890.540069015769,-13301.36760957094,-890.537335018083
12313.082053108901,0.1504299048416152,0.14308477449385343,0.041502129390976375,0.018286049803674105,61.01048376474561,-3563.817835228043,-13808.783010266312,-1017.9452137868549
12313.683948172256,0.15050479052647273,0.14303967906450904,0.04150391840500933,0.018296646171458385,61.182302936145604,-1116.61281280598,-13845.584935859164,-1110.7166403564033
12315.615889099787,0.15064367443098814,0.14291163020509262,0.041503831583213205,0.018306458752994494,61.36438874874972,1370.4907262845845,-13372.728591816478,-1162.6089083891516
12318.060881677226,0.15082934987292984,0.14278930091283598,0.04150506429072943,0.01830046880144997,61.55988163376647,3800.4300038706465,-12357.987668002535,-1167.3393379449512
12320.78855303187,0.15105937448167012,0.14271545233136193,0.041510721419127365,0.018287255167670886,61.77238826927664,6055.286345858892,-10781.676543567539,-1118.8816461557674
12323.77452432659,0.15131583970710547,0.1427036142684005,0.04152130405518871,0.01827263662586049,62.00591143750356,7992.727545789982,-8646.637524452251,-1012.2187967014743
12326.974675291847,0.15157945082443827,0.14276898168006644,0.04153716732371834,0.018259293635216063,62.2645064132196,9445.979478363453,-5994.018974677261,-844.641860477248
12330.328116373734,0.15182399553828516,0.1429220169872056,0.0415527451929785,0.018252178078800873,62.55141833066315,10232.897473322522,-2924.9041878730795,-617.893651191248
12333.7338741029,0.15201292173191994,0.14318278422990033,0.041561443926786554,0.01825100164997797,62.867469745157116,10182.396477089176,377.2118094780595,-341.0256019883012
12336.692073387148,0.1520845796606306,0.1435136461042625,0.04157019216425323,0.018252650509084728,63.20890105389087,9183.959598823798,3638.393161298313,-32.83348161503821
12339.475910105199,0.15204558232912924,0.14387230046063648,0.04157356930395089,0.018254507410677866,63.56592563313873,7249.179456673474,6524.618862696927,278.4169699947868
12339.289139240647,0.1518974657900249,0.14398425508165974,0.0415536137106864,0.018228365786834073,63.92398744603486,4547.3440968986515,8720.290587847152,560.0910841247087
12340.960665595696,0.1517875278001445,0.14416337128953807,0.041555968051278445,0.01823564633464159,64.26817699763907,1374.3438160400474,10020.28083974196,784.296053869558
12342.73661771171,0.15165672795224316,0.14431836286089358,0.04155536151378066,0.018255924496818222,64.5879049068969,-1934.4861141917177,10374.745160652139,934.8100637218595
12344.437845246353,0.15151276202652464,0.1444383690483328,0.04155032724626065,0.018270221631030068,64.87863437959581,-5089.006235555663,9865.474126763516,1007.8583210706565
12346.13550776095,0.15136308082657546,0.14453164940943836,0.04153962938865745,0.018285394237663618,65.14069645602191,-7884.59742188284,8647.391034899543,1008.8428939639167
12347.835132829128,0.1512083658395109,0.14460138317191673,0.04152027735546738,0.018302006725815684,65.37711919542178,-10200.666335335764,6896.19408150564,948.0009458681819
12349.592704999199,0.15105539220077102,0.14465882759589846,0.04150673785845658,0.018309119731176653,65.59190920169443,-11980.479178679534,4777.91897021537,837.0584098083445
12351.481951706312,0.15090633327659236,0.14472445072524015,0.041487046166316786,0.018314770909210954,65.78909971262112,-13209.508371992693,2436.9115235054705,687.4726212734844
12353.151053495882,0.15075807910954803,0.1447505485522013,0.041495018287547814,0.01831401912823375,65.97234572686946,-13898.756923418976,-5.848937308611472,509.64726344151467
12353.768949791873,0.15070385710581846,0.14476324617171654,0.041512719293738225,0.018315533512609245,66.14483016999218,-14073.863330010821,-2449.9139150033334,312.7793928018878
12354.060773097553,0.15067647542792675,0.14478594532342984,0.04150930394974861,0.018314631334239617,66.30930118040489,-13768.664418862767,-4811.407959734429,105.1160105844221
12353.871877935413,0.1506881870788293,0.1448138643463788,0.04150699067956729,0.018313597674101616,66.46816090873494,-13021.57973862933,-7019.177976403248,-105.9640620147072
12353.741075809688,0.1506866412057675,0.14484471210927996,0.04151284897756955,0.018317363535691137,66.6235641638813,-11873.953240220582,-9011.451687369863,-313.8291545003576
12353.005187303166,0.1507239081201908,0.14491175733512715,0.04152203065489907,0.018325520966081192,66.77750935980963,-10369.659856763687,-10733.16033323526,-512.3217199599
12352.385245994552,0.15073911762470674,0.1449754937274921,0.041542157422503376,0.018349907008055156,66.93193038391497,-8555.503828760724,-12133.91926802064,-695.5875979432833
12351.504826854913,0.15075353973776248,0.1450615425267637,0.04155691366763315,0.018374824332563974,67.08878352094496,-6482.3003929380475,-13166.613146740587,-857.8765312174636
12350.78494264049,0.15074438258168832,0.14513205384171934,0.041562879005366114,0.018389925518603592,67.25013596855402,-4206.5767909512,-13786.534618061089,-993.3507999899667
12350.154628863314,0.1507275157354478,0.1451891489511433,0.04156745090985904,0.01841119900027394,67.41826162672604,-1792.8916160771953,-13951.241855397406,-1096.0819631012232
12352.345898327663,0.15085468313007502,0.14502583495014967,0.04156759945701923,0.01841459995270576,67.59574378175722,683.2613924265086,-13621.198704951174,-1159.962633825194
12354.799884428165,0.1510378627807528,0.14489206090738718,0.0415672075266778,0.018417436850552478,67.78557152472175,3131.474078894033,-12762.24786008015,-1178.7660130858685
12357.476274331855,0.1512562773596249,0.1448000272607977,0.04157077378422698,0.01840749197390586,67.99118730119466,5441.977902480337,-11350.547771018588,-1146.4180425184443
12360.273963816331,0.15149772684820023,0.14477259514125698,0.04157925379931174,0.018393923863517663,68.21648161762698,7481.795583012725,-9380.82074962383,-1057.520285256231
12363.460844445135,0.15176223509447692,0.14480866380869117,0.041594737450901476,0.018378722719445625,68.46556365915895,9093.08749011134,-6879.9630570088675,-908.4577808562937
12366.873805661831,0.15202204573919492,0.14493861688833815,0.04161004523859532,0.018370063518507798,68.74210634856203,10098.354398288508,-3926.811215235067,-699.2510571913884
12370.357541619158,0.1522372781705868,0.1451625252339177,0.041614249441983095,0.018369053418827216,69.04799368467303,10320.06883650577,-675.3283233203559,-436.24902656477906
12373.789388727499,0.15236726322318425,0.14548135805477264,0.04162887144298037,0.018370336470852087,69.38125718736114,9622.372712245276,2630.2278228719233,-134.82476246513224
12376.282771298245,0.15234306122101532,0.14582400099950038,0.04164031498902332,0.01837552544545089,69.73415621694258,7971.326666853092,5670.359661771643,179.64864862012158
12375.430854608272,0.1521761410295063,0.1459141494920825,0.04162492453346819,0.018359459809695507,70.09331931226843,5484.455502034259,8114.053051247562,475.09371451425375
12377.094555301032,0.15208427798205856,0.14609603165366405,0.0416232997057964,0.018355533962139296,70.4433057851735,2423.622093049218,9712.906458970227,721.0849087563507
12378.840200570692,0.15194514836677034,0.146262915991111,0.04162480942585624,0.018375537840511474,70.77166460401514,-878.6938702041988,10366.730192930618,897.1766938110607
12380.455343537105,0.15180874161903524,0.14638550897913144,0.041620329375677376,0.018393654617795466,71.07183053495645,-4111.381103844193,10120.665628159672,995.7593196292701
12382.190393919007,0.15166766696843295,0.1464901686556722,0.04160888945941681,0.018413271226646547,71.34274006733425,-7041.346470156691,9112.790572302118,1019.7659064399483
12383.810118686337,0.15150433549180808,0.14655669482673958,0.041592848114680656,0.018429335793203033,71.58675589624339,-9523.24439100764,7516.484705268978,978.3028517465635
12385.520327914415,0.151364363469459,0.1466233681426153,0.04157548504353161,0.01844008859153408,71.8077093104146,-11482.856764670069,5502.72593178617,882.8730653869729
12387.33950218215,0.15121222256818834,0.14667830797741108,0.04156503522032058,0.018443816330266472,72.0096950183789,-12894.659778732715,3222.9882595340887,745.1214962306966
12389.07466505331,0.15106556482878192,0.14672046436005506,0.04156675396391659,0.018443527224406606,72.19651833605144,-13763.229977255276,805.0477842101907,575.802195090473
12389.652908407616,0.1510188688354091,0.14674300260247367,0.04157742545441817,0.018443814039187836,72.37151517993,-14110.61644774281,-1645.0610746272985,384.50785469105756
12390.243017895273,0.15096602177719023,0.14676336020108513,0.041583328608793456,0.018444988539742226,72.53756473859428,-13968.578620677274,-4039.28082780073,179.7390113987468
12390.503781399055,0.15093805142023772,0.14678266287064237,0.04159365333044983,0.018448878454292345,72.69716782376119,-13374.207339740895,-6303.531907573872,-30.95968930287635
12390.20644234912,0.15095077246777208,0.14682727229598874,0.041597670648715425,0.01845115941648935,72.8525365317006,-12367.770387926332,-8374.083862435313,-240.78397710601118
12389.703173796655,0.150975798393528,0.14687651867650822,0.0416037092502802,0.018455957413001583,73.00569304590316,-10991.908113808558,-10194.721199991885,-443.46268626996743
12389.233980275916,0.15098640994076631,0.14692797972219823,0.04161590955559918,0.018469161609914637,73.15856350343918,-9291.770278769938,-11714.543178422706,-633.1127638264791
12388.315288236803,0.15100360096400695,0.14701943510645135,0.04162960638154322,0.018489514892324227,73.31306008999543,-7315.914191697466,-12886.301656935824,-804.0362062872509
12387.460753819827,0.1510132186607946,0.14710095608188004,0.04163285134832098,0.01849645548006484,73.47116776830933,-5117.697510942333,-13665.31625807741,-950.5063258106351
12386.623723382017,0.15101985560061607,0.14717867035397814,0.041637176492749436,0.018511726179120277,73.63504079703137,-2757.3005560634742,-14009.036944699184,-1066.7235809555832
12386.874141077587,0.1510798752182483,0.1471687166127494,0.04163759270798562,0.018515436303312,73.80709477889434,-304.4048094488755,-13877.353605261578,-1146.7480532241793
12388.949747250163,0.15124404781257317,0.1470485383061503,0.04163696506894115,0.018524708985232372,73.990116047744,2158.3975674962385,-13234.147714289278,-1184.4868100431866
12391.46756569569,0.15143615487405654,0.1469354240290603,0.041641134912808415,0.018509077500728586,74.18733218587793,4531.37832089967,-12050.974193811491,-1173.8132549931393
12394.193871429372,0.15165839142053622,0.1468694547836612,0.04164870724582254,0.0184940385010914,74.40244586627765,6693.373065966725,-10313.594938988346,-1108.9737348581414
12397.217425565155,0.15191405548567208,0.14687681435072808,0.041661739333932093,0.018478301789269024,74.63952269096606,8498.74348486233,-8032.862637460568,-985.4576941375286
12400.139838315892,0.15215214135206273,0.14697810246925033,0.04167947767784949,0.018465361791036222,74.902568777103,9778.7407415954,-5261.709012573477,-801.4119910658978
12403.321906700068,0.152370296609351,0.1471652268115906,0.04169467669593078,0.018459727227001576,75.19452647174317,10353.507891289804,-2117.429121417702,-559.9812255364297
12406.633846372031,0.15253157993161043,0.1474388377423871,0.04170829486811099,0.018459003147903757,75.51549339995954,10063.052170714476,1197.4750554756097,-272.18476847943475
12409.985729998054,0.1526013198254007,0.1477856425250305,0.04171797450125275,0.01846169656343414,75.86053101151174,8820.749043434582,4393.520378402206,40.97082708338516
12412.571974228329,0.15252403276690157,0.1481381683234993,0.04171872345260707,0.018462013105576894,76.21858239532561,6672.930075763796,7135.104211423776,349.6712036931564
12411.6304217852,0.1523595156980247,0.14818879084252304,0.04171365780994689,0.0184538624876376,76.57445681335093,3822.479210701782,9126.365461188412,621.6024504368829
12413.436484369773,0.15221786554247238,0.14837987568982905,0.041716302501679334,0.018465366970625778,76.91368880088777,582.0892995760958,10197.625660435415,831.0470801779629
12415.159792733395,0.15207954236733257,0.1485234009820687,0.04171426451584597,0.018484398599079507,77.22685487877423,-2718.0160884600155,10334.430010874234,964.6762973806885
12416.734725796048,0.15195845433673724,0.14862811942901388,0.04170494677723803,0.018506063003282985,77.5105784838658,-5806.763377072281,9641.827371115449,1021.2705099087775
12418.38165911674,0.15180347495201726,0.14870996743491513,0.041687184703159165,0.018528259023302497,77.7659483873238,-8501.530448981492,8283.942448911648,1007.8029509934172
12419.996858744165,0.1516406430812536,0.14876240290152248,0.04167044912195685,0.01854106901115494,77.99634214065333,-10700.022209264847,6436.055579000203,935.1115703237307
12421.79330039616,0.15149036270447094,0.1488215832787998,0.041651556528688474,0.018549835870231336,78.20585291330858,-12358.442298718803,4259.176642035363,814.9911505373908
12423.343613929717,0.15135340348491608,0.1488532731965648,0.04164548300826991,0.01855126517857401,78.39846377573173,-13470.501813307457,1891.1816354872985,658.6771053143392
12424.16587613614,0.15128056568546844,0.14886479585523388,0.04165501043861461,0.0185507645976769,78.57773338179636,-14052.103484527743,-553.24321031026,476.2540854813346
12424.877384782225,0.15121933684184083,0.14888648552914985,0.04166539402706711,0.01855203757908555,78.746742564131,-14131.658209852505,-2979.27913513389,276.65191682194336
12425.029434888784,0.15120389885084,0.14891402699912124,0.04167248905488092,0.01855412942640716,78.90814675722622,-13744.357545748751,-5307.857808019753,67.78693934671227
12424.813286995884,0.15121406801947804,0.14895370058117174,0.04166756566625243,0.018551758118242466,79.0642661302778,-12929.128841099824,-7471.807727000374,-143.2459385680417
12423.973425628235,0.1512650785552673,0.14902925445644327,0.041670850322819815,0.01855399957203922,79.21718360733347,-11727.33763166876,-9412.679233360086,-350.01894830113537
12423.408511188698,0.15128664154553847,0.14908726044793058,0.04167559392379169,0.01855843508735722,79.36884112966841,-10182.509679827943,-11078.263188745796,-546.5810894059116
12422.909267571024,0.15129390065346723,0.14914102754901576,0.04168394031912926,0.018569045931152627,79.52112807019047,-8340.853124525933,-12420.689848182417,-727.2375898797088
12422.152093671675,0.1513080900644667,0.14921343841361845,0.041687685549478555,0.018575681535526228,79.67595968546881,-6252.458385434572,-13395.025536414223,-886.374118971046
12421.267955504385,0.15130071485786176,0.14929838581666646,0.041692800759481896,0.0185894188103632,79.83536776373722,-3972.995780540478,-13958.543222571885,-1018.3522575412628
12420.864855725931,0.15131383037697188,0.14933670130455,0.04169356696612969,0.018593263389810624,80.00159263695159,-1565.958616801805,-14070.59631956169,-1117.4028757222554
12423.000411153602,0.15146131123417692,0.14918832349352829,0.04169357633263483,0.018592916658171935,80.17719361154688,894.4428330059392,-13693.313818208115,-1177.5611492741482
12425.385601802785,0.15164263043689785,0.14906378623468483,0.0416951533829678,0.018583202545603923,80.36513501578862,3319.3503603991862,-12794.113533267457,-1192.7588687275077
12428.071960379973,0.15185821355722462,0.14897227149486997,0.041702331265664104,0.01856386205192274,80.56884588095777,5600.943831217854,-11350.4725416061,-1157.0435624897927
12430.985112735865,0.15210005693360346,0.1489352759985918,0.041716017552069086,0.018542426579903525,80.79221626632248,7608.600651245136,-9357.995351711408,-1065.1402376579829
12433.922016101831,0.15234572724833256,0.14898325577649996,0.041737739785869636,0.018521440592274414,81.03937836434655,9187.168123046707,-6843.813506547469,-913.51454512275
12437.303294393027,0.15259954842791565,0.14911488675747675,0.04175856473671159,0.018509835974710603,81.31407107995831,10161.9544227748,-3886.0365402416223,-702.2079167749412
12440.711631385875,0.1528053552257168,0.1493410424008314,0.0417692370062891,0.018507409174651542,81.61830286893843,10357.844263199084,-636.7500869575728,-437.5000015803656
12444.132553395008,0.15293211229038006,0.14965376336483402,0.041780904034926625,0.01850845008101026,81.95027414288559,9640.244038241146,2662.5537206957692,-134.64531536176744
12447.068372614023,0.15293426078131983,0.1500002630112716,0.04179372472452594,0.01851432630915448,82.30238866828479,7974.880254836378,5695.172959790596,181.12436984402166
12446.184117634813,0.1527673002729389,0.15008698691564615,0.04178390921413305,0.01850395029544871,82.66128229421352,5477.826635563949,8131.82951834929,477.83424616910247
12448.036627272304,0.15267516861841648,0.15028093103084422,0.04177896110980937,0.018492443662750976,83.01134110623165,2409.5442123414864,9724.667363560373,724.9696173007745
12449.870101176806,0.1525224639874131,0.15045644933324465,0.04177946195503285,0.018499222297142917,83.33985835890422,-898.248617228784,10373.700050805945,901.9320186694109
12451.192905287218,0.15237809567664715,0.15055894868297703,0.041774196439346795,0.01852038499885813,83.64006026268214,-4134.928742045573,10124.557077676443,1001.1418894540207
12452.78384871858,0.15224026265877766,0.15065288850358913,0.041761750975121324,0.018541651105342692,83.91077596294915,-7068.2183527028465,9115.966027642626,1025.6516767341056
12454.176893107602,0.15208218336083237,0.15070292926054787,0.04174501197069999,0.018558369109444847,84.15434500974604,-9553.980949908268,7521.646376267536,984.6500687742902
12455.765539512871,0.15193684158761891,0.15075401820065465,0.041720436646043337,0.01857358087762222,84.37461625841699,-11519.305135213788,5512.367548213822,889.7218328970907
12457.559016958705,0.15179090775160692,0.1508113175355551,0.041701289684330685,0.018580440082396427,84.57571060787741,-12939.856905609968,3238.921996457732,752.5594278708098
12459.134128782027,0.151657809669316,0.15084802813320505,0.04170214601396244,0.018580282773327687,84.76145294934933,-13821.114119456244,828.0668325920674,583.8817273726766
12459.578466076382,0.15162294988091743,0.15086731683560262,0.04170918816961288,0.018580451677588868,84.93519129420004,-14185.670670131898,-1615.4201307843143,393.21642520606514
12459.775321780411,0.15160704765216193,0.15089135652647043,0.04171301845226536,0.018581195519966207,85.09980564329908,-14065.516863478915,-4004.8553535465676,188.99312273934848
12459.669685199335,0.15161443904170274,0.15090982937693892,0.04172354810373593,0.018585104445545717,85.25778855964299,-13497.647609330705,-6267.604790780521,-21.347575394398266
12459.242069423235,0.15164445513233724,0.15094575951347758,0.04173194868348642,0.01858981413105617,85.41133757885784,-12521.906317310722,-8341.455683081782,-231.13298515619596
12458.755358669507,0.15166924738513507,0.15099313144619808,0.04172864753986499,0.01858721913766984,85.56245079783864,-11180.204450897556,-10171.760762692651,-434.19588384789523
12458.226376321261,0.15167709991189357,0.15105560149576255,0.041730112857173984,0.01858876014664653,85.713018149355,-9516.62038817811,-11709.201501518453,-624.752075443497
12457.322043825267,0.15170142424539235,0.15114208256043518,0.04172921133658565,0.018587440600220287,85.86490277887378,-7578.175187631705,-12908.070385955527,-797.233113877887
12456.306788512915,0.15170626320565636,0.15124117993330038,0.04173274888133656,0.01859470571964042,86.02002921769993,-5416.1662717162835,-13725.17888739006,-946.1297893335451
12455.413889409414,0.15169341718177715,0.15132478998035453,0.0417319889795203,0.018592157854179954,86.1804701538461,-3088.042915229091,-14119.358314117922,-1065.855731559033
12455.416484544732,0.15172426427478283,0.1513302108950867,0.04173086098250619,0.01858344609702049,86.34854484843353,-659.8681743536772,-14051.547594904807,-1150.6422801730525
12457.675152842194,0.15188226739831603,0.15118590968129897,0.041731007135612376,0.018580419927135702,86.5269236733308,1790.491367760943,-13485.974724470176,-1194.5955511345135
12460.243670247544,0.15207949809890242,0.15106719672057195,0.0417324992393426,0.018574057901581616,86.71870996864567,4169.29471677438,-12393.291614974245,-1191.7742614873223
12463.019942959105,0.15230843850948117,0.15099653026370208,0.04174374480915568,0.018549396109083977,86.92748610332369,6362.633556011605,-10756.26372532387,-1136.4307759115218
12465.94764346127,0.1525561576467491,0.15099308386815904,0.04175736678524848,0.018531356050985378,87.15726774665632,8232.991897574713,-8579.292906185063,-1023.7710708956276
12469.171610867303,0.15281503700956114,0.15106415024867928,0.04177393348408717,0.018517889332798576,87.41217936830607,9619.044357419793,-5903.651471315413,-851.2637018065434
12472.51987579089,0.15305163526238413,0.1512284986984804,0.04179571836431669,0.018508293940359303,87.69562529692739,10344.138502548427,-2828.572180531555,-620.645926205869
12476.102476347614,0.15324515281017276,0.15147933566827418,0.041809753338585325,0.0185065905164176,88.00869352180682,10241.611176917406,466.4663693619712,-340.78134108843483
12479.325620415046,0.1533266804295761,0.15180858971697367,0.04181633298480573,0.01850785165871004,88.34793455441186,9202.92686597786,3712.9458066428174,-30.192390818386077
12482.203856674008,0.15328720710807037,0.15216475172915533,0.04182285163859894,0.018511710903096716,88.70374798414004,7238.7808318572115,6581.810925835882,283.1280245586281
12480.62099020112,0.15310134422847327,0.1521919842374544,0.041813811357568925,0.018499603939510226,89.061453377371,4516.131286261386,8760.457538476134,566.7077338541287
12482.096877627095,0.15296853813184308,0.15236502503392613,0.041817051699308994,0.01850987336997581,89.40572966985478,1328.8090165866279,10045.18458131517,792.5853515369906
12483.748009577022,0.15281698039367747,0.1525136577402313,0.04181652127447764,0.0185250571620819,89.7255287885171,-1989.2990703493308,10387.411647737474,944.4101146070152
12485.469854809859,0.15267281790082987,0.15263278857726528,0.04180933955165779,0.018545235437477138,90.01600062795482,-5149.670176236287,9870.522491608179,1018.4943803830713
12486.958844778366,0.1525287413223995,0.15271033282339902,0.041794052808786904,0.018566771921013744,90.27734570378061,-7950.070389449297,8650.688057435444,1020.44313840029
12488.634059952261,0.15237297621197562,0.15277577954334637,0.04177348908002945,0.01858430964844691,90.51258448932964,-10272.772176264787,6903.838194237029,960.6276739849359
12490.349817641743,0.15221011529317252,0.15281961114927714,0.04175384672672123,0.018594601088237638,90.72576729278279,-12063.802920541499,4795.108370929029,850.8491912969148
12491.990290403268,0.1520707802875971,0.15286155524532274,0.041749751146218046,0.01859575048022507,90.92097143225999,-13310.87235177369,2467.081602299571,702.5188598263163
12492.565840598281,0.1520184913152712,0.15286736409023033,0.0417481828742026,0.018595874643380316,91.10188239152592,-14026.573671126953,38.461911639526505,525.9828707062438
12493.05740632432,0.15197667496909373,0.15288013465953212,0.04175223192181887,0.018596189995658412,91.2716960542777,-14237.458690367452,-2393.0048765873926,330.3885884760293
12493.157244796446,0.15196799127870003,0.15290455505012115,0.04174632527852862,0.018594686614174273,91.43315933573214,-13977.593953950312,-4746.386896499045,123.7880694465139
12492.654116187508,0.1520062988663495,0.15295320154743805,0.041736277772061174,0.01859036397920924,91.58865039096268,-13285.014641871476,-6953.51237442815,-86.66184077534128
12492.170943677624,0.15203387781500963,0.15300398758214384,0.04174388264577095,0.018595106712486705,91.74028168848979,-12200.051339518513,-8955.654363850443,-294.58023711662037
12491.4363310271,0.1520673872724314,0.15307676077757615,0.041735963647857525,0.018588301658774502,91.88999241397798,-10764.871988370882,-10700.861902405013,-494.0514818235069
12490.742925241973,0.15208189899696747,0.15315135014188394,0.041740709982407594,0.01859378528857893,92.03963669133465,-9023.823018729545,-12141.888334265263,-679.4667610930925
12489.665690557746,0.15210181860010194,0.1532566749057636,0.04174354027307208,0.018598262779980865,92.19106412255255,-7024.360476872109,-13234.681875547752,-845.4087149543298
12488.869302189622,0.15210210161648435,0.1533336728752661,0.041744475128768666,0.018600393891720638,92.34620772350856,-4818.485992920849,-13937.432271387255,-986.4303493755386
12487.818564695886,0.152092330573143,0.153430311317101,0.0417448163802759,0.018601674622410965,92.50717145432994,-2464.7854951120753,-14210.214078517532,-1096.9985274370931
12487.940516897565,0.15215133277369625,0.15343375829074463,0.04174441872613423,0.01859691261702045,92.6763263074878,-31.024431674776725,-14015.276646719532,-1171.411661424154
12490.323723127796,0.152315158584679,0.15328841916604138,0.04174519193721203,0.018588338957955468,92.85642087911913,2402.5781711810127,-13318.58829509307,-1203.807700326461
12492.927907041885,0.1525176347965357,0.153179729995092,0.041750716842219815,0.01856880517081755,93.05065611812023,4739.146191646687,-12093.405528597925,-1188.298339677098
12495.50523550631,0.15273267913398256,0.15312994842580213,0.04175956369935452,0.018551749289281615,93.26272072823865,6860.899368719873,-10326.588043681153,-1119.368265298554
12498.611393476676,0.15298942627305806,0.15313590834028712,0.04177774994738254,0.018530180946483864,93.49670431619901,8626.140001228947,-8029.126868090784,-992.6389519890547
12501.929921922654,0.15324644656135447,0.1532160269835926,0.041794784803328655,0.01851791423543587,93.75670426805829,9870.270511855433,-5252.612147937777,-806.3021779119916
12505.45075616341,0.15348232115420066,0.15339673035928433,0.041810421020183286,0.01851217571439351,94.04584523124845,10416.94283644418,-2111.1847303172394,-563.397555586944
12509.012541819347,0.1536570007928326,0.15366129361557954,0.04182190733109557,0.01851155554759936,94.36450951489829,10107.796105894326,1197.352818034629,-274.6453903505424
12512.36385338756,0.15372309340072624,0.15400388428540973,0.04182685142026963,0.018512839304359475,94.70807084077353,8854.918539759308,4388.364982000448,39.325890249687355
12515.032025784027,0.15364951523660353,0.15435361584992155,0.04183670594030656,0.018519919515181383,95.06563277500892,6700.870100152888,7129.075725667452,349.0455958811502
12514.179845244797,0.15349228756735805,0.1544062261896378,0.0418320766972485,0.018512509562561046,95.42184388274336,3844.635894453596,9123.389074848365,622.255058634297
12516.09691495855,0.15335416270845115,0.15460134764799735,0.04183545020479506,0.018527124855778482,95.7618068007731,597.0683202187321,10199.751265203366,833.0423939858919
12517.78376437473,0.15319400536910122,0.15474514433634687,0.041833405514070915,0.01854645616033825,96.07564259685945,-2711.5421292233978,10342.428114923025,967.9238102725665
12519.570159463747,0.15306094042187562,0.15486254727667853,0.041825517533245184,0.01856480746003107,96.35969004762043,-5809.785074422439,9656.534164509132,1025.6418813567666
12521.058861938047,0.15291793665900702,0.15493487630246466,0.041812402821258726,0.018581187205179435,96.6149333198375,-8515.443999710698,8306.867821731974,1013.2355719926838
12522.62497771011,0.15275664100734768,0.15498340226598611,0.04179018001961461,0.018598249031585537,96.84475627621337,-10727.333237478135,6469.033672675295,941.6736704754596
12524.222656476924,0.15258925552360622,0.15500654956847104,0.041771668184264615,0.018606874930232366,97.05329951990288,-12402.97988936284,4303.639932301645,822.8224237442226
12526.066572166712,0.152434463070381,0.15505312462982662,0.04175990926597496,0.01860970474039069,97.24460030564684,-13537.340684493674,1947.5553867819253,667.9073661140411
12526.312383880566,0.15241731547369217,0.15506628845590134,0.041771769188760535,0.018609037535662457,97.42224970766735,-14147.261110225993,-485.9325130331495,486.9556148742553
12526.534974376891,0.1524006942524729,0.15508392750420358,0.04177746232810743,0.018609694183487475,97.5893452348684,-14261.595285429019,-2903.72147294308,288.7916837112194
12526.466811617373,0.15240642828027529,0.15511020201115427,0.041782346503771946,0.0186110880329415,97.7485476653933,-13915.543403475496,-5228.714027267061,81.20080732348573
12526.177367631646,0.15242757554476508,0.15513812255155657,0.041778058456540236,0.018609076146347818,97.90216756937502,-13147.60542219481,-7395.817846496602,-128.90587267667314
12525.768036612384,0.15244455330014653,0.1551911513281236,0.04176844148651447,0.0186026518607727,98.0522639133543,-11998.265966359888,-9348.758154953657,-335.26791820520776
12525.161986274565,0.15247439134763457,0.15524676957068204,0.04177191181603515,0.018605791505337626,98.2007362709525,-10509.69999011373,-11037.507679861892,-532.1457743949509
12524.367826854837,0.15250746735174292,0.1553180027395875,0.041772404555243704,0.018606380826471425,98.3494102747834,-8726.208726676025,-12416.34541206712,-714.0881337902239
12523.50928789468,0.15252729610192442,0.1553991034972925,0.04177102405814736,0.01860403748132995,98.50012254681998,-6695.264333413794,-13442.51146563931,-875.7281274952369
12522.283837841576,0.1525408799292972,0.1555138790748332,0.04177386443851887,0.01861105263840509,98.65480327197254,-4469.0403976741745,-14075.315394323354,-1011.7295006803911
12521.188822705375,0.15252501250802475,0.1556134156148861,0.041773005447934865,0.018607259321315937,98.81556294393305,-2106.452879886811,-14275.875286166447,-1116.6369291101935
12523.089270146753,0.1526449364355478,0.15547307375447544,0.04177272397844904,0.018602420884943006,98.98480486980193,324.3401810865136,-14007.428953223622,-1184.8013839097569
12525.550162994947,0.15282040201889316,0.15533133976343833,0.041774215920797206,0.018589469896582583,99.16531445751777,2742.309474015866,-13237.131119302987,-1210.428292081607
12528.078449234763,0.15302445108445742,0.15523830459136942,0.04178007549742083,0.018570642360482014,99.36033228657872,5049.34882497775,-11939.906750222199,-1187.722580184325
12530.983010710113,0.15326398897955928,0.15518676219869285,0.04179617920459447,0.01854151095454877,99.57359745034101,7126.303373623451,-10104.906804196034,-1111.2812201896331
12534.13833722115,0.15352264954071532,0.15520214287564776,0.041812540742700584,0.01852319459937096,99.8092428695042,8830.065635075669,-7746.588090884146,-976.974350020768
12537.438464082938,0.1537758396281459,0.15530168003382935,0.04182509189856232,0.018514724566970175,100.07135038934864,9995.208629121482,-4921.727580991123,-783.4595881879737
12540.97083993356,0.15400516392639094,0.1554859993737812,0.04183804289171298,0.018510437309234733,100.36290878096202,10446.520272180409,-1751.637327116886,-534.4280614357942
12544.55945867995,0.1541679029686077,0.1557714373835269,0.041847435197677446,0.018510237229389857,100.68395540614806,10030.789292447736,1557.4969193060786,-241.4957286230611
12547.73892362682,0.15421062418078615,0.15611573494872913,0.0418510035565946,0.018511252847803587,101.02929357231713,8671.080820991143,4714.404101138199,73.73435902812831
12550.467186067446,0.15413121466552904,0.15646355464462516,0.04185760348583838,0.0185163086702988,101.38741650934239,6425.667097905226,7386.331338358972,381.18754056047464
12549.147511100637,0.15395955265385183,0.15648601599193965,0.041849999403539485,0.01850322354743286,101.74267525138374,3508.130770753672,9286.91138265034,648.8495717479728
12550.967831266677,0.15379896131467907,0.15667795226874226,0.04185196998129361,0.01851345168098262,102.08039192584296,235.83578960193356,10260.891191389293,851.928976170453
12552.713368751849,0.1536469994341023,0.15681960788133945,0.04184946223440642,0.018531213089213815,102.3912377800211,-3064.261651620447,10308.113029129298,978.3964737364429
12554.45885543877,0.15349674086059434,0.15693029277805803,0.04183899679695072,0.01855365002786426,102.67208654582826,-6129.876383570333,9543.337232643962,1028.1842523385947
12556.011382391682,0.15332748651147193,0.15699711965050797,0.04182479206027379,0.018570421930138817,102.92426824902635,-8788.716483287346,8134.6938687483735,1008.9971210435206
12557.708421100237,0.15316599515379145,0.1570538729671592,0.04179954486315402,0.018588840597164622,103.15132506519754,-10947.623930743333,6257.109871482503,932.0464993706532
12559.187332557307,0.15302819765077696,0.15708774428017822,0.04177617573574389,0.018599119259826914,103.35743124882798,-12569.677524709665,4068.679526738212,809.2098047227237
12560.937847011905,0.1528818806278161,0.15713127694397358,0.04176353610511216,0.018601900571430838,103.54660034430664,-13653.26345859245,1703.2024419822183,651.5787573549851
12561.296051635774,0.1528513340532373,0.157138310690199,0.04176396555293304,0.018601865378662454,103.72238393288018,-14217.171668032266,-729.0000183705409,469.02033716994083
12561.344755246855,0.15285227122103703,0.15716639992069076,0.04177262258585878,0.018603014813707647,103.88783258349427,-14291.309867102005,-3137.3707940159225,270.1754294992663
12561.133703384055,0.15287033690845483,0.15720439240093906,0.04177254789494563,0.018602980232639725,104.04556363240081,-13911.358702808566,-5446.942567440268,62.65112790659747
12560.706769336326,0.15289983721442055,0.1572500438905013,0.041764974107261335,0.018599314057000722,104.19785048828395,-13115.919877504171,-7594.423609725777,-146.77437973020932
12560.074745292331,0.152932944725436,0.15731704176535666,0.04176247004266808,0.018597590762848046,104.34672048794971,-11945.352929121986,-9525.032404208025,-352.00386932070256
12559.140235208435,0.15297379919360554,0.1574078485683153,0.04176018289924322,0.018595458280728894,104.49404534011414,-10441.582778116814,-11190.016619467351,-547.4061642993107
12558.25775572617,0.15299881255851394,0.1574950352263927,0.041767243751955466,0.01860425492440884,104.64162910887516,-8648.553793642775,-12544.779983144992,-727.6431938391182
12557.176861653603,0.15302188547168655,0.15759750243823495,0.041763880277319296,0.018598461017574116,104.79128720597461,-6613.273325814899,-13547.530699530016,-887.4563823608383
12556.083899169756,0.15302524782105204,0.15770091313203793,0.04175931857062014,0.01858687435556054,104.94493231522155,-4387.355986368166,-14158.448177578286,-1021.5341309994457
12554.680491294344,0.15301081742984227,0.15782845985252705,0.0417591506607262,0.018586066765433524,105.10466055087738,-2029.0888896356805,-14339.422379226182,-1124.528077027863
12555.721869575707,0.1530798231937861,0.15775289661392855,0.04175804852574518,0.018566079987289482,105.27285268676663,394.06628659309683,-14054.432961169323,-1190.8910168046837
12558.187245005185,0.1532537083380022,0.157611263607395,0.04175917158480619,0.01855673062721474,105.45228289244592,2802.014427156743,-13271.211254769878,-1214.919000092055
12560.872726245034,0.1534624803491597,0.15750665277727174,0.041769088786264896,0.018525176672339827,105.64618259584564,5097.801613150989,-11965.004967313615,-1190.896460678532
12563.631108945918,0.15369318725874645,0.15746422485362901,0.04178469500493377,0.018497088463160855,105.85829196691608,7163.553029154216,-10125.077296352265,-1113.48134539865
12566.798215065395,0.15394786948066735,0.15747165791351284,0.04179785865146526,0.018482388765724136,106.09275735496016,8857.578979651074,-7765.556772863052,-978.6297496361507
12570.273674381202,0.15421146332118565,0.157567721657118,0.04181347148964452,0.018471845894172566,106.35370502845903,10015.82049015847,-4942.250433031396,-784.9669280005215
12573.928499197313,0.15444716928868307,0.15775963856439154,0.04182356069217522,0.018468483443774303,106.64421444945079,10463.946805059071,-1774.7939293233555,-536.0834324671251
12577.561985486123,0.15461206786392173,0.15804245458230523,0.041834455707055386,0.018468241114587107,106.96445942406507,10048.63742938064,1532.7457086323298,-243.42720731698185
12580.862334544345,0.1546595243826179,0.15839124729883414,0.041843225325685386,0.01847097358195428,107.30939066641527,8691.4869725579,4690.894173824143,71.6336912734816
12583.619298387885,0.1545779557842356,0.15874278106805706,0.041851022922389625,0.01847695542331267,107.66756990390896,6448.387883793856,7367.33624320742,379.1615144297108
12583.444560058273,0.15443455308664508,0.1588327767801567,0.041842497624961054,0.018462410556567416,108.02326602250571,3530.9575428803328,9274.533620599805,647.1128633489711
12585.095782656865,0.154275511801224,0.15901216788942577,0.041845995786613514,0.018480453115634083,108.36158941624791,256.13276965339656,10255.452193369003,850.6123229551811
12586.787145237173,0.1541421677067204,0.15914680518576538,0.04184309647575473,0.018501335704307585,108.67298892256606,-3048.3619016340654,10308.854681232515,977.5524940232085
12588.39617520199,0.15397902118771373,0.15924730527304182,0.04183274905682731,0.018523595348928657,108.95421029405215,-6119.406483169359,9549.369146435436,1027.8108587029424
12589.84246329078,0.1538266344657958,0.15931093782461261,0.04182148309405857,0.018536902329474914,109.20654565548746,-8784.348843320158,8145.502182166642,1009.0948823122206
12591.377375388349,0.15366930858870861,0.15935606864831126,0.041799192726656054,0.018553185889553476,109.43354846617686,-10950.143353315154,6272.554781981765,932.6460724155689
12592.82679897853,0.15352631103763187,0.15938212151055162,0.04178098286846808,0.0185612077749876,109.6394227515385,-12580.202043822663,4088.696020508948,810.3607556486609
12594.56802105255,0.15338559987620803,0.1594311926182378,0.04177263127674062,0.018563047134915286,109.82821126742107,-13673.313833960203,1727.5591598145534,653.3312834498919
12594.875074523256,0.15336499720052624,0.15944943127600233,0.04177766378273089,0.018562833646080423,110.00348579656058,-14248.600953725994,-700.89968259699,471.41014037508603
12595.149893885135,0.15334357367616538,0.15946695171109085,0.04177874329858339,0.018562961158579985,110.16831153011422,-14336.120211750356,-3106.6641228755057,273.2276982105587
12595.09299364829,0.15334786509680737,0.15950220606977747,0.04178075822025015,0.01856355457335928,110.32531252939488,-13971.560873571214,-5415.38679270111,66.34440855159194
12594.636439385544,0.15338086993438735,0.15954655264862042,0.0417738991834742,0.01856026581998719,110.47676049175699,-13193.419284665537,-7564.413032716079,-142.54116258891037
12593.678388545799,0.1534508869287227,0.15961111488173046,0.04177122861401647,0.018558447229597368,110.62467428210235,-12041.769740975089,-9499.608070125856,-347.39329627040667
12592.840022268214,0.15348546305435473,0.15969558086829433,0.041763635561257124,0.018551473641174304,110.77091447510769,-10558.095842593393,-11172.940332189268,-542.6419738530459
12591.62411128211,0.15352664996896698,0.15981135025689266,0.04176291812109786,0.018550578751194067,110.91726675634015,-8785.745288710401,-12540.562744572142,-723.0095061204472
12590.403211245644,0.1535663149099163,0.15992160724895,0.041762428165346574,0.018549736530452905,111.06552158533623,-6770.872621917529,-13561.37285190141,-883.360540078906
12589.124167971377,0.15356967490406803,0.1600431597788876,0.041760252841955794,0.01854435210846897,111.21755965547327,-4563.940885590409,-14196.232318512837,-1018.5323522538719
12587.70158992229,0.1535639263711392,0.16017318796453106,0.041760263483950705,0.018544348081869853,111.37543618670787,-2221.728574372445,-14407.616004150845,-1123.2758542802824
12587.615985548893,0.1536063346826775,0.16019268053299912,0.041759402746563826,0.018531742849095405,111.54147864270548,190.20778389826705,-14159.899822132376,-1192.1560378859876
12589.96443432521,0.15377404086023466,0.16005665230209049,0.04176083847980151,0.01851786014422206,111.71839917357259,2594.2944606768137,-13420.820728586594,-1219.5560831218547
12592.581851093923,0.15397276712107286,0.15994824241572161,0.04176545236571055,0.018502204983988225,111.90937341705904,4896.814539694894,-12164.886607066703,-1199.8514285062972
12595.424215806028,0.15420103750863556,0.15988764117469467,0.041779393104056047,0.018475781992471643,112.11808534629579,6983.695881533857,-10379.440283451067,-1127.7052936592138
12598.429628601203,0.1544473977564851,0.15989835140454367,0.04179912290897061,0.018452572644289802,112.34866694976513,8717.331624757333,-8074.756906738266,-998.8351352167705
12601.765291700227,0.1547002428732248,0.15997270131756852,0.041822679103870046,0.01843563157943179,112.60533304846831,9937.134245070818,-5300.0192020312215,-811.4117428896825
12605.129681261446,0.154921118670381,0.1601516731788194,0.041837853073592814,0.018430023923600904,112.89144904145229,10469.645965170537,-2164.9543044922693,-568.2534218376151
12608.734082594376,0.15509231194568535,0.1604228622479057,0.04185875336322561,0.018428870650823683,113.20776845058172,10156.729522459453,1138.4955292023853,-279.6270198756168
12612.053484029406,0.15515196200093498,0.1607641143791462,0.041866349352540466,0.018430885064304795,113.5500786879985,8906.958351882087,4330.977790336911,34.39016814384599
12615.02605103002,0.1550913536229403,0.16112236187788942,0.04187218344007783,0.0184349006849853,113.90769411501435,6756.663207601455,7081.559960297507,344.64531083376016
12612.681053659468,0.1548699375512527,0.16110956983673158,0.0418665614804502,0.018426058664220372,114.26503528465612,3899.4735140264465,9091.42693739567,618.844540316611
12614.492951706019,0.15470537681229182,0.1613076859008635,0.04186941011608624,0.018438050221285876,114.6066213370048,644.6995623704797,10184.400028396321,830.7944978600141
12616.21068573889,0.15455001627125556,0.16145155487137264,0.041867468534752476,0.018457068540175498,114.92197321808064,-2675.7253803218114,10341.855805557767,966.7707197362263
12617.726084457378,0.1544138131874873,0.16154963454079158,0.04186112340027493,0.018471896201386555,115.20705035867819,-5788.198732304567,9668.65285551453,1025.4662327555243
12619.392360668957,0.1542544140737246,0.16162998689280544,0.04184741730731607,0.018489081763612972,115.46271464645562,-8509.598839406215,8330.674934968129,1014.026208415133
12620.991351869456,0.15408452058010175,0.1616763592891709,0.04182936459292925,0.018502979154278433,115.69237580930374,-10739.180311561237,6504.5656104160635,943.5513139197195
12622.68038311998,0.1539208003495123,0.16171142207367958,0.0418041921552644,0.01851479125351626,115.90025302535804,-12435.604049684527,4351.259910165719,826.0137261486218
12624.30295626977,0.1537762520961491,0.16174057224426125,0.041782218001830705,0.01852017695393052,116.09046033438865,-13595.026779539765,2007.1435021562936,672.6955112541362
12624.554742320393,0.1537588341840711,0.16175378098204926,0.04177847732115974,0.018520376836698205,116.26665041811115,-14235.250409473509,-415.608937374749,493.58821887438114
12624.459802908857,0.15377196238667507,0.16177358483089876,0.041776195724580995,0.01852010606901955,116.43195838342758,-14385.739760453864,-2825.3946184558895,297.4034265064141
12624.0183875214,0.15381235689028655,0.161800527630948,0.04177586654517032,0.018520002042696777,116.58906143318585,-14081.851455655205,-5146.857256082771,91.75459491697175
12623.570647900347,0.15384477152692277,0.16184837340252262,0.041775431758393065,0.01851979420130697,116.74027020195204,-13361.828209521063,-7316.8432800446635,-116.65555364393806
12622.566749391612,0.15391457353774898,0.16192511380904756,0.04177233229088488,0.018517774170858797,116.8876247421027,-12265.445300907553,-9281.083798126034,-321.79940478251996
12621.232425924669,0.1539878763629786,0.16204018293409336,0.04176434993563621,0.018510741515907012,117.03298770954355,-10833.70192574301,-10991.618479504648,-518.1171521353276
12619.947073420917,0.15404470559963204,0.16215389578498252,0.041762118618250514,0.018508103321600317,117.17813490418902,-9109.171562337679,-12404.871751775447,-700.3819081908027
12618.737610761325,0.1540672939667857,0.16227170641049504,0.041761693322892215,0.01850740734143685,117.32483519412257,-7136.910777697627,-13480.207535590069,-863.5429932088147
12617.532902435989,0.15407029314066412,0.16238738468406144,0.04175869700078106,0.018500497469750646,117.47492886131394,-4965.8593236729685,-14178.961370579986,-1002.5395223848999
12616.273307107142,0.1540664764922406,0.16250314670944027,0.04175797323875529,0.01849771020338014,117.63041391835635,-2650.6922696819543,-14463.963836308962,-1112.2281443010302
12615.977470587059,0.1540991368663589,0.16253785147361988,0.04175726311695448,0.0184904150507567,117.79354095081615,-254.19707194552663,-14299.732242487664,-1187.3111587427973
12618.093871987256,0.15424787343855048,0.1624091651810295,0.04175855617437332,0.01847195532388426,117.96692291568682,2149.695176983423,-13653.616373637713,-1222.2771950911826
12620.697175433581,0.1544455364291328,0.16229486865271917,0.041764491006630516,0.018448664827616743,118.1536260009942,4471.954652832056,-12498.67785580801,-1211.530610978472
12623.56204467268,0.15467499767847404,0.16222446991257827,0.04177541177769052,0.01842572192629652,118.35722960813253,6604.203378000458,-10819.00296162414,-1149.7078244675781
12626.663089762133,0.1549249653238206,0.16221235799400965,0.041792479820135245,0.018403627345761113,118.58180516069973,8415.146940313609,-8618.692367905602,-1032.284137560248
12629.986076953815,0.15518279538564933,0.16228171941117006,0.041811134530399544,0.018388647267757692,118.83164611615683,9749.780501297073,-5936.3688136873125,-856.7706713982402
12633.563428064112,0.15542638860367608,0.16243539713998792,0.04183320964147536,0.018378954390557055,119.11049429131236,10436.559183121766,-2865.74570995664,-624.6970171216303
12637.086437044882,0.15560679439344519,0.1626891567013902,0.04184099254209267,0.018377955116666962,119.41996630056795,10310.63099270761,421.5792644972702,-344.4173247966661
12640.539673763817,0.1556959576372519,0.16301700894513677,0.041850776241996575,0.018379842335377265,119.75721792303578,9260.211935236746,3664.8842243069244,-33.71641538661514
12643.590256273823,0.1556617017487111,0.16337220504409453,0.041858090273422514,0.018384131986991795,120.11299741636795,7288.550535423063,6538.880587971668,280.007995803049
12641.973859468893,0.15547834758677093,0.16339685023313588,0.04185248122372992,0.018376612861500535,120.47234352394221,4555.496630215112,8728.668651909125,564.3828678989785
12641.855577109138,0.15532122545698102,0.16346863163633,0.04185218085758533,0.01837543068764782,120.81905168234587,1352.7228116238914,10025.248352389402,791.0960924488194
12643.40837148109,0.15512850676350826,0.1636186218329768,0.04185159177602806,0.018392996561449472,121.1411080089112,-1983.6517744972987,10376.832362034387,943.5163196053165
12644.775458071616,0.15497986008112455,0.16371242280367276,0.041844929292195465,0.018411667024809654,121.4330523659098,-5162.415401459116,9867.45651016225,1018.0310590336529
12646.305288912201,0.15481254285729693,0.1637867888079224,0.04182895232144242,0.018434107998038657,121.69488147554056,-7980.769478180977,8655.849395666912,1020.499266630581
12647.534790452304,0.15464975714986315,0.16381255970917594,0.04180754962394775,0.018452308378288405,121.92966282638453,-10322.592218013637,6919.990339377715,961.5751026758815
12649.21606998372,0.15448594393421844,0.16385117209083724,0.04178091612544426,0.018466258830876887,122.14158398527846,-12136.568819924969,4825.606487105531,853.2509962804531
12650.961013683429,0.15432488521083126,0.1638787321023568,0.0417676657496702,0.018470063418579777,122.3348607237843,-13413.073177689066,2514.353106234637,706.9925056342039
12651.352481195712,0.15429780591122016,0.16389770192112627,0.041758802614511176,0.018470898624660444,122.51328158904593,-14166.811594514502,102.95026757806147,533.0570502595957
12651.393675328587,0.1543020027941053,0.16392522795293515,0.04176061437745317,0.018471020353841544,122.6801039528211,-14425.711618152163,-2313.496176063858,340.3989577202317
12651.167579211513,0.15432413241998227,0.1639532335660839,0.04176197194244825,0.01847133719843757,122.8381047607023,-14224.35558189152,-4657.139347651147,136.78832944925168
12650.645433024802,0.15436647104252452,0.16399520998644257,0.04174794614895255,0.018465521353849206,122.9896657190006,-13600.514204566422,-6863.146835612918,-70.91116748097703
12649.844593420257,0.15442043632193792,0.1640646169197014,0.04174299315101723,0.018462532211510736,123.13687309292092,-12593.546863196278,-8876.234675818732,-276.5999297304429
12648.74855374218,0.1544864295281339,0.16415436842857403,0.041740619778014486,0.01846057440491767,123.28161344274098,-11243.884641578374,-10647.93189631111,-474.7543629499311
12647.503047204973,0.154541792312367,0.16426653949152892,0.04172997764053271,0.018448891970614698,123.42566113840746,-9593.27136061037,-12134.506611929835,-660.1491925663148
12646.38406859468,0.1545640576712652,0.16437715746369733,0.04172738699000472,0.01844505015564,123.57076302632775,-7685.546570950726,-13295.431964250309,-827.7696008539683
12645.418473591137,0.1545688586030049,0.16447092859177917,0.04172548010749546,0.018441069266115828,123.71871531842565,-5567.862371604964,-14092.273059491288,-972.6832873315778
12643.953174232476,0.15456353344850038,0.16460697459728965,0.041722771217505256,0.0184322333446165,123.87144404771011,-3292.4512739484603,-14488.09242348108,-1089.8597642277662
12642.91986229364,0.15456575286431512,0.16470139012545612,0.041721462218403546,0.018423035102493907,124.03109888860429,-918.8118767348709,-14447.447977190284,-1174.1249869880564
12644.832534380464,0.1546903809198563,0.16457449553733705,0.04172161982064897,0.018416350895192005,124.20016570066439,1483.606672673387,-13937.114844816855,-1220.140973016375
12647.402961739357,0.15487828519411004,0.16444701989554691,0.04172603020851103,0.018394254638411496,124.38155795163553,3831.623798261774,-12928.36456440047,-1222.4002599390967
12650.119536118553,0.1550865828877085,0.16435802755674409,0.041734822839824146,0.018372614154163476,124.57869357821363,6024.08424521291,-11401.431010851577,-1175.4739775764756
12653.172703546692,0.15533274772837719,0.16432764578975279,0.04174878742152947,0.018351865488141147,124.79551651958164,7937.980756986109,-9353.026268488782,-1074.5433048832974
12656.457994408993,0.1555910448920281,0.16437004593388665,0.041765419693481826,0.01833636497493218,125.03633362800342,9426.316440363456,-6808.916243272139,-916.3497785625515
12659.60922560034,0.1558168907019322,0.16450303988175524,0.04178237014230321,0.01832718106807224,125.30523561978072,10321.915246773931,-3842.711659824597,-700.917487539933
12663.212261414576,0.1560232931491338,0.16472189902648082,0.04179054575587921,0.01832537443538875,125.60480065149233,10454.472518156352,-598.8660777288962,-434.12208627505635
12666.921407046377,0.15615501678998084,0.16503470539538198,0.04180020942411757,0.018326250629847038,125.9339236545451,9689.28407331367,2689.9758470171937,-130.52528759780262
12670.179002990124,0.1561665700585003,0.1653809651336874,0.041801885115714574,0.018326845394538608,126.28548158674694,7986.950687344673,5713.212494515785,185.28087407942226
