Episode: 651
5501954.41988329,0.2000824559588519,4.996134737816312,20.10111210633939,19.96178525953682,30.84112948512555
5503591.3836964965,0.2000887513969714,4.996993785659563,20.149678708662535,19.979519068325764,50.44280644294842
5505148.801991349,0.20005677073613248,4.997339108455857,20.185614588968807,20.001972091229746,68.38308456269263
5506623.419062138,0.20001567432670592,4.997005395966532,20.201224278996918,20.03285269961586,84.58402475544369
5508069.236525837,0.1999407263958747,4.996034375450286,20.21715186603024,20.059829889394223,99.17771103047738
5509663.301979477,0.19987266601397707,4.993767164443594,20.221992585384896,20.095335379728322,112.3997050327338
5511177.633209972,0.19979889794306951,4.99111667777203,20.230664028224847,20.121924048769646,124.50683170348623
5512872.467864454,0.19971024408030147,4.987127301277876,20.24197537908872,20.147884633366303,135.7288133404954
5514260.85724806,0.19962001531233092,4.984127381950922,20.257809970684093,20.15951794702911,146.28578309823928
5515893.271266168,0.1994960449748898,4.985543334806088,20.288245922140373,20.15710056633063,156.3482536006284
5517476.56705712,0.19935491007314896,4.9896243335273915,-339.69357079506835,20.158348659980316,166.08405964458134
5519029.588939276,0.1992033409774758,4.994732800366542,-339.69499690143056,20.169935761761327,175.63665114522732
5520450.396546764,0.19906018834128394,4.999734904068368,20.288924668191235,20.191596557932122,-174.86522728687558
5521988.814632833,0.19890606723536083,5.00417528982959,20.253970276601937,20.221193198184586,-165.28470773743734
5523534.776512833,0.19875816235416713,5.00801166485083,20.203950495531142,20.257807318511414,-155.4908262982521
5524942.215771396,0.1986425085401546,5.010788892329256,20.145260010817452,20.29528538878794,-145.3404729763901
5526879.092810098,0.1986340271649162,5.013088258287466,20.039628088292968,20.34086898538771,-134.643020771478
5529153.626257904,0.19866474229333275,5.014496028230369,19.928345299883485,20.38739266835613,-123.25012368521693
5531560.7070315685,0.1987506139949846,5.015007768641451,19.821814768128306,20.4324532429073,-110.95997152800716
5534132.219040582,0.19890538787435746,5.014672107081034,19.726551561682225,20.473743420785198,-97.5400233683392
5537085.459430274,0.19912505835139374,5.013868123070435,19.65526455280642,20.500014844400674,-82.74070121630486
5540286.773676023,0.19940717177622996,5.013124207619924,19.618151876980868,20.51223074922297,-66.34666356866339
5543602.833674064,0.19972654246471663,5.012525655297772,19.617193917960662,20.517477822320114,-48.24712396092864
5546836.309003899,0.20004538931246824,5.011523820684684,19.65543501252298,20.521225144271675,-28.56468806110182
5549411.273774838,0.20028248865521503,5.0087271292743605,19.736353464259825,20.5201503771043,-7.766917278863231
5551267.730844142,0.2003995242944972,5.0045060533694015,19.81891905227243,20.499726169957487,13.392808893973926
5553023.937509637,0.2004633977159231,5.006127590705767,19.861221727929337,20.51726022781061,33.97187841634986
5554209.596510995,0.20044930435379088,5.006984652208042,19.89567573034933,20.53711130232748,53.23970679145338
5555761.807341414,0.20042906099095267,5.007308750256482,19.92034948480709,20.564654060090117,70.82442346983387
5557356.286908681,0.20038082904940724,5.006875761609493,19.938666471675496,20.595723535419772,86.68781352193561
5558878.041538805,0.20032391375926759,5.0054781809114655,19.94462992250405,20.63154526555809,100.99339199206389
5560556.260815099,0.20025142946966892,5.003261314958342,19.953423500021557,20.664458318729253,113.97243642116585
5562301.3915039655,0.20017682977061108,5.000422586505618,19.966641372276754,20.691711044156232,125.87563301487403
5563911.056373769,0.20009194549399903,4.9976992303395615,19.98465823465616,20.708657034746146,136.93692347011958
5565425.337653283,0.19998864109838918,4.996465171019375,20.008794352700175,20.713173523127757,147.35861834939553
5567014.063269135,0.19986416023148013,4.998512776935068,20.037707278068662,20.71001880738163,157.31235894261076
5568233.522172138,0.19975912703152088,5.003679094090471,-339.94771825833817,20.712288765701697,166.9579488228981
5569809.761741769,0.19960874334793818,5.00901003548057,-339.9462744608651,20.724989773300866,176.42815445915113
5571360.840728344,0.19945304544563264,5.014006009471366,20.03347731217588,20.74714107889671,-174.13692753614114
5572722.4898643475,0.19931757865189112,5.018510204420931,19.997630477329576,20.7776129866475,-164.6142045868356
5574116.005631251,0.19918965403081604,5.022207621112189,19.947357429343725,20.813288307209,-154.86997381937027
5575714.572123585,0.1990602696808928,5.025329305439064,19.880385111694803,20.855805697444794,-144.76186148167528
5577795.6585928425,0.19903926368565328,5.02737563528447,19.778103207423534,20.896736980851326,-134.10490133041336
5580082.446174173,0.19907296418692588,5.0287670457052585,19.667077648602568,20.94326329903515,-122.75224506968254
5582570.706499031,0.19916381123991864,5.029264612961942,19.559277917303096,20.988286958090963,-110.50123603347478
5585282.844123857,0.19931358491282303,5.028946223357166,19.464731297097472,21.026102582857746,-97.12227546811432
5588264.644514341,0.19953313241073772,5.028124087541891,19.393255659898276,21.052688397240445,-82.37389241511914
5591412.397055617,0.19980673699872545,5.027750937642046,19.36272590244819,21.05877378435895,-66.04295123313084
5594719.701792341,0.20012764082182796,5.027288367816322,19.36472243180541,21.06278367154897,-48.024216381288205
5597923.493430983,0.20044338095958172,5.026137950454512,19.402926709707522,21.067118436434416,-28.439915275370932
5600767.914712353,0.2006951752261051,5.023932140831437,19.48001242833766,21.06631336351601,-7.750663148427619
5603034.499381781,0.20083481110241636,5.019700823106012,19.599039126733167,21.04621932981994,13.256900139943344
5604414.310286023,0.20087213761553827,5.020160851437657,19.6540391872138,21.05097967138906,33.731192832094706
5606045.492327323,0.2008771788921737,5.0211679672292835,19.693661581338446,21.073738915404316,52.904964551652895
5607613.226488076,0.20086654276560986,5.021522886864369,19.71552190832102,21.10164942655679,70.4254870515312
5609229.939402526,0.200832069829684,5.021096336211351,19.730001793048523,21.134575204605465,86.23905311214631
5610731.258948311,0.2007746225614486,5.019734770042319,19.73537151255516,21.170522667819682,100.50268835113002
5612338.806252606,0.20069787906818437,5.017372726050696,19.739567531897784,21.206428280540877,113.44574823882454
5614082.367851449,0.20062665287506506,5.014269563040116,19.749427902681383,21.236953922415513,125.3128199907885
5615828.39463333,0.20053913390701422,5.011382042850567,19.769084806262757,21.25547574113128,136.33355903550833
5617544.286064506,0.2004318558464925,5.009904655710764,19.797551011643503,21.26114776757454,146.7093770154429
5619203.648992244,0.20030275784527785,5.013214307281936,19.830037140112065,21.255481526087586,156.6168644854164
5620141.807838352,0.20022135486924128,5.0174946689586175,-340.1587886161334,21.25656027215566,166.21531929316288
5621247.474262781,0.20011906166278381,5.022037363489795,-340.1558307566977,21.266427597105857,175.6266886061374
5622824.64938424,0.1999615061503119,5.026394798989325,19.82944985809492,21.284662552709925,-175.01052329904178
5624390.354673453,0.19980404194723664,5.030597893366816,19.79904946668838,21.31178097206737,-165.57304296923857
5625888.79341485,0.19965584376496326,5.034564627732425,19.75287783322876,21.3483632173239,-155.93268854778105
5627371.443477919,0.19954102041200877,5.037797883745275,19.687017957930028,21.390302258593337,-145.94380171355684
5629387.993503023,0.1995176305743855,5.039644830702419,19.592566141592236,21.425088627502856,-135.43203313079954
5631657.774081217,0.19954506212226558,5.04115108010175,19.482317947047495,21.471103634443235,-124.25389886863282
5634143.784690291,0.19962742562398797,5.041781245842675,19.37350393235659,21.516531607317223,-112.21417467022373
5636554.601559799,0.19977660586755927,5.041577002304716,19.28431161999347,21.554905197081183,-99.09750158447471
5639486.66381659,0.19998300334057464,5.041082327680424,19.219267144875847,21.57320597504087,-84.65207846472268
5642550.468107289,0.2002517405764532,5.0405173289104805,19.18360986447242,21.583376019986638,-68.66867470982027
5645849.377774451,0.20056447400723937,5.039880667749052,19.177368025883407,21.589569713215816,-51.01438505567953
5649114.966008602,0.20088440785716546,5.038896244299645,19.208625087446045,21.59401047616427,-31.768555088704755
5652061.1875955425,0.20115120432097233,5.037385406199636,19.27892611691146,21.594483257436753,-11.327200076553128
5654434.325017532,0.20131159322633138,5.033683006374639,19.3886863715919,21.580126758534373,9.578990381369064
5656420.962031167,0.20139681554411848,5.0338000823412905,19.449241099969942,21.581020554542043,30.10515509874904
5658082.449561957,0.20141391927167332,5.034444849083097,19.498160077256117,21.59344326609223,49.45034366169814
5659771.421084462,0.20140694083711583,5.03491506750217,19.526752874270272,21.619096035591703,67.19169398045692
5661400.519920053,0.20137269402604593,5.034691854624558,19.547463424858595,21.647356044782452,83.23340577844701
5663010.220873723,0.20131640097097417,5.0335226711023004,19.556168981575375,21.683325162115043,97.69873615171541
5664730.198084466,0.20126916058008296,5.031356598312179,19.561737248564917,21.719862622323614,110.80804537378661
5666321.618318558,0.20120109731730002,5.02908198369197,19.574072064995853,21.74441283589913,122.8073960336189
5667909.181860734,0.20111135139505518,5.026236455095885,19.587529855041623,21.764624843795435,133.92369444205178
5669592.301998576,0.2010024620532105,5.026070448963466,19.619361284093983,21.76532985207321,144.3573196295891
5671254.058799813,0.20087891436087044,5.028121786400423,19.65213587573771,21.760762586301354,154.2874243040342
5672115.927022848,0.2008107851956987,5.031982983293299,-340.33285378315765,21.759805182944003,163.877433840754
5673192.955199877,0.20071298771288096,5.037444407991427,-340.32929252701473,21.768815639687816,173.2522091930078
5674472.044017777,0.20058706792971573,5.042637711649174,19.659692564112316,21.787513791638673,-177.4571117448888
5675652.839020561,0.20046628354263193,5.047218164904069,19.635888212859435,21.813858285758933,-168.12685722170838
5676970.537428379,0.20033538166198142,5.051409428637315,19.594318801142872,21.848703278683445,-158.62800261538555
5677539.815628162,0.20027661438709723,5.054899710788886,19.549873726941815,21.889413752774995,-148.84083749946433
5679377.779348562,0.2002214795909357,5.0575621085416715,19.456217387460274,21.933711141610274,-138.57129310159948
5681568.734151548,0.2002328849384199,5.059376963266445,19.346988663306856,21.980278994840695,-127.68645435638412
5683744.136417931,0.20030602631846126,5.0602801829658555,19.243706019008265,22.02568909611981,-116.01482894412828
5686223.674636167,0.20043285991865567,5.060311863771977,19.157897240844,22.05553995059549,-103.33717698612435
5689129.763080506,0.20061837267149088,5.059974422317642,19.088960283201683,22.072857438355207,-89.41833974734568
5691901.70832587,0.20086460430821124,5.059819523801975,19.05830723020731,22.076319969114564,-74.0437204663527
5695228.875320839,0.20117008553396917,5.059874688707104,19.04883025425472,22.07560683505173,-57.03065847295747
5698557.921760142,0.20149471744889375,5.059732831893957,19.071609223936672,22.076354833310745,-38.38170499468418
5701420.51807186,0.20176635663667875,5.058946082625829,19.1274083240422,22.07761335070372,-18.370637921410037
5703900.735400904,0.2019595850538896,5.054821831081019,19.22546610670787,22.068130088297533,2.3769767934494883
5704632.393994339,0.20198174035282845,5.051283466401964,19.30195491774707,22.042738027856576,23.059152323577617
5706005.17082922,0.20199814262694468,5.052595710506774,19.340682467141335,22.061989816907072,42.794232057490056
5707634.638419576,0.2019867962075696,5.053238588077825,19.377907587382914,22.083907201629504,61.037156808570415
5709345.479519146,0.20197173265251192,5.053266977307433,19.405946228288514,22.105594263825132,77.59891021181386
5710755.25013788,0.20191263646430324,5.052631377079861,19.421273383487502,22.132795542782837,92.53827594269035
5712420.320441946,0.20184702678225894,5.051125962227091,19.43347219924478,22.16363229311695,106.0433696019753
5714234.201052928,0.20179184916537907,5.049073823197479,19.450205229728063,22.18964496064556,118.35377520687827
5715754.597960455,0.20172729556730704,5.047837994186213,19.47401214479485,22.199947519535122,129.7113030710364
5717510.084309531,0.20163290514383245,5.048216435525447,19.512889480198524,22.197870695361857,140.31458690817405
5719191.280110668,0.201511032876815,5.050470198265366,19.54891466271201,22.19095064411607,150.35711271203988
5720179.728046691,0.20143930620254344,5.05535127473132,19.571745764030158,22.185870783923566,160.00165186928115
5720948.6062899865,0.20137571459966905,5.06056862465982,-340.4204471282341,22.190297778523696,169.38317991307485
5721803.477157304,0.20129603322348502,5.064892607952634,-340.42152250664594,22.20213122192794,178.62637902772803
5722319.12352322,0.20124264333646866,5.069558257882239,19.563500901772034,22.22432813047487,-172.14446993834653
5722744.511059897,0.20119315594925086,5.074030266414582,19.536512266537077,22.255984670082494,-162.80906054880907
5723155.790803585,0.2011452790147707,5.077412123867194,19.503296928381687,22.289731637848543,-153.23972524690046
5723355.860203082,0.20112700295837807,5.0804884381023045,19.457955880904787,22.332850772595233,-143.30129443475886
5725466.678215234,0.2011166019583389,5.082623227517509,19.352780021731284,22.37680119374965,-132.78415074276256
5727759.367726991,0.20114385069746182,5.083738020188912,19.25254959743211,22.415492557331802,-121.57106262347105
5730164.027511984,0.20124032243537518,5.084193565937519,19.148894364193072,22.460720657648455,-109.4637155897285
5732946.999707431,0.2013937629557233,5.083966203118187,19.068696967580998,22.485048204036058,-96.23479462952211
5735987.9202961195,0.20161145189845703,5.084242212641406,19.03291514149849,22.476540876623567,-81.65460686585436
5739280.35965256,0.20189008874396236,5.084632064106926,19.014300630611338,22.470316512239147,-65.5185449032971
5742636.259205598,0.2021932871537766,5.084625332935152,19.015057462912377,22.47029622627935,-47.72518060801373
5745991.780318167,0.202513124330895,5.085084857752288,19.057711777092273,22.468311240770063,-28.405387713187967
5748475.955987437,0.20273985102583558,5.084331650798042,19.136119606603714,22.467932404253418,-8.006544449378756
5750327.323159177,0.20285307676559458,5.080251901237274,19.238835632014027,22.449466932457884,12.731362070708219
5752060.9716514405,0.20291681398254358,5.080993531963449,19.288689942570056,22.45689489276519,32.955750535143956
5753745.435102999,0.20293014600544035,5.081782929642782,19.331971974874616,22.473606180096247,51.925604616283074
5755219.672601692,0.20292129987589322,5.0822010739641295,19.350533026801198,22.501218938311467,69.28695123716926
5756955.741808081,0.2029024843687593,5.081853278627141,19.364875701093734,22.533931523254235,84.9699429829995
5758638.233115746,0.20285075068895111,5.080841499142702,19.380829762710444,22.562572885315,99.11817219897559
5760368.672340283,0.20278806265998325,5.078730260444072,19.389034092478163,22.59642761678103,111.95518768585514
5762119.761749538,0.20271233576879386,5.0779110909223775,19.420269590273858,22.604885378048458,123.71877441631655
5763916.114273204,0.20262952141942758,5.0776345353298895,19.457481200068464,22.606744171800084,134.62864069241033
5765666.803673936,0.2025250731068969,5.078832936279053,19.49733978810702,22.6016015415211,144.88353363648136
5766499.554447541,0.20246363416127572,5.081206352987786,19.516365128618208,22.596532705268743,154.66894181323346
5767217.940267181,0.20241050800859733,5.084698052517297,-340.46973522520074,22.59579220781535,164.11285725443093
5767855.400532074,0.2023559875352655,5.089571528777844,-340.46754369684885,22.60377659682528,173.35024617117244
5768135.35578475,0.20232955584429935,5.09470902592118,19.520980829700374,22.621964629804914,-177.49529099293085
5768418.728123998,0.202296878000936,5.09900198868135,19.50333627004196,22.64614542414615,-168.30790335743467
5768500.71542035,0.20228139334568657,5.103187123108916,19.473735590417657,22.68010519460934,-158.96490855617506
5768733.372043995,0.20225679640134178,5.106089964322211,19.439710866015485,22.713005801128045,-149.33533968281495
5769552.676299816,0.20223927944346592,5.108621353647629,19.375834679329667,22.75364943149803,-139.26191377910433
5771803.443690047,0.20224343589345123,5.1098013113044,19.284070845227124,22.78243698530994,-128.56747279175883
5774226.986088792,0.20229610428750844,5.11073849715506,19.178528184156086,22.825420220664537,-117.10850478277688
5776789.067200666,0.20240236791776064,5.11080270514031,19.099782341991162,22.84620133526472,-104.6794856769955
5779679.248928599,0.20258045592124022,5.110872908602304,19.05165805955394,22.842340236745038,-91.04973596952884
5782735.461747538,0.2028153871443256,5.110692311933678,19.010824173050178,22.846670832178834,-75.99461027975933
5785984.879243704,0.20309905500578496,5.111061105915029,19.00038556008305,22.841894855834873,-59.33464796641167
5789035.247143049,0.20339445417570484,5.111850662473328,19.023599231071156,22.83636975963781,-41.038651805138194
5792232.153817268,0.2036915041472772,5.111945331058395,19.075607641987403,22.83593445406703,-21.331489756180083
5795035.885022134,0.20391350516939047,5.111352984262633,19.158671051611304,22.83474560015412,-0.7804510745722316
5795089.633567411,0.20389701354108303,5.107136814895429,19.235823560632813,22.808506922074667,19.835665675679607
5797061.765440116,0.20396155056749513,5.106809567606338,19.298010665542748,22.804122206721352,39.62707640440817
5798738.883641081,0.20396787127891064,5.107590946674876,19.331551327061344,22.826278422798573,58.004710464135016
5800377.801332161,0.20394289054652537,5.107770436896125,19.353536290396185,22.855637265935012,74.72065840429946
5801892.767043721,0.2039043366966827,5.1071606536826675,19.363837502974736,22.88794711905236,89.80565645594876
5803568.149420958,0.20384553455887136,5.106042741024386,19.381495721431858,22.913351239084047,103.42857685665301
5805390.3421096,0.20379609800534865,5.104404974250647,19.401520970608136,22.93586439218568,115.82284524005412
5807120.001973145,0.20372212797607336,5.103313866649278,19.430016978385744,22.945725108320705,127.22496914004446
5808841.508502837,0.2036336312336771,5.105743510511595,19.48047438882861,22.931216911301316,137.84447319489553
5810525.10514804,0.20352206878007045,5.1076393825488084,19.518157123668768,22.924444115328306,147.86873416924647
5811141.861625465,0.20348742810044942,5.110174116874564,19.535978678100395,22.920547520595303,157.46963067463935
5811421.7912475355,0.20347307907975953,5.112497325863854,-340.45579228747084,22.92130219456234,166.77573406406722
5811901.129902434,0.2034320161930032,5.11637105694077,-340.4552914661357,22.92965672154747,175.90973387703082
5812224.346293656,0.2033999028558937,5.121526093970783,19.529794010253045,22.950657939208885,-175.00601229514305
5812182.534359621,0.20339872162724576,5.1249358424800535,19.514634466144827,22.971873058134808,-165.85716886404344
5812202.509017967,0.20338947387069506,5.128022309383508,19.491263645412218,22.999115889823088,-156.52144465946284
5812200.232799757,0.2033764695109812,5.131262266172507,19.455832208412733,23.0389534397872,-146.8729307511973
5813886.2598684635,0.2033552453252394,5.133357792580812,19.370473111215553,23.07575775555136,-136.71514729882944
5816194.838779788,0.20337052225944977,5.134599519624667,19.273403122478282,23.109885377837372,-125.92337215414142
5818585.256899295,0.20344327698481982,5.1351018642585435,19.184744167474594,23.138567910300985,-114.32723075861053
5821322.373185299,0.20357090215344847,5.13510605484786,19.12656373179448,23.13795208997637,-101.71096840801201
5824282.664469808,0.2037573647529351,5.135342475838913,19.087269525584396,23.127621392901823,-87.84876021732713
5827480.126165431,0.20400580829412548,5.1361513558080345,19.069828284379618,23.111149934551655,-72.51906986856673
5830857.793576008,0.2043064065171498,5.136580437990656,19.065493693276387,23.106280515987702,-55.56697004938658
5833925.899151953,0.20461129588611773,5.1374268266542735,19.09894830351279,23.101245972789474,-37.00802846178839
5837016.503446765,0.20489322240493799,5.137272465580671,19.15757005122824,23.101270837098035,-17.126655202212937
5839561.980979931,0.2050833101234965,5.134049984698205,19.251709861638744,23.09314277637286,3.4428342525199915
5840299.3641905375,0.20510495598800113,5.132032951767297,19.31415213439138,23.078264127024376,23.902554918541693
5842021.258589705,0.20514295559979004,5.13292859561118,19.358467464249294,23.091524897185767,43.388713667629744
5843565.088070374,0.20513040542814082,5.1334245301146195,19.39626840585648,23.108690546730973,61.38691317254423
5845026.626077853,0.20509842875530304,5.133443081111761,19.42221059260643,23.128717614372935,77.71890832315297
5846465.059819311,0.20504241773052237,5.132709193753823,19.43313793716942,23.159658013889892,92.44593852498842
5848194.848957622,0.2049829483981293,5.131361078529582,19.44888766674044,23.18703933589033,105.75692162596462
5849908.575225992,0.2049340676235397,5.129989167207935,19.47096121869076,23.204352276629702,117.89116204326947
5851703.1124648005,0.20485564753671215,5.129697132767047,19.50763684891895,23.206758788460245,129.07362102954826
5853167.951161113,0.20477511876886292,5.1312260784644605,19.54564859961094,23.198352489279973,139.51839612360374
5854581.710874815,0.2046828454636231,5.132669466407901,19.576267997040027,23.19372707477142,149.39794668013081
5855459.526408441,0.20462530484740166,5.133643657596497,19.59466682338747,23.192519507033783,158.8721756070184
5855891.180259751,0.20459543962100388,5.135744158490159,-340.39675666237537,23.193775580730247,168.0760273871545
5855879.02158976,0.20460259663098812,5.139537738759676,-340.3974130481036,23.202933755277147,177.12741790256442
5856070.546721151,0.20458274207138452,5.14306186906417,19.59394221047142,23.21819807553985,-173.85599161982412
5856312.022689898,0.20455463011134928,5.146938013243938,19.572328606074667,23.243398714001984,-164.7574368867462
5856306.151707122,0.20454067776115264,5.149542642411532,19.55578625003789,23.267238941123182,-155.46465531244675
5855674.8750655055,0.20457491302305705,5.15285317818834,19.52785938513114,23.309380752791355,-145.85300633250392
5856647.185338348,0.2045794593064847,5.154221113903248,19.47259656624674,23.33432915560321,-135.72840923910854
5858633.819908848,0.20461667012316131,5.155301975232016,19.3859866391048,23.365599157962063,-124.94661494122528
5861168.40253819,0.20468899090159917,5.155452421613126,19.314568177828736,23.37500664026083,-113.33749651739792
5863929.396460045,0.20482054144041836,5.155468488479319,19.26071313494856,23.371107673071208,-100.69718446140244
5866942.895551125,0.2050153649502923,5.155804436290823,19.225761356051716,23.35757895034268,-86.79724360540014
5869982.872296372,0.2052675770384026,5.156606651828769,19.21350251634145,23.342083716811242,-71.42370043931163
5873399.998895286,0.20557236854367456,5.1576766073622995,19.21793528797924,23.3305706994793,-54.41986207239239
5876814.014529018,0.20589019734572558,5.157699417765649,19.242816274615553,23.33031620050397,-35.81313847091603
5879715.084749462,0.20615749176937934,5.158438472353151,19.30601875127013,23.3291364682285,-15.920703986424934
5882302.893757746,0.2063445078441283,5.157590901024386,19.39234692391233,23.32658986121973,4.618628763246449
5882582.4044496715,0.2063342479786928,5.15615185125014,19.44991681723063,23.315451315324715,24.996362172296283
5884315.228345711,0.20635859779790647,5.157359953202725,19.496187219439463,23.334075558421663,44.35439937333056
5885899.202070132,0.2063576647369838,5.15800471053035,19.523288806095113,23.357678972271696,62.2193061001038
5887694.844745638,0.20635652698867832,5.157994940411497,19.54122713111348,23.386294896723882,78.41360842259432
5889318.718486443,0.2062986930400103,5.157404610567443,19.563515306777653,23.409745519566837,93.00958482220214
5891095.702081123,0.20624686130705105,5.156257070465375,19.584033139488934,23.432320445936455,106.20665483179361
5892918.029029774,0.2061836875485035,5.154848877204631,19.608164406667242,23.449679793416358,118.23773561357741
5894788.5872269105,0.20611297773542828,5.154989698811063,19.650322518010476,23.448474196780683,129.32827752646952
5896561.6020307075,0.20601981581913503,5.156178623936069,19.692759867538236,23.442064160901303,139.68530911621244
5896918.259289287,0.20601000886948487,5.157505220756479,19.70637832351396,23.4379089881289,149.5061471227943
5897153.654549638,0.20600713666314702,5.158043885467931,19.71602952334497,23.43725854429699,158.91708888845557
5897341.781988692,0.20600238797272358,5.160217767104473,-340.2761092725739,23.438609015305005,168.0522465756773
5897297.020651605,0.2060123173987257,5.163991413848459,-340.27754017831495,23.447724387938493,177.03577579990753
5897111.823797148,0.20602943723422046,5.167455480584798,19.71497972058302,23.462653262187338,-174.01817525255953
5897123.144803926,0.2060206738500567,5.171347401646884,19.697458086080335,23.487760334982102,-164.99609115214488
5896852.014839824,0.20603322756631257,5.174341744095509,19.679009962767182,23.51489294589248,-155.78168633013775
5896558.286986034,0.20603889946492168,5.176211536269908,19.665196772744572,23.53838608845736,-146.24891776257337
5897010.599702448,0.20607532862571523,5.178161202944841,19.609865488146905,23.573375227604117,-136.22622854047947
5899338.297341634,0.20609182145972305,5.178952227132371,19.525720221530957,23.595663556936145,-125.54110365640645
5901846.113430465,0.20616087741563746,5.179194710732702,19.45026766141389,23.610102347834836,-114.04982578822559
5904162.362725109,0.20629615711896557,5.179210421239426,19.408032125511244,23.604698727948023,-101.55286291770778
5907122.829959534,0.20647962897243122,5.179480843054707,19.371042999347736,23.59327337271742,-87.80371128706474
5910296.416770004,0.20671920022277016,5.180125262547865,19.35040464510598,23.580405171015396,-72.5902306531634
5913686.063436506,0.2070187134479203,5.180745108833763,19.34862065766868,23.573484197078827,-55.75682218653839
5916870.794443736,0.2073202021521909,5.182677506966056,19.383235183525578,23.562279213561617,-37.30869640645123
5919934.205887623,0.20759910067031537,5.183943686533734,19.443501303953866,23.56005559682633,-17.53254599654812
5922526.51415013,0.20779165657413817,5.183486738080854,19.528467183129166,23.558713057849133,2.9512480853789156
5922669.117315993,0.2077763795845812,5.182160475938645,19.58292952506529,23.549059924064437,23.34627548241766
5924619.4811987635,0.2078303615123897,5.182995189405603,19.628050474065375,23.561164270128213,42.78226670077387
5926354.35363468,0.2078304898821291,5.183588442647594,19.66402166229271,23.58104006419909,60.73837370915818
5928119.395941444,0.20781960474610348,5.183632057638719,19.68627430984209,23.60710528034813,77.02849822144358
5929777.818208478,0.20777002552363957,5.182956172190977,19.702767886325805,23.63623200540283,91.7087368810075
5931344.669267058,0.20768427971718695,5.181708082079638,19.718224908213237,23.661847783440088,104.97245045690991
5933022.461459264,0.20762556725108136,5.179532858492866,19.7285823571948,23.689612163115473,117.05112786643811
5934412.027346183,0.2075702486022631,5.178602749381548,19.75079041577029,23.697483110267754,128.1773910755027
5936026.656709669,0.2074952913703797,5.178577718453327,19.784396306468754,23.69759218079217,138.54389841419626
5936721.872882549,0.20745550611217428,5.179103134093303,19.79982298124865,23.695823978998007,148.35172738415397
5937010.889193213,0.20744131924244671,5.180013860468827,19.808117321024834,23.69454939623445,157.74093807112212
5937111.820796251,0.20744645919145474,5.180570140602462,-340.18327009293955,23.694764200941954,166.83815288927784
5936939.518931368,0.2074706884713947,5.1825680160677345,-340.17934165970814,23.699105283492653,175.76781691262616
5936496.405388126,0.20751390957096646,5.1853800833427135,19.817549509727847,23.710434756570116,-175.3561017156473
5936293.131973101,0.20752543533869244,5.18856165034523,19.80818883687663,23.72985374525211,-166.42327766583043
5935555.697289424,0.20757772612735767,5.191254053517717,19.799821491686497,23.753008219692692,-157.32182199567671
5934945.053108901,0.2076111966215076,5.193400833740006,19.787952605217125,23.778534245954443,-147.92326107981876
5935546.948172256,0.20763439444922221,5.19407673858093,19.753356482072835,23.789872044671142,-138.05548939473638
5937478.889099786,0.20764693759828665,5.194520404878676,19.68996025815914,23.801257278907162,-127.57072983363288
5939923.881677225,0.2076975619458907,5.1943729909312895,19.637776830581444,23.79370636272662,-116.31007825357801
5942651.553031871,0.20781394311484183,5.194355563086228,19.597545739460735,23.775551649609735,-104.07595911608317
5945637.524326591,0.20799231926090664,5.194789476649201,19.56894271741825,23.753266532472022,-90.64517901897676
5948837.675291847,0.20822898943759358,5.195835691498357,19.55575231360904,23.729776105716226,-75.79209747659522
5952191.116373735,0.20851193865316275,5.197139253349067,19.55642875226552,23.713638423838113,-59.337794271852026
5955596.8741029,0.20882825018014436,5.197995937843051,19.57876913892536,23.707863139070465,-41.24594721410028
5958555.073387148,0.20910735517597157,5.198987741665863,19.633832597477067,23.705329394457642,-21.735903943967035
5961338.910105199,0.2093253399510904,5.199426722928156,19.712125407865816,23.705761597550318,-1.3586273841114527
5961152.139240647,0.20929478212524094,5.196135676609211,19.782349304469843,23.685668518270507,19.106672482315144
5962823.665595695,0.20933831760393204,5.196716732563217,19.831405637156827,23.692892161766952,38.771001165553564
5964599.61771171,0.20935031165973755,5.19758548871396,19.86306728726053,23.71664013953132,57.03465133070038
5966300.845246354,0.20932883105355726,5.197716302454998,19.894947575551345,23.735719307901924,73.64126363975076
5967998.507760949,0.20928492520562775,5.197295238856553,19.91873686362508,23.758689173082562,88.60955543614696
5969698.132829128,0.20922124632810818,5.196035813263188,19.932764386392478,23.78773318445341,102.1125090505424
5971455.704999199,0.20915044325640034,5.194947296122638,19.957983090414018,23.802850896998088,114.3787334749877
5973344.951706311,0.2090882303256414,5.193148008757929,19.982648509662173,23.819424255295424,125.6356787335698
5975014.053495882,0.20899932947969932,5.193947317900372,20.020879795765612,23.81448842316291,136.1016065086229
5975631.949791873,0.20896901681527824,5.1958691585594945,20.040963397733748,23.807212669507326,145.97142928290634
5975923.773097554,0.2089649975727562,5.195470181537425,20.049954235832324,23.807911315437416,155.3852345477782
5975734.877935413,0.20899278703351423,5.195180439665242,-339.9467363519143,23.807896288938615,164.4839321299308
5975604.075809689,0.20901304854935732,5.195967205881455,-339.9417101319231,23.80926076485481,173.38149207650403
5974868.187303167,0.20908637902306926,5.19730443071335,20.059715928478635,23.814003129549622,-177.8042663455844
5974248.245994551,0.2091415199423717,5.20053632546732,20.051521274784843,23.83189704530346,-168.96629265831996
5973367.826854913,0.2092115696220197,5.203231586872842,20.044545843840986,23.85311963466853,-159.9935170615368
5972647.942640491,0.20925386957533237,5.204553999412548,20.045826287691842,23.86748970401937,-150.76435331263323
5972017.628863314,0.20928132495026133,5.2060168406994025,20.03810290462657,23.88967631119698,-141.14592589562957
5974208.898327664,0.20925971476914382,5.206189886409493,19.977899398867567,23.893519344544828,-130.92058700104536
5976662.884428164,0.20929917655683108,5.2062803177392105,19.91327783312195,23.896988146583585,-119.98310573097737
5979339.274331855,0.20939319314490515,5.206192625256354,19.86701098609067,23.883708883333423,-108.14264342749283
5982136.963816332,0.20954871878421527,5.206451427555569,19.8359007114662,23.863747970060732,-95.18315875973776
5985323.844445135,0.20976492822902915,5.207367938851091,19.81851649355004,23.838339910202105,-80.86901674967964
5988736.805661831,0.21004262675998506,5.208569167380753,19.813008419925506,23.82056941469777,-65.00100922255659
5992220.541619157,0.21035291202423695,5.2089623414554485,19.819998473101837,23.81726677644765,-47.47864327182305
5995652.388727499,0.21066705590477122,5.210551317390968,19.86431609571444,23.811309679699825,-28.422411627912428
5998145.771298245,0.21088633803471518,5.211988115378264,19.936027160931985,23.811469846561415,-8.274657870711989
5997293.854608271,0.21082816918199088,5.209636321955937,19.995778579287308,23.800784291070443,12.254805785449934
5998957.555301031,0.21088783292137162,5.209285154710525,20.052418348490754,23.797086076408196,32.25461201503756
6000703.200570691,0.2109032211855065,5.210366533672813,20.08901752052873,23.819366997841165,51.009306407093646
6002318.343537105,0.21089004545268272,5.2107349622068115,20.11556771968604,23.842513837782146,68.15785036454795
6004053.393919008,0.21086121197701296,5.21044581250485,20.13423079697739,23.870930381513347,83.63274357863581
6005673.118686337,0.21079001036897463,5.20951230466283,20.15140266224445,23.897607884398116,97.56997134136515
6007383.327914415,0.21073581236704744,5.208195458475088,20.16964548402867,23.918853545762012,110.19018095923272
6009202.50218215,0.2106648102677033,5.207276001249677,20.199536193573227,23.92848538503907,121.72358699872801
6010937.66505331,0.21058893498726164,5.207442247436665,20.236762388825568,23.92727410691894,132.3917596988632
6011515.9084076155,0.21057114606972135,5.208571034506281,20.255135691627174,23.922152353803604,142.40508873152893
6012106.017895272,0.2105474379534089,5.209242564529926,20.27079342428026,23.920489685581558,151.90503256857144
6012366.781399054,0.2105408404227905,5.210502201957422,-339.7193403229887,23.9196957023819,161.0405434763708
6012069.442349119,0.2105810618229887,5.211027904714813,-339.71362631011755,23.920270113228874,169.93622628598095
6011566.173796656,0.21063333885948293,5.211881609582242,-339.71120928017046,23.92270912185154,178.70659211615322
6011096.980275916,0.21067683121797656,5.213769275428676,20.2878466363011,23.931672298630026,-172.54259494804884
6010178.288236802,0.21075294020040872,5.216145265024359,20.28599448133527,23.948083884660072,-163.70515202026166
6009323.753819827,0.21081670590941343,5.216806591883373,20.293724546004018,23.954404908513265,-154.66030043278562
6008486.723382017,0.2108756927500081,5.217967778140545,20.29225218632497,23.969744395351288,-145.2849346381456
6008737.141077587,0.2109117347266509,5.21818364304528,20.27488591243548,23.973794407361364,-135.41365136709763
6010812.747250162,0.21094557264068692,5.218549005142095,20.209415857401442,23.98476747405261,-124.87280811254041
6013330.56569569,0.21100456828618433,5.218258373398222,20.171118572951872,23.964679389917563,-113.51477037701221
6016056.871429373,0.21111822383847978,5.218351483889159,20.13741530679352,23.943533663671968,-101.13481538217833
6019080.425565155,0.2113070724039357,5.218983672244245,20.115352499703256,23.918803666722365,-87.50452110312943
6022002.838315893,0.21154866277875498,5.220238426463901,20.114159371470375,23.89489759284133,-72.40799134793394
6025184.906700069,0.21183557602850484,5.221566689413461,20.12377504831548,23.88068854474054,-55.67545427742667
6028496.846372031,0.21214168320077828,5.222957186552769,20.15442411478447,23.872931296583356,-37.308295745662484
6031848.729998054,0.21243295165531717,5.224094040907003,20.210432261061154,23.871104606384776,-17.593278286525816
6034434.97422833,0.21262289972089202,5.224187008418075,20.293178247142546,23.87108749920978,2.8388259759219894
6033493.4217852,0.2125402073846401,5.22328013952435,20.34065431011485,23.86430013835148,23.188239463332508
6035299.484369773,0.21257202567608757,5.224089071865473,20.392325434849333,23.876169826071433,42.56125981257401
6037022.7927333955,0.21257325289400264,5.224757277054651,20.423161213898645,23.899059698982413,60.45062871017289
6038597.725796048,0.21255984975863967,5.224787475385679,20.436547385370048,23.928672674157827,76.66379468350952
6040244.659116739,0.21250635148625835,5.223961331200101,20.4470117227902,23.963202133696264,91.25041856935812
6041859.858744165,0.21242678068250026,5.222807897033381,20.464604717585004,23.986446225812138,104.41017117440738
6043656.300396161,0.21236099840116798,5.221241885025607,20.484681081355877,24.00616244146865,116.37446163065009
6045206.613929717,0.21228553810327985,5.220673944080459,20.5119413761476,24.010908669045367,127.37824461350414
6046028.876136139,0.21224169477069257,5.2216458964173045,20.533392509204106,24.005462843753108,137.6336311282153
6046740.384782225,0.2122132734022731,5.222789829329059,20.55300731394352,24.001616980744444,147.30137503321612
6046892.434888784,0.21222159754556105,5.2236283210554335,20.56245469160462,24.000392324314912,156.5409313720551
6046676.286995884,0.21225668254221045,5.223003694279784,-339.4316355819858,24.00018663909445,165.48020850695096
6045836.425628236,0.21234604463981552,5.22345108830917,-339.4276650808798,24.001080548725227,174.23687014529173
6045271.511188697,0.21240211660432506,5.224152953039662,20.576733265764247,24.00374625786369,-177.08085794928664
6044772.267571023,0.2124450292977396,5.225518502677378,20.577779975592847,24.011653808998222,-168.36441324337642
6044015.093671676,0.2125059724388274,5.226218520479737,20.583301653513193,24.017350065838542,-159.50443308749465
6043130.955504386,0.21256037806694453,5.22739233433814,20.587864906153687,24.03048622584236,-150.38872239506813
6042727.855725931,0.21259662654867154,5.227651402852478,20.58871700672711,24.034501625799155,-140.86960621031858
6044863.4111536015,0.21259747098116152,5.2276362323377645,20.532738186099937,24.03409939421923,-130.75203043541637
6047248.601802785,0.21263936543462827,5.227348628221348,20.486488418439592,24.022157694781306,-119.92558970950412
6049934.960379973,0.21272906406773132,5.227198541314636,20.454047279180806,23.996316842455094,-108.19553490276901
6052848.112735866,0.21287588815077688,5.227632282840543,20.43291899133167,23.964753338309976,-95.34466276116554
6055785.016101832,0.2130850325869682,5.228928394898441,20.431053953593654,23.929620129873335,-81.1463194426137
6059166.294393027,0.21335855181618366,5.230567292069681,20.43257038735908,23.90571937717496,-65.3852018561388
6062574.631385876,0.21366380959588002,5.231570599790438,20.44558074972475,23.89751316747763,-47.958808506531774
6065995.553395007,0.21397308208944235,5.23283861952838,20.486476114685328,23.892780410041258,-28.974418197302835
6068931.372614022,0.2142171025482777,5.23445122673922,20.552087217701402,23.893005962240075,-8.86557864189111
6068047.117634814,0.21415870674361948,5.232944444947063,20.60683960160584,23.886095977231328,11.649669019076523
6069899.627272304,0.2142290021079288,5.231894368438894,20.671790928585022,23.87541457980169,31.652291599528773
6071733.101176806,0.21424342502573854,5.232260529344085,20.726372715999297,23.88293314591572,50.41284332137265
6073055.905287219,0.21421270053515656,5.232690326951904,20.746071959783855,23.909869120495603,67.56651019127511
6074646.84871858,0.21418074233900808,5.232375656325265,20.759160359454718,23.94057201607387,83.03358596925429
6076039.893107602,0.2141036276747957,5.231402561260696,20.77075243940213,23.968254239127617,96.9497900677391
6077628.539512871,0.21403639371673336,5.229541983005831,20.777888174579363,23.99821856654268,109.533302902069
6079422.016958704,0.21397320667052397,5.227860991345328,20.79866559241059,24.015855966644803,121.01674559214617
6080997.1287820265,0.21390469565993814,5.227943117441433,20.83138635494419,24.015238246222623,131.62689479325346
6081441.4660763815,0.21389358620530236,5.228686571875051,20.84503758401665,24.011835515499314,141.57112019443798
6081638.3217804115,0.2138992715560375,5.229121286677476,20.853709834586795,24.010732410864833,150.99525849917114
6081532.685199335,0.21391754189057768,5.230403080343889,-339.1432843058053,24.009836872957315,160.04490251914518
6081105.069423236,0.21396416309158878,5.231499733446639,-339.14324411269627,24.01094558802262,168.84146436035516
6080618.358669506,0.21401515447813968,5.231034156046323,-339.13764978974365,24.009657254055877,177.49530804760536
6080089.376321262,0.2140647971548081,5.231258923893551,20.871699188577377,24.010674978382045,-173.88818488069256
6079185.043825267,0.21414306255115031,5.231103354012469,20.884553498140242,24.009623260838794,-165.19763922837757
6078169.788512915,0.21421644382129262,5.231810954481414,20.89589908212611,24.016140816881748,-156.3274121327736
6077276.889409414,0.21426638765537426,5.23161300519362,20.91668868764743,24.013609981089175,-147.15308240019897
6077279.484544732,0.21429205561400472,5.231089836855599,20.921295123276927,24.004204796093205,-137.51831300802206
6079538.152842194,0.21430212886533703,5.230964339472182,20.86768925717293,24.00066284634363,-127.24081137105185
6082106.670247544,0.21435827874618263,5.2308243500159755,20.81606061892379,23.992611611458766,-116.19258620792608
6084882.942959106,0.21447100641549083,5.230853398004491,20.79356013998682,23.95861557563532,-104.17409831306064
6087810.64346127,0.21464457275215862,5.2314397942387645,20.773965564808012,23.931002437777913,-90.9613722274845
6091034.610867303,0.2148786006716097,5.2325471768308285,20.76273564684151,23.90714200222817,-76.32092180460167
6094382.875790888,0.21516240813647275,5.23438032110681,20.7716279996587,23.88508051019449,-60.0674972352173
6097965.476347614,0.21547636992096134,5.235769002836138,20.79197870876009,23.876007485299684,-42.14128693417921
6101188.620415045,0.21576588897091614,5.2365153889894325,20.840832216008465,23.874115606726345,-22.7511691569257
6104066.856674008,0.21598860972696637,5.237375645161078,20.914222590732454,23.875231480317126,-2.4390675877416355
6102483.990201119,0.21587594046280106,5.235870041900836,20.963393186060927,23.865943616953594,18.01605902149446
6103959.877627095,0.21590385478675975,5.236684114822959,21.010683612016404,23.876067428380207,37.6842233298446
6105611.009577023,0.21590147126396847,5.237331684046543,21.049351030600718,23.893730010128518,55.95103312086652
6107332.854809858,0.21588366653049995,5.237515995956418,21.072002801698705,23.920485016293423,72.54443681078767
6108821.844778366,0.21583665740654165,5.236917468791055,21.081171281356585,23.952914870307946,87.4768083184588
6110497.059952261,0.21577294245287681,5.235583409888438,21.092169766303584,23.983461928144948,100.91345236541709
6112212.8176417425,0.21568901861100206,5.234009919511278,21.10922830704692,24.005257235450447,113.08907342000106
6113853.290403267,0.2156204472894382,5.233635566673642,21.139921393339655,24.008662278432805,124.23934862625241
6114428.8405982815,0.21558769145214707,5.233477523659851,21.149919872042187,24.00960442470798,134.59384243487557
6114920.40632432,0.21556726399937987,5.233915156747663,21.161898384378027,24.007900268777004,144.3131742578059
6115020.244796446,0.21557846211613657,5.2332282041797615,21.166819754121956,24.009191445288145,153.55812628522315
6114517.116187509,0.21563997022504264,5.2319775271079445,-338.8314629388972,24.00936640741972,162.46521523285628
6114033.943677623,0.21569543393290946,5.232992598085645,-338.82870193354194,24.010918681799183,171.14873534351727
6113299.3310271,0.21577067678908288,5.231848761066597,-338.81763857631427,24.0071641865345,179.71921919986906
6112605.925241973,0.21583382508959503,5.23259970166603,21.1897235189061,24.011023897817505,-171.71801708581185
6111528.690557746,0.21592260563597587,5.233103702206445,21.201981926554026,24.01470789276725,-163.05780677711593
6110732.302189622,0.21597746306865034,5.23330053337526,21.214354064001814,24.01667143718345,-154.18306890573953
6109681.564695887,0.2160392035025884,5.233395786962692,21.23295087845339,24.01796394459571,-144.9804157968577
6109803.516897565,0.21608319288652414,5.233132629492289,21.227733966624214,24.012713425824497,-135.2780891961566
6112186.723127795,0.21609545803903407,5.232814507060882,21.179970800528032,24.002499364133683,-124.90145310067902
6114790.907041885,0.21616118663002096,5.232483534168837,21.146788187822967,23.97730578734803,-113.71421748371026
6117368.235506311,0.21627772048995908,5.232615768980914,21.121161063538278,23.953257446278315,-101.51413487448319
6120474.393476676,0.21646332477942834,5.233515892801073,21.108125777751393,23.919290455526532,-88.060860532487
6123792.921922654,0.2167016942903746,5.234728250536345,21.097733371036732,23.89657942884891,-73.13085718395402
6127313.756163409,0.21699626676927003,5.236097361092046,21.101951365834513,23.882068425798302,-56.55400730055721
6130875.541819347,0.21730684998007324,5.237269711296891,21.125268022568388,23.875532322318506,-38.31266931911648
6134226.853387561,0.21759592326071292,5.237846117687616,21.1777844020048,23.87449612365504,-18.67953552331856
6136895.025784027,0.21779167169198294,5.239204277498189,21.253369703806555,23.877609234879895,1.7285558098769542
6136042.845244797,0.21771808613155258,5.238377258657252,21.298601583267082,23.87146962415521,22.098856630004423
6137959.9149585515,0.21775921545272683,5.2394065549568944,21.345543768160084,23.886496381250705,41.515328082071996
6139646.764374729,0.21774862336351278,5.240088314279852,21.37894124992416,23.9096643550923,59.44022920234214
6141433.1594637465,0.21773851297336067,5.240114727902756,21.400551133905914,23.934672697351267,75.66833108615594
6142921.861938046,0.21768948354688167,5.239504398204028,21.41529314555749,23.960082588622456,90.25254143038036
6144487.977710109,0.21761076800054768,5.2379752345857336,21.423659819653565,23.9909166980916,103.3812260823709
6146085.656476924,0.21750979589519928,5.236442594822164,21.440037770816215,24.010221605992804,115.29419093268484
6147929.572166711,0.21743444296851372,5.235346021891789,21.468479776654714,24.01945740904554,126.21724076445831
6148175.383880567,0.21743180970524076,5.2365537761585585,21.480945998215187,24.012645254535833,136.39014766620613
6148397.974376891,0.21743273943627897,5.23717901822839,21.48947878975914,24.010494307076154,145.95763430625618
6148329.811617373,0.21745549923856086,5.237754064264381,21.494148086901227,24.009599732255804,155.07548694123506
6148040.367631646,0.21749023622976021,5.237212531633245,-338.5045540218554,24.009483161087207,163.87607776851812
6147631.036612384,0.2175399624929401,5.235909049628137,-338.495504801103,24.007032856970326,172.46936588223815
6147024.986274565,0.2176005502726593,5.236417633835251,21.507328372916785,24.008857362736755,-179.02845233281252
6146230.826854838,0.21767454966774916,5.236496524626462,21.51383179822744,24.009280670074126,-170.5169861226389
6145372.287894679,0.2177463143750689,5.236243291171504,21.527038605390903,24.007302305902044,-161.89303745710666
6144146.837841576,0.21783775300554756,5.236866410035014,21.539054294004682,24.013883163976168,-153.04908128052958
6143051.822705375,0.21789771582075926,5.236600168250884,21.564263868322108,24.00997979085477,-143.8595367624813
6144952.270146754,0.21788151202448788,5.236345659548364,21.521303325262387,24.004585381431035,-134.11433374104425
6147413.162994947,0.21790341985824996,5.235899228876189,21.47785781641522,23.98899968251268,-123.7128649955152
6149941.449234763,0.2179803060877342,5.235636572010397,21.447016032657384,23.96445852723744,-112.4837835214854
6152846.010710113,0.21811185543119865,5.2359676515345,21.43425170855263,23.922905351570144,-100.21027222096805
6156001.337221149,0.21830462449337693,5.236829241582514,21.418075190687308,23.893616428887974,-86.66331880077882
6159301.464082938,0.21855347326151392,5.237749390384244,21.405305328504596,23.877547676594407,-71.61682552057552
6162833.839933559,0.2188458053453573,5.238905269854873,21.408070802122303,23.866072643249932,-54.90305063977902
6166422.45867995,0.21916314245389884,5.239878226778212,21.43534349730503,23.861085263351846,-36.530719304985205
6169601.9236268215,0.2194380078947343,5.240298380289956,21.491296667866788,23.86044088858721,-16.79960867450697
6172330.186067447,0.21962985968739068,5.241222462574635,21.567354483491354,23.862886907091966,3.6408203297404627
6171010.511100637,0.21952543600777527,5.239822019128829,21.614518443932223,23.851754891519256,23.95961493896941
6172830.831266677,0.21954976936585532,5.240501161624525,21.668808115182497,23.86246907839248,43.24435119855274
6174576.368751848,0.21954450539961184,5.241060928344206,21.701402906815268,23.884073092374166,61.000307916484
6176321.855438771,0.21951848725387924,5.2410062546026905,21.718647328803367,23.915060403829436,77.0435251452491
6177874.382391682,0.21944797492453996,5.240299405886088,21.736033033016266,23.941466229469903,91.44868087906718
6179571.4211002365,0.21937579876876998,5.238516361333705,21.742648467881345,23.9753820363965,104.41754691356286
6181050.332557308,0.2193038729235758,5.236552672356892,21.750935674982,23.999047066238795,116.19460913019138
6182800.847011905,0.21923299847044386,5.235361680020612,21.776638683800513,24.00867388057726,126.99787009226974
6183159.051635774,0.21921673979973258,5.235404902428041,21.78390220724828,24.008414617726096,137.06252356460092
6183207.755246855,0.21923752890748413,5.236362697639826,21.791942885554626,24.005316880800653,146.53709002954216
6182996.703384055,0.21927736065689254,5.236353286542794,21.79548164488007,24.005315371951564,155.57087617958157
6182569.769336326,0.21933065568625099,5.235391560213058,-338.2013935165846,24.004979635920215,164.29348119449872
6181937.745292332,0.2194017712148114,5.235049812057507,-338.19469899533135,24.004283365982317,172.81710562014538
6181003.235208435,0.21949536220756757,5.234711690589301,21.81545233768015,24.00300789216724,-178.75067799264005
6180120.75572617,0.21957532367112167,5.235858519661178,21.820156533603285,24.009478513368897,-170.30592573512422
6179039.861653604,0.21966490436134628,5.235237612692871,21.839380753884594,24.00456070993264,-161.74545481821178
6177946.899169756,0.21974144914733942,5.234222172194973,21.86847643290763,23.993619217167264,-152.96039270179324
6176543.491294345,0.21982295828682052,5.234167078194435,21.89516599513796,23.992779960515147,-143.83448923522107
6177584.869575707,0.2198167615518107,5.233122982085492,21.890874028312314,23.9704484698953,-134.17116624403116
6180050.245005185,0.21983632442175952,5.232806083786518,21.843927113357864,23.959164897002072,-123.83234225359578
6182735.7262450345,0.21990697702441436,5.232378507528395,21.82713534585466,23.917957735772717,-112.66470867122055
6185494.108945917,0.22003767386178755,5.232708932442648,21.816525639471056,23.877830183672522,-100.46099965522649
6188661.215065395,0.22022095623184243,5.233405406414432,21.79398970778849,23.85429844159638,-86.9810548046449
6192136.674381202,0.22047394931800074,5.234551020987645,21.78245839976662,23.834298649330492,-71.99832333911368
6195791.499197314,0.2207759761868455,5.235451043350157,21.782542205369992,23.825334956370366,-55.34447972014067
6199424.985486124,0.2210934394765208,5.2365795763895,21.809070274224734,23.819543037638926,-37.01653041459074
6202725.334544344,0.22137605042808517,5.2376231766249095,21.86472440179722,23.81823780806801,-17.307774903722315
6205482.298387885,0.22157078994229837,5.238715152792612,21.940413322872132,23.82114769163985,3.1357849092337493
6205307.560058273,0.22153528424782995,5.237151683109483,21.995578846469517,23.80879197394025,23.47286148811402
6206958.782656865,0.22155316084051763,5.238350835679358,22.038501406596268,23.827698397129918,42.79553507676888
6208650.145237172,0.22155702080088255,5.239012776353674,22.062105789734606,23.853088306186425,60.58841823906214
6210259.17520199,0.2215157854480166,5.238960703464732,22.07976616862646,23.883824560914203,76.65281930047475
6211705.463290781,0.22145565782257903,5.2383991878004235,22.09860057140568,23.90477730744564,91.07078338331591
6213240.3753883485,0.2213788901796578,5.236824137715422,22.106038177476588,23.934744888730037,104.03968118607095
6214689.798978532,0.22129841580550902,5.235293284911032,22.11892362399543,23.953192149747988,115.8040761400279
6216431.0210525505,0.22123618019903038,5.234505934493208,22.147628855575068,23.959549022562744,126.58579921624381
6216738.074523255,0.2212350413034926,5.235021919200964,22.157554634890385,23.9567431991834,136.62117003614472
6217012.893885134,0.22123281916525156,5.235140650916848,22.165102280659745,23.956339888908158,146.05784458842194
6216955.993648291,0.22126120643003475,5.2353787669606975,22.170974664110762,23.955994197112684,155.0478125348835
6216499.4393855445,0.22131604940421376,5.234509283636904,-337.82695170244517,23.955717887861002,163.72334426989613
6215541.388545798,0.2214111169137645,5.2341457652181855,-337.8277107097071,23.95499385685956,172.19966322673162
6214703.022268213,0.22149597268996032,5.233028503551584,22.18510951014478,23.950868941096978,-179.43008622297273
6213487.11128211,0.22160798704384446,5.232911984436757,22.198833310381257,23.95020870346988,-171.0577817488504
6212266.211245645,0.22171498266941506,5.232821684681558,22.211896414231454,23.94949300646915,-162.57575316179089
6210987.167971376,0.22180500003866355,5.232344426181677,22.238081395215048,23.944429830912974,-153.8857352230519
6209564.58992229,0.22189486164677547,5.232345351518112,22.26240838306595,23.944419800485626,-144.86439325656752
6209478.985548893,0.22193828185104597,5.231670540159941,22.27199780293534,23.93041010917568,-135.3464410364769
6211827.434325209,0.22195627404657312,5.231176884073438,22.233092909797964,23.913764462526952,-125.1540907687915
6214444.851093922,0.2220158851677029,5.230933848143774,22.19702317031139,23.89346826963927,-114.15570668893993
6217287.215806028,0.22213063221705273,5.231168665401433,22.181145823792445,23.856086074306038,-102.14413446778978
6220292.628601203,0.22230942727568015,5.232159727637298,22.17398318606098,23.819462217796104,-88.88899526139483
6223628.291700227,0.22253860409348025,5.233842408904422,22.171813165788794,23.788108419780926,-74.14958724332715
6226992.681261446,0.22282080565346143,5.235171683411485,22.177078501668838,23.774007022376846,-57.74751233262673
6230597.082594376,0.22313475739218275,5.237305821584307,22.205776087713236,23.762129756434526,-39.64056553154061
6233916.484029407,0.22342164573928597,5.238193624773629,22.257129622727337,23.760605307646586,-20.077462729665093
6236889.051030019,0.22363752696205844,5.238989236180023,22.330381132657482,23.762264163343193,0.33748156148538505
6234544.053659467,0.22347481077317313,5.237993477921075,22.376304801479943,23.754965200155475,20.77299772259278
6236355.951706018,0.22350374302307474,5.238844127920398,22.429605342438414,23.767273726178182,40.27882779572585
6238073.6857388895,0.22350013892574924,5.239517835182646,22.461103598715756,23.790048976260035,58.29288613652385
6239589.084457377,0.2234768670877674,5.239538204962851,22.483522763361044,23.81024383887712,74.58398910115822
6241255.360668957,0.22342487982361445,5.238898217955739,22.500689566141904,23.83686437118186,89.18868642793797
6242854.3518694565,0.22334118436911926,5.237652689343598,22.515369734584365,23.8619273208955,102.30755865904617
6244543.38311998,0.22325366023724277,5.235567180088359,22.52569560044805,23.88822572523999,114.18142152567864
6246165.956269771,0.2231751518844323,5.23351926935162,22.540406212416983,23.90555487573902,125.04745780320548
6246417.742320394,0.22317272403148508,5.233137473623233,22.543854025611424,23.90768446170364,135.13682859340224
6246322.802908858,0.22319612264842148,5.232886405053367,22.544064992430446,23.908533434022253,144.6072173867909
6245881.387521401,0.2232434811451346,5.232847171391837,22.541266743460447,23.908581466475166,153.61130930309025
6245433.647900347,0.22330049193679222,5.232792086200679,-337.4562855704296,23.908564166762492,162.27250319236558
6244429.749391612,0.22340420414437195,5.23237444885413,-337.4549607230874,23.90782365420072,170.71471210030936
6243095.425924668,0.22353811073750812,5.231214059426082,-337.4442527357019,23.903817371492398,179.03669492749017
6241810.073420918,0.2236596906944215,5.230858546620495,22.56715227233014,23.90192617591163,-172.65649722361212
6240600.610761326,0.22376067074359127,5.230781837321652,22.584317850819463,23.901344204487348,-164.26777336413886
6239395.902435988,0.22384663931580362,5.230148469270787,22.610549948189405,23.894942262652958,-155.68786985796757
6238136.307107141,0.22392800599568607,5.22994369902312,22.63447435033194,23.89211307426177,-146.80032752583847
6237840.470587058,0.22397566194704527,5.229531630455385,22.642526875734617,23.8841055899573,-137.45388208249668
6239956.871987255,0.22398469455548503,5.228812523655745,22.614104414587096,23.86226913295129,-127.4695683335682
6242560.175433582,0.22403805059383533,5.22835645505197,22.587062810522216,23.83252739812297,-116.71548618449151
6245425.044672681,0.22414534022649887,5.2284394995265,22.564040521870925,23.80065440342516,-104.99496351847604
6248526.089762133,0.2243091482007896,5.229206596367536,22.549701078258156,23.76664785670783,-92.07938618422624
6251849.076953815,0.22453742770137472,5.230469106409182,22.540975553524888,23.740019939013386,-77.72920044459087
6255426.428064112,0.2248168599513982,5.232334016186395,22.54544527167337,23.717750109634128,-61.73457677202384
6258949.437044881,0.22512493457992058,5.2331028992398005,22.561992537777286,23.7126781539384,-44.0146120746535
6262402.673763817,0.2254235489694893,5.2342140296558775,22.60597903932777,23.709912159483576,-24.73273798040314
6265453.256273823,0.22565691385879189,5.235177059472864,22.673322800550977,23.711148574254274,-4.416654751161199
6263836.859468894,0.22554832571850844,5.23424406130508,22.717164872586565,23.70534638149529,16.13432071802275
6263718.577109138,0.2254920765936412,5.234158264139157,22.75986547864223,23.704140921809866,35.95773977093513
6265271.371481089,0.2254681951433471,5.2349044443086425,22.801167494067947,23.72459611663583,54.34845083836346
6266638.458071616,0.225434057788555,5.235066450866093,22.820204834763583,23.749377639545422,71.03181148343874
6268168.288912201,0.22537310312890824,5.234428568008148,22.830280772287775,23.78318931800104,85.9896268029688
6269397.790452303,0.2252800526122628,5.233029079704485,22.833168074852153,23.814892282756055,99.40701704738994
6271079.069983721,0.2251957225810198,5.230887619992195,22.840721665326956,23.844389171526043,111.51215456228782
6272824.013683429,0.22510532874814906,5.2296777036863205,22.86427500521935,23.855475114679347,122.55145667368127
6273215.481195712,0.22510057664084948,5.228789414088752,22.867146802290378,23.860931436966474,132.76589111088595
6273256.675328586,0.22512349594321265,5.228984518528116,22.87195105835741,23.86015152874843,142.32008413575076
6273030.579211513,0.22515905632231403,5.229141148847639,22.873060644712265,23.85982608580346,151.37207944359034
6272508.433024801,0.22521864105934916,5.227405309989577,-337.1279082458831,23.8602711914392,160.0564064780017
6271707.593420258,0.2253061687545775,5.22674905782214,-337.12488693288714,23.859354646175305,168.48866294910812
6270611.55374218,0.22541675532784847,5.226410290797364,-337.1204234926458,23.858312086927597,176.77825323805016
6269366.047204973,0.22553638634961035,5.224757017845916,22.896875222479302,23.85030073813682,-174.9777091180094
6268247.068594679,0.225632218044435,5.224308433319722,22.915102099904857,23.847203483844293,-166.67911296392856
6267281.473591136,0.22570382894775579,5.2239249526284235,22.934125426345926,23.84359876799035,-158.2174896680199
6265816.174232475,0.22579934003038757,5.2232332273164985,22.96752751493113,23.83482249404053,-149.49140388425928
6264782.86229364,0.2258696966566572,5.2226713276789045,22.993416781066156,23.82491709196787,-140.3598391862531
6266695.534380464,0.22586252130554826,5.2223791025788255,22.9560973459294,23.817155106090027,-130.62794297846352
6269265.961739358,0.225898440847197,5.221820736723369,22.926863310734937,23.78951837650685,-120.17806179666091
6271982.536118552,0.2259765682855848,5.22174323188779,22.902284057411745,23.760181194681316,-108.8291059669205
6275035.703546692,0.22612350096274844,5.222249562296664,22.88256214870371,23.729253853736726,-96.35541727526865
6278320.994408993,0.2263318034455191,5.223277976048772,22.86864879385271,23.703022122784684,-82.51746824235252
6281472.2256003395,0.2265836568650885,5.224630913532071,22.86941006656659,23.683904938273173,-67.09216309905489
6285075.261414576,0.22688449048798065,5.225404124457235,22.87577601929703,23.677704070360722,-49.92851617709454
6288784.407046378,0.22720220785375284,5.226456421149859,22.90977000586058,23.67383957118606,-31.101286648887893
6292042.002990125,0.2274617797177945,5.226659225805067,22.967762881674833,23.67367873254231,-11.016332916547166
