Episode: 607
11880.144650145294,0.15313772230730818,0.12877807448484535,0.04100563416961569,0.01489327638810381,1.2375086536506594,3193.8238291240436,9170.005812590241,658.1634692395348
11881.813025087551,0.15300388069491647,0.1289573728617781,0.041008568269595515,0.014911585109889,1.5807785562240229,-88.59405749559126,10082.338850436066,831.1492742475
11883.460417859369,0.15286875125160004,0.1290961107893246,0.041005867415161476,0.014926903910144451,1.8949099643593568,-3369.8440553406313,10033.628929743067,925.2399204645398
11885.011499986202,0.1527195213649102,0.12919793470653088,0.04099479877605396,0.014948548496228106,2.1784733437412758,-6379.592363834752,9154.718043242281,943.1186684599658
11886.54878923802,0.15257153568753992,0.12927359456612778,0.04097525647007051,0.01496990627876604,2.4339213317342465,-8943.451589762699,7625.818245179934,894.4071000801657
11888.182664882526,0.15243048009152965,0.12934204683143552,0.04094920604449515,0.014987254177815483,2.665381619694969,-10967.790500811234,5630.944402120955,791.4243911787124
11889.458999814482,0.152304894796607,0.12936919839511418,0.04091407654478544,0.01500075892842835,2.8772930474418907,-12415.384221672188,3336.150647695766,646.6994896160938
11891.149056432805,0.1521529777165835,0.12940954036161068,0.040874535917569725,0.01500728710251717,3.0737892888881615,-13284.59341605959,883.3177562760153,471.83639807908077
11892.735513757652,0.1519970840797178,0.12940256142666914,0.040833401958888974,0.015006202510509077,3.25851011586857,-13594.898667969292,-1608.5699050456496,277.17340733565914
11894.257329784752,0.1518500575889962,0.1293925360309192,0.040879240234506294,0.015015756869032598,3.4346115635521874,-13378.038130361414,-4039.4540952403922,71.63897657445337
11895.8523977096,0.15169604562507463,0.12935929537430702,0.040919777275115955,0.015031872016941507,3.604863360415957,-12673.089152001457,-6323.9495988706585,-136.8086990325406
11897.406755902737,0.1515569349710753,0.12928922250294156,0.04096035640307137,0.015056568459535454,3.771756724309883,-11523.992830884867,-8387.51059194386,-340.73618778102934
11898.948011910945,0.15142577986045888,0.12920371249129042,0.04099504498916058,0.01508655434963388,3.9376207041364726,-9978.934469702665,-10163.295666953962,-533.2115248303376
11900.480905127833,0.15131550704684754,0.12909374435243767,0.0410241768472708,0.015121722688029356,4.104732801023593,-8090.853394802876,-11589.806409144883,-707.5819014642724
11902.001751498752,0.15122673937896194,0.12896739365950385,0.041042962337548915,0.015154283623748568,4.275427392537596,-5918.881983677241,-12609.257085260137,-857.2907008789219
11903.530001339628,0.1511873906133476,0.12882464630462329,0.04105750213039206,0.01519412945734218,4.452207234290437,-3530.699080939133,-13166.773344003786,-975.7679888842832
11905.195463713402,0.15118149423726418,0.12866837592951816,0.041062735392739864,0.015224746556053315,4.637854757878935,-1005.8003241408543,-13210.72922460504,-1056.3372396036004
11907.411352408797,0.15133505632887007,0.12851676218895855,0.04106190932261428,0.015262359652333435,4.835546481353204,1560.261600056544,-12694.536223225694,-1092.2463806355786
11909.444252958641,0.151527268586586,0.12844065751215716,0.04105488846739014,0.015292789430202161,5.048933912203836,4050.7546323381557,-11581.26895805641,-1076.8970534442153
11912.165654961911,0.15177310937603727,0.12838652222940755,0.04104277121250671,0.01531791606923421,5.2821450071556555,6322.701931128885,-9852.386100255557,-1004.3672212074736
11915.134378429151,0.15204278406847943,0.12840760391038472,0.04103207838282257,0.015330773691357111,5.539558876799315,8203.82324059858,-7522.117222328018,-870.5083350260646
11918.065913052373,0.15229440106646316,0.12852525820597294,0.04102487605408351,0.015335751710550303,5.825124786663635,9496.35127886939,-4659.454828375307,-674.8690355174226
11921.405857519141,0.15253085451310497,0.1287479795394518,0.041022083302489076,0.015336574172274669,6.140938820612821,9996.547709206052,-1415.1983356833337,-423.5467307235149
11924.536843567535,0.1526721437970105,0.12906916587414807,0.041011077162696724,0.0153361438134836,6.485030122538795,9539.46500732721,1957.9129911033756,-132.25852658289446
11927.352348667175,0.1526881720899851,0.1294417260905785,0.04099763757940988,0.015330514973826785,6.849275992463819,8066.922391553415,5117.50432391509,172.60170181998697
11929.268312630973,0.15264223473765587,0.12968340476564955,0.04096850782142933,0.015303020802387653,7.21959315976838,5686.594404282674,7699.57406441052,457.7113949397331
11931.10519827968,0.15255465172681262,0.12989142911816748,0.0409774043436642,0.0153210936053612,7.57981220475023,2669.0242023887236,9423.752276643661,691.861217490595
11932.742270798677,0.15243145123208668,0.1300563288603319,0.04097934296473517,0.015340003055398737,7.917116049597254,-632.0015019762116,10169.436110181648,854.499473876651
11934.212016422834,0.15229945643274465,0.1301760768749433,0.04097533663362614,0.015357567753762442,8.225045523182269,-3881.8024544560417,9975.26769985007,938.5070768407451
11935.855517143898,0.15217055836573823,0.13028256300267674,0.04096528503281123,0.01537523379104992,8.50289320376016,-6828.013643974061,8982.521035764485,947.7221449953933
11937.321364881374,0.15203467247737254,0.13035283455005847,0.04094425681270764,0.015396510033895451,8.75341323191224,-9311.943223569402,7372.516959799929,892.1744722606376
11938.971071182557,0.15190358390099265,0.1304268305505436,0.040916311945015126,0.015413779088024878,8.980765511729903,-11251.018617251051,5325.679635839343,784.1548612828533
11940.635193516175,0.15174861883587634,0.13046782322389705,0.040885517406693175,0.015424551485214197,9.189302660917738,-12614.922643783204,3003.0048125296266,635.9321981184981
11942.306995447461,0.15159186488459878,0.13049278263517994,0.04084798406049348,0.015429697889048593,9.38303660584472,-13405.943560430715,541.4617036004825,458.80933738338405
11943.837336409077,0.15144443718821865,0.13049183813191592,0.04082272463140608,0.015428395620632298,9.565486209683502,-13645.687748251285,-1944.1375609945737,262.832726470197
11945.434107749354,0.15129073519930863,0.13048336798859697,0.040869816321044354,0.015439339126916947,9.73970697328154,-13366.966298130375,-4357.17182842532,56.70886800733223
11946.679782402509,0.15116974555951848,0.1304610129734739,0.04091411445631945,0.015458043002243361,9.908384389225324,-12609.301849461543,-6615.007095693199,-151.7543477485315
11948.161656595285,0.15103230080461727,0.1304040314751954,0.04095428334923691,0.015483584825076207,10.073943500202192,-11416.783635588085,-8645.3421410019,-355.26314526002375
11949.509366133447,0.1509154057203694,0.13033173752725963,0.04098857476051171,0.015514348776453038,10.238661669013362,-9837.574199749055,-10383.220883680662,-546.9903726797962
11950.89120399563,0.15081236579448123,0.1302350646255686,0.041017146142459125,0.015550084477244135,10.404773542900706,-7924.512666607037,-11768.75577381957,-720.3740200711026
11952.064992527052,0.1507583836615556,0.13013248238275743,0.04103865396994945,0.01558882338130826,10.574577212446165,-5736.5990025084975,-12745.602262597911,-868.9456814080053
11953.579469929651,0.15072710842229317,0.12999063811905395,0.04105259415461419,0.01562895350429655,10.750544194184847,-3341.335283442167,-13260.294790584558,-986.198802406562
11955.237195838721,0.15075655404654884,0.12984086219050006,0.04105854561968186,0.01566719368102543,10.935429077362414,-817.975188834928,-13262.633000303926,-1065.515886413541
11957.339873348197,0.1509033153428335,0.12970013774082115,0.04105719025108101,0.015704846470933148,11.13237525542996,1738.274892071987,-12707.576615440703,-1100.199415989109
11959.525156594204,0.15110524755581117,0.12961852566178525,0.041048967022413764,0.015738432756915728,11.344997036755881,4211.289259844221,-11559.909607644458,-1083.697361389879
11962.21749495284,0.15134395725241742,0.12956399954216663,0.04103841031766469,0.015759651828126022,11.577372449732872,6459.121119383485,-9802.900275182215,-1010.1299816229197
11965.196715801781,0.15161230219113514,0.1295872865185883,0.04102673512147459,0.015773359671260794,11.833817550018116,8311.176443768829,-7452.623814508486,-875.3952535864248
11968.408360670688,0.1518818706263711,0.1297040710686223,0.04102265712283672,0.01577611169633993,12.11820839971281,9572.304308946115,-4579.565999001246,-679.0712072319087
11971.603436334715,0.1521049257044132,0.12992484294957352,0.04101756552927177,0.01577759631581,12.432576048347263,10042.395280574086,-1335.0761443390124,-427.2380201091615
11974.621977195187,0.15223863961982934,0.13023230013050577,0.041010383478198735,0.015777210453156564,12.774930808589259,9560.6475917339,2029.402233808949,-135.48916925028422
11977.40691537981,0.1522514409954992,0.13060066812375853,0.04099685236385986,0.0157714679801968,13.137236586571479,8072.112834043577,5175.144765287136,170.0392411218722
11979.699833906157,0.15219998225946238,0.1308831689600386,0.04096781453077663,0.01574387270084371,13.505609564049752,5685.029047128472,7743.197370627481,456.3139665430507
11981.620615361537,0.15210605254340234,0.13110063330427849,0.04097320441597009,0.015754788680867746,13.864101538154856,2667.5141176377783,9457.446568246489,692.2855865223394
11983.293263442241,0.15197884049870325,0.13126863179902262,0.04097518607533082,0.015774168132012614,14.200015472020405,-630.5299021865661,10199.092620107507,857.3644239763913
11984.867549255563,0.15183908973872273,0.13139606332517959,0.04097114486997307,0.01579198092500167,14.506883985593959,-3877.8756927063273,10006.23901886329,944.233316844782
11986.195271816061,0.15172783830586561,0.13148089667985038,0.04095984213963709,0.015811957024755286,14.783916050814156,-6824.245008977918,9018.54132718602,956.4491683535133
11987.866410165421,0.15159255101666222,0.13156810904215027,0.040939560302717205,0.015832582166626027,15.033769669930845,-9311.883314337003,7415.585541166942,903.785277879926
11989.476137121526,0.15144092512397153,0.13162311005396185,0.04091041618162686,0.01585072262303476,15.26052812103593,-11258.422890194732,5376.280377410239,798.3367367283532
11991.162715997127,0.15129302817473902,0.13167427695957634,0.04087820946220901,0.015862125340837533,15.468486139675717,-12633.432442943655,3060.4747485540274,652.2536792118915
11992.90862562103,0.15113921714815007,0.13171776583453826,0.040836922038733674,0.015867969972079125,15.661612453120126,-13439.011358851483,604.2368846355229,476.7651317406945
11994.61383716499,0.15097999852516467,0.13173402855720956,0.0408136837284136,0.015866884845669296,15.843392859460401,-13696.466447983692,-1878.4437234008885,281.84854454797403
11996.12971606868,0.15083489541263195,0.13173043685773075,0.04086100776444018,0.015877600894302023,16.01685413029505,-13438.230893734048,-4291.704118597955,76.1533685509849
11997.62647242604,0.15069200183934173,0.13169720335253707,0.04090274023416559,0.0158949035876845,16.184655630219552,-12703.365179264993,-6553.685308716186,-132.54508569208224
11999.230719549667,0.15054344504232842,0.1316371618530453,0.040942663802627066,0.015919876026689157,16.349194356374763,-11535.409227172935,-8592.908996196327,-336.9989203106594
12000.808064587873,0.15041401749118946,0.13154580832738008,0.04097725718898702,0.015950383742841797,16.51271294532362,-9981.807801016592,-10345.276980415105,-530.4404546142998
12002.383080576123,0.1503113048463667,0.13142680082833996,0.0410063327309013,0.015986027653320183,16.67740403330873,-8094.420864021597,-11751.811109877704,-706.3703721399687
12003.844621486642,0.1502592450187824,0.13129401724130058,0.04102817332984471,0.016024334361002132,16.845512856482216,-5930.933415366881,-12757.11723893585,-858.3892669842716
12005.414628603465,0.15025068322315366,0.1311446923818902,0.04104276048673609,0.016064603882153628,17.019442890849987,-3557.0682321714203,-13308.65229713572,-980.0657287778557
12007.17829216926,0.15028991405906814,0.13098611053276663,0.04104953181431719,0.01610409474957195,17.20186344457474,-1049.6487441190359,-13357.014020141223,-1064.8615814434693
12009.441779762717,0.1504573002351809,0.13083568389156555,0.04104892590149394,0.01613818368860362,17.39581426146248,1499.439369814742,-12857.574925279674,-1106.1276586267827
12011.615951486465,0.15065542157725278,0.13074866798632817,0.041042778869617096,0.01616586790373207,17.604790541491553,3978.468036128308,-11774.698605917467,-1097.2986528184642
12014.317843710589,0.15089565655519602,0.13068964663112564,0.041031571562289176,0.016189904726966273,17.832752128487947,6251.042367629595,-10089.606044148759,-1032.401091400687
12017.265507496402,0.15116111193064083,0.130703214548893,0.041023604491662105,0.01619986918945047,18.08394158895838,8152.926594091425,-7813.467120111636,-906.9902917746991
12020.435031741466,0.1514298299054034,0.13080684564151576,0.04102177487989071,0.01620120920739765,18.362306415066943,9494.75926357837,-5007.544591034004,-719.8902737280814
12023.744304397324,0.15166774007977743,0.13101321023068932,0.04101732893875807,0.016202718872359655,18.67024487674571,10078.487650302535,-1808.6825825440928,-475.8980586111204
12026.790174540694,0.15181334082101772,0.1313158405515331,0.04101483745882,0.016202630390691558,19.00656947853538,9736.737580197208,1549.7146591712237,-188.76603199314178
12029.739681395138,0.15185273329173132,0.13167915168361588,0.04099976877541751,0.016197196647801962,19.364393962814198,8395.643395334124,4743.767447430035,117.24280430442643
12031.926585337356,0.15174787879534915,0.13202629435593097,0.04097317998629085,0.01617462756715136,19.730826086748376,6135.365291822789,7416.112541794891,410.0445895247904
12033.628522868368,0.15164751897010995,0.13223843847040187,0.04097154547622135,0.0161714458855837,20.09012202164593,3199.0654700636082,9274.66512339866,657.80395968492
12035.378767980139,0.15152713646051358,0.13241547024068195,0.04097322359211199,0.01618195244692715,20.428891885278833,-73.62639000323962,10174.693436765314,837.7886793269968
12036.690753069586,0.15139681067526725,0.1325277857768034,0.04096996160385102,0.016200904098203156,20.739604638744456,-3346.3590301464083,10130.867177865828,940.3758381619673
12038.414749237552,0.15126966423385255,0.1326429562995961,0.04096053937832064,0.016219603704758955,21.02058943201298,-6355.827294116672,9268.859142057025,967.3704521690703
12040.034619116697,0.15112044580434164,0.1327234629529182,0.04094665328659794,0.016235019625610744,21.27399294208594,-8930.705769590304,7763.156714399064,927.5305383859506
12041.62662475307,0.15098019866008588,0.1327866031528482,0.040925909363000265,0.016249138454430656,21.50367973659096,-10977.972169660581,5792.974931779837,832.5449886934784
12042.995253331712,0.15085919561557862,0.1328283536141328,0.040890818360462475,0.016263121182823647,21.713893866294942,-12459.935788613855,3520.716804719362,694.5499033629404
12044.690456037719,0.15070505409684545,0.1328617118015803,0.04086367786258451,0.0162679806975902,21.90862805655545,-13374.047396849804,1085.4037705423284,524.860004909365
12046.327757776615,0.15054792779841095,0.13286159244770432,0.04084100218008107,0.016267729184874923,22.091418680093216,-13738.716133780908,-1396.3876458872278,333.580371300686
12047.996703066254,0.150389279575113,0.1328568347813426,0.04083912852320284,0.016267355716151306,22.265336695772394,-13584.524611182422,-3826.8385419802917,129.64962895085696
12049.499879997475,0.15024473618098477,0.1328354488015016,0.04088463132408678,0.016284399642032647,22.433067110832386,-12949.21485236207,-6122.773555888487,-79.06743225758294
12051.06812149916,0.15009936913412456,0.13278098050038523,0.04092638674961313,0.016308528050753567,22.597013587915672,-11875.11885978422,-8211.960263993438,-285.3942377098734
12052.489637245915,0.14998142431197461,0.13270228479197757,0.0409605654998039,0.016336557101669747,22.759403083793625,-10408.323452068227,-10030.048905408197,-482.53897941814114
12054.029275849238,0.14987498218614168,0.13259179930280268,0.040988817248539665,0.016368669321759753,22.922389331024842,-8598.975384768597,-11518.213273909892,-664.0218341420699
12055.61790059664,0.14979390901292078,0.13245791026259013,0.04101282420787154,0.01640717936097545,23.088153118596196,-6502.441878458219,-12621.49517723802,-823.5197562084542
12057.143918635926,0.14976851169672833,0.13231444782302362,0.04102942654477584,0.016447626939138368,23.25899999933945,-4181.266748530797,-13287.823839393563,-954.7051880988332
12058.869687258013,0.14979942335424326,0.13215639717425762,0.04103832751780856,0.016488335600796915,23.43746628235832,-1707.919652822203,-13467.99584303208,-1051.142588927811
12061.083708844346,0.1499431990846568,0.1319944235064763,0.04103941812510239,0.016522249321945834,23.626424356631823,831.5972264781748,-13116.885987037484,-1106.2636502167256
12063.429621090567,0.15013566681957757,0.13187613559126737,0.041033500860922334,0.016558187223849746,23.82917529518597,3333.2870164784244,-12196.77021157299,-1113.51892586529
12066.106607510317,0.15036679485788532,0.1317968521053771,0.04102180169272833,0.016587994753339837,24.04948349625492,5670.3772757042525,-10683.78478525409,-1066.7452121323774
12068.812706562136,0.15061653118261498,0.13179783853559526,0.0410210000351017,0.016589201331014658,24.291472462091527,7689.473369668954,-8578.968789026443,-960.8414562998236
12071.916973339672,0.15088564076613967,0.13187331452070516,0.04101407492576217,0.01659518068462638,24.559218240252648,9210.902967159916,-5925.75067614484,-793.3445776027602
12074.959766504697,0.15111960481255685,0.13205420829769407,0.041009782968514485,0.01659711465990117,24.855751890067047,10039.6670045016,-2833.683157581887,-566.7858223405823
12078.242377011402,0.15130825351886207,0.1323186359789427,0.04100472463235204,0.016597618974633185,25.181304016980274,9996.074082912046,498.0093548011262,-291.5511119822311
12081.313107085603,0.1513879135288271,0.13266778690447548,0.040995316431311095,0.016595333272122748,25.531112591247428,8970.897080870942,3775.0584897202493,11.792447326915177
12083.817044757237,0.15132928798758088,0.1330301718140775,0.04097078953532832,0.0165790462499778,25.894290592391183,6989.837440919568,6646.347477290808,313.4548556886486
12085.918892016416,0.15128125424443456,0.13325271844956763,0.040945569881668656,0.016543996508641058,26.255732924649305,4244.001477616716,8791.448673595463,580.6486670914626
12087.414510713827,0.1511659054769951,0.13342249490469701,0.04094878251902105,0.0165553117891394,26.600893327783417,1047.8364070066136,10013.848769080189,786.9505610090391
12088.897094224616,0.15103836659557796,0.13355677166616436,0.04094764073429482,0.0165736331717431,26.92016544179853,-2255.0900637827544,10278.172269933108,918.275800438229
12090.635327072818,0.15091598717497204,0.1336802918159721,0.040939329285330346,0.016595183113237006,27.21004041730624,-5375.364714989519,9678.52083910283,972.7729238300216
12092.28967667711,0.15078074843808828,0.1337744544888055,0.04092499676725633,0.016614292685151768,27.47154827074803,-8112.65861194424,8377.091955242397,957.1042969218651
12094.07106783946,0.15064559436621017,0.13386215699175527,0.04091174377734032,0.0166249723149831,27.70807354072391,-10350.545668875657,6553.129526007542,882.0751707368794
12095.856927402927,0.1505016156080308,0.13393260470830368,0.04088720725818047,0.016636960932016786,27.92376168458713,-12035.174681556296,4374.548502531235,759.6638491963151
12097.575351144114,0.150354377766514,0.1339821229062869,0.04086103630146361,0.016643590127637078,28.122675168454265,-13153.742643839785,1987.2710016286283,601.4256627644737
12099.119050199084,0.15020830112971162,0.13399170185729126,0.0408453488603969,0.01664446711900277,28.308469540729156,-13718.420788525833,-485.7720161258554,417.801335247617
12100.564321876845,0.15007280743574855,0.13399637247826565,0.040842433415685234,0.016644088416720576,28.484333965676882,-13755.989256418256,-2941.665452023815,218.04638074227967
12102.22319037556,0.14991553083550693,0.13397044208642336,0.040881656073489814,0.016655995847316307,28.653046011542834,-13301.687804460593,-5293.499683143463,10.311741544724583
12103.750304508516,0.14977368008369066,0.1339236632681245,0.04092506654849969,0.016677552977857474,28.817066430867936,-12395.909441631135,-7466.496710660833,-198.05367588732554
12104.85273254139,0.14968095183038765,0.133866313071448,0.04096401954150083,0.016705565722156007,28.97863715419435,-11082.849831716287,-9394.707305048727,-400.1826028625469
12105.943268103525,0.14960518765217828,0.1337894532591496,0.04099742827267296,0.01673892145919645,29.139887412280853,-9410.37173667439,-11018.478541124285,-589.5757671748298
12107.09913246237,0.1495522793579552,0.13368920922820246,0.04102051456391633,0.01677096210191431,29.302932814785514,-7430.796239722299,-12282.570719165851,-759.9239889236385
12108.190631741409,0.14951834433982814,0.13358978963816637,0.04103984607727485,0.01681001766478087,29.46997080203205,-5202.510524313673,-13134.918907224877,-904.9814716299481
12109.436663496022,0.14953506464795022,0.1334726089283313,0.04105209389439652,0.016851096016468687,29.643378089927527,-2792.2830310524323,-13526.155077400157,-1018.4534907009682
12110.527470419365,0.14959702133118244,0.13338485471383899,0.04105665216019394,0.016891518424678093,29.825813509334303,-278.4186614954931,-13410.21126806075,-1093.9069910930934
12112.865443952733,0.14977216828684453,0.13324231880656567,0.041054275334989176,0.016922930127327936,30.020320567692984,2245.3242560883205,-12746.455575321603,-1124.8058606285726
12115.40107816258,0.14998284126868172,0.1331404339464643,0.0410469504862094,0.016948685201772583,30.230398788013733,4665.103228858518,-11504.409396517383,-1104.7552768743988
12118.18075837551,0.15022762335469214,0.13309479517460077,0.041040325562956524,0.016960946001618047,30.45997475172902,6842.48993671263,-9672.293186631021,-1028.0456147652062
12121.101261032525,0.15048470807622402,0.13312401122174333,0.04103283979783602,0.016969207098135528,30.713177525731354,8612.361422218999,-7270.910973493482,-890.738361923344
12124.11671929007,0.15073232992199062,0.1332471521962567,0.04103242985395136,0.01696947022564729,30.99367725478474,9787.632508653303,-4374.18425827391,-692.5140711846537
12127.304010976368,0.1509463773866249,0.13346377497253464,0.041027866368313376,0.016970689043182306,31.303344950772093,10178.747773965531,-1133.6223983933617,-439.36706313289034
12130.65647893635,0.15109223708117234,0.1337812448300588,0.04103401630468206,0.016970884987201767,31.640207055198807,9636.070231290338,2204.739038376626,-146.41538601874524
12133.50802517865,0.15110316533464366,0.13414685311577623,0.04102236522972038,0.01696573176955678,31.99655773391014,8112.2550969959675,5313.816910179437,161.02731985227678
12135.261611437107,0.15100426271073147,0.1344216432475402,0.04099458797356554,0.016938955403534357,32.35912795683532,5715.12260137024,7849.165923856307,450.8172080767614
12137.197269908711,0.15091561276684257,0.1346331601983186,0.04099955424897893,0.016949036149501814,32.71259540066066,2704.043146444083,9545.725958051005,692.4420559437366
12138.901356846569,0.1507884111768561,0.13480118812260053,0.04100154554159895,0.016967903957374065,33.04456718360744,-583.14542995634,10288.068958486481,865.1464721531684
12140.618840402902,0.15066921553826082,0.13493506573825217,0.04099759713221254,0.016985875123006703,33.34849804307089,-3824.9569535701007,10111.147362377962,960.8982935803236
12142.051357384491,0.15055252377813025,0.13502572657605716,0.040988767060055546,0.017001793286032872,33.623315789827,-6776.436780482747,9148.822757124277,982.3554799160454
12143.473537885733,0.15043371036873585,0.13509733160327134,0.040974384758090295,0.017016723163374523,33.87137614873392,-9281.628703016188,7575.092658833023,938.5027482867525
12145.056931691332,0.15030724300024167,0.13516549130228628,0.04094849531375802,0.0170332950886403,34.09652048498073,-11258.103166025061,5564.504599409889,840.8953352255605
12146.505813035583,0.1501894890549342,0.1352175145754576,0.04092633927989755,0.017041488018426164,34.30286916086852,-12674.580960150937,3273.615312321981,701.3199795806469
12148.265087839309,0.15003395673225792,0.13525553428883133,0.04091274046242064,0.017043617726613385,34.49427057480116,-13532.012904643734,835.884323927627,530.7080363976683
12149.97357481988,0.14987650625257895,0.13527063910086984,0.04091116217623894,0.017043553238499695,34.674123708562604,-13850.499396910142,-1636.9298015104043,338.85162089284086
12151.675404093927,0.14971603467767958,0.13526277144338666,0.04092646431132878,0.01704668879292224,34.84538073981112,-13661.200558250272,-4051.062106535228,134.42940119288224
12152.963146334432,0.1495941469481401,0.13523921426658714,0.04097205461038576,0.017064414285161398,35.01062437179824,-13001.753072354923,-6326.742385699969,-74.85211879575496
12154.03131806616,0.14949821176093714,0.1351971930127115,0.04101303036290776,0.0170886409135746,35.17216748527343,-11913.991317496015,-8394.650111478935,-281.94883333105577
12154.806757536615,0.14944472539174786,0.13514153312624524,0.04104773340442178,0.017117543730047813,35.33215478397138,-10443.185205499678,-10193.021783847202,-480.2273772269575
12155.518198839536,0.14940170439969175,0.13508638767583211,0.041076031817201764,0.017150046077978494,35.49266061651353,-8638.372832745828,-11665.430978934824,-663.3565950520905
12156.313347649326,0.14937315289758213,0.13501468535878933,0.04109445280439627,0.017179763242742667,35.65578340295499,-6553.4478520759085,-12759.209704345018,-825.1290891994033
12156.776936426646,0.14938579787738807,0.1349679519421954,0.041108915149350285,0.01721497957471256,35.82373904025509,-4249.001923664007,-13424.478372774674,-959.3440656518738
12157.57758953642,0.14940657888784425,0.1348954902565951,0.04111536975974845,0.01724403564512573,35.99895984742086,-1794.8942522099035,-13614.124963599614,-1059.7036338328467
12158.968008680149,0.14949578419551363,0.13479380071960131,0.041116909989111376,0.01728384180878968,36.18420027558375,726.4159096650092,-13284.852231259001,-1119.8023201636904
12161.356990476146,0.14967493368483706,0.13466276499253566,0.04111216496406749,0.017314720278864496,36.38262251283377,3215.687560724621,-12400.026915914208,-1133.1964373297421
12163.976360340552,0.1498951547791789,0.13457802965586205,0.04110413953492035,0.017336145204913934,36.597845412797,5552.26669361971,-10935.544676136165,-1093.6786330866312
12166.6516561632,0.15013240567060343,0.1345613400630051,0.0410976320082365,0.017346024424338094,36.83386634459976,7590.205281908667,-8889.902691584823,-996.0096307115099
12169.758909015065,0.15039900419093263,0.1346211713866304,0.04109558452282552,0.01734790763963034,37.09472356217327,9157.913717497657,-6300.065185072064,-837.2168969526497
12172.855522498634,0.15063701675477387,0.13476847004403295,0.04109119210448038,0.017350084902749755,37.38364471023796,10066.871214660303,-3263.5651581918214,-618.7607378931883
12175.860668555804,0.1508131590267379,0.13502309229020854,0.04108639047561501,0.017350782446200863,37.70145729035179,10137.812748344366,38.14583934892303,-349.35834029779556
12178.913934111115,0.1509115348943412,0.13534016989842748,0.04108225338324289,0.017349914449850283,38.04447615222709,9250.488267802633,3330.422428527081,-47.44219563385502
12181.723764017801,0.15089321429418717,0.13569524512494086,0.04106315981920039,0.01733866914057786,38.40307531388237,7406.491549067354,6274.305441587269,258.9627116446046
12182.351481341142,0.15076039584416603,0.13587132070411845,0.041036767781736275,0.01730618076288137,38.762903668071786,4767.442616081027,8544.504690030019,537.3310691995376
12184.3079670536,0.15066028942126186,0.13607365830843784,0.04103870332401969,0.017311584804939037,39.10919621883292,1626.8774349328842,9923.33761325101,759.661229414551
12186.097126064311,0.15054678220868117,0.1362304378127839,0.04103865136402476,0.017321439666692435,39.43137638809244,-1676.0828351732964,10349.275826687048,909.3092347279894
12187.812378358765,0.15042036756508156,0.1363552855382521,0.04103497344272904,0.01733265413340519,39.72483612230153,-4843.4398683680865,9896.298932889371,982.036709461549
12189.568012709262,0.15029376699059827,0.13646142753830545,0.04102300309940308,0.017350379156728254,39.989818799073504,-7661.598988737284,8716.168596571777,982.9401946164132
12191.361783871644,0.15016246354185137,0.13655320427017303,0.04100964233097056,0.017362215800813527,40.2292885242666,-10002.008050414232,6985.103328381392,922.05587832119
12193.15135958593,0.15002097066126893,0.1366265004506305,0.04098367170409706,0.017376353838150452,40.44722632238075,-11801.824454635476,4871.860898547933,811.0860980434521
12194.930263367049,0.14987098182476621,0.13668029500335344,0.040959795770788766,0.01738347876009494,40.647664615238824,-13042.258016377671,2524.573031646567,661.5614410081181
12196.542919988506,0.14972091127884302,0.136696073242708,0.04095305409881448,0.01738411868021629,40.83428280579936,-13731.655822410841,68.41494373035226,483.98705549461727
12198.296423862641,0.14956039528992435,0.13671270707928462,0.040970947201951324,0.017385583855767495,41.01030503671493,-13894.31239488726,-2391.9834809460544,287.68768263292304
12200.00641858678,0.14939922043905254,0.13670266072646176,0.04098999919705029,0.017390525514669523,41.17853286768184,-13563.672805591752,-4768.669937167255,80.98380153368971
12201.132510922484,0.14929811460431136,0.13665977548966898,0.04102654417616686,0.01740682325548317,41.34142696059604,-12778.537558781945,-6986.4355398300595,-128.64663783213
12201.698316634804,0.14925400742217046,0.13662485168399408,0.041058436044793915,0.01742774433558009,41.50120808114375,-11581.41939803747,-8979.49004367575,-334.3568127706433
12202.176494579844,0.14922261215492968,0.1365894590210297,0.04108381872916973,0.01745090109421386,41.65995811281973,-10018.145460560278,-10688.878153321535,-529.6838834224862
12202.482656708045,0.14922265022720727,0.13655339545328324,0.04110223445992051,0.017474036861902333,41.819713655686826,-8138.325189706226,-12060.417994351035,-708.4145672452609
12202.582229894331,0.1492382023714061,0.13653767097814795,0.041122571666936315,0.017510294922329816,41.98255726305296,-5996.652379739632,-13043.289533087689,-864.4678407044914
12203.137317298651,0.14923275659327853,0.13648598206066676,0.04113484200809614,0.01754432522627446,42.150711675681784,-3654.843112069208,-13589.394335992976,-991.7350151838955
12204.05819962406,0.1492658073770175,0.1364056373749246,0.04114087436204053,0.017578554912971788,42.32663826797003,-1184.3019941910761,-13653.424557123293,-1083.9606441974163
12205.43234520475,0.1493638558951169,0.13631329166819228,0.04114070873444407,0.017605588292213904,42.513130862347175,1330.3458515667555,-13194.200145944002,-1134.7528923703276
12207.928811192069,0.14956197187473486,0.13619235436602847,0.04113658902617721,0.01762605212222784,42.71340642022285,3787.0733910670933,-12178.040808998338,-1137.7071356043384
12210.649189843076,0.14979461429180588,0.1361203923547532,0.04113002910256245,0.017641283912108816,42.93113449400808,6061.948562231075,-10585.227239794862,-1086.799264087796
12213.614240680081,0.15005336699760619,0.1361134015409935,0.04112463728556175,0.017648627788349462,43.17032498561048,8005.72538771761,-8420.937184802875,-977.1530638166081
12216.779091615708,0.15031664975955933,0.13618298391906974,0.04112300158825093,0.017649977823007534,43.434921195669524,9444.731555571863,-5732.081158023143,-806.4543942305548
12220.093813231324,0.1505607727496574,0.13635810573725432,0.0411233417130546,0.017649809129785473,43.72783779437711,10192.016916622959,-2629.83025321398,-577.2250997098549
12223.47902369403,0.1507465288998057,0.13663017645987918,0.04112364066740668,0.017649693069498606,44.04926444236539,10077.277683943385,688.5377817584117,-299.69153744833517
12226.600488334416,0.15082351598281463,0.1369728784792843,0.04112045195776075,0.017648755113811025,44.39456628156112,8999.733622186583,3935.5749001845325,6.009080045779534
12229.19250348256,0.15076822738064483,0.13732860165960564,0.041097469607750535,0.017633102947217056,44.75319112650439,6989.038607551722,6771.092117180444,310.6939961803466
12231.345287471166,0.1507279154537685,0.1375440618870098,0.04108687188927594,0.01761800470505122,45.11046000690246,4233.505456927721,8885.856256138635,582.1757299541772
12233.255946593023,0.1506262669989908,0.1377346905449757,0.0410906642619891,0.017631557677935512,45.45211770283057,1039.6703091423653,10090.38530046376,794.1670449684214
12235.078342671044,0.15050362777166382,0.13788935860865492,0.04108992935118394,0.01764319203458633,45.76859531107689,-2257.7258897638235,10350.739846723434,932.1533148480287
12236.882878827024,0.15037501465670416,0.13801540992765507,0.041085207250086096,0.017655452255216315,46.05622899748793,-5375.892527235116,9758.637700028088,993.6860155719215
12238.702628208688,0.15024415211856013,0.13812168261417565,0.04106855399325948,0.01767788639526737,46.315838425681214,-8118.3638102577315,8472.538628821389,984.9098130736794
12240.401871119746,0.15009943758443411,0.13819538429860093,0.041058709831436814,0.017685905845874664,46.550619180510914,-10370.527738474142,6667.97857015232,916.212699730643
12242.191149641358,0.14995702021653823,0.13826504517691154,0.04104280737208078,0.017693817260295418,46.764578558118764,-12079.16488882511,4509.645514074651,799.2266183715897
12243.795944570615,0.14981878205109375,0.13830729138356293,0.04103114101022957,0.017696875377460623,46.96167929077045,-13231.48955666864,2140.704034185759,645.2715372336862
12245.519955686908,0.14966023483840063,0.1383243441720983,0.04103813353204709,0.017696370388657255,47.14550326021943,-13839.316287967362,-318.4063239537261,464.60568368843275
12247.245752025416,0.14950015217003781,0.13832672631891188,0.04105826052076033,0.01769856642137937,47.31917916533994,-13928.789907851535,-2767.1286287760313,266.3446787801519
12248.934186976954,0.14934194255544517,0.1383032749022326,0.04107690916271779,0.01770389794038753,47.48542425813358,-13534.236174128688,-5120.850033644127,58.63740675261673
12248.994981112735,0.14933314831414662,0.13831198551616372,0.0411016583321086,0.017715615843348787,47.6466252625721,-12694.870248206826,-7307.0246838583,-151.16959629087717
12249.067994868301,0.1493225353962379,0.13831591358287976,0.04112772116734022,0.01773351494447513,47.804945084337724,-11453.308904307525,-9262.078337377232,-356.35634040230946
12249.329401646457,0.14928747785258603,0.1383153635759693,0.04114992337987527,0.01775459336083554,47.96242597640994,-9855.25968227887,-10928.985668863439,-550.6075077217822
12249.394496858398,0.14927864232794497,0.13831356217120638,0.04116724849210561,0.017777214642186717,48.12107078159572,-7950.143328872407,-12255.189523617093,-727.825547105255
12249.381744345215,0.14928572211078542,0.13831265710795446,0.04118196894936049,0.017804575074334385,48.282934032487226,-5792.406634499226,-13191.27796137047,-881.9983463962512
12249.710849876661,0.14929645266182517,0.13828089471713953,0.04118956962682138,0.017826800341950808,48.45021675355022,-3443.498170232744,-13690.420070905377,-1007.0605107207364
12249.892263444888,0.14930684900151003,0.1382661208855151,0.041193559162783555,0.01785172940807526,48.62536093574149,-974.5940539680882,-13708.596590562542,-1096.82614643231
12250.925136408594,0.14938309174553943,0.13819932418844283,0.04119300329743993,0.017877831786710055,48.811145132886374,1529.9928785609395,-13205.971674533082,-1145.0020542944924
12253.109793164376,0.1495736746440498,0.13810834783087242,0.0411904796393621,0.017889536286580063,49.01077262885432,3968.6880145361283,-12150.212048404941,-1145.2517194543016
12255.782964852824,0.14979483935939256,0.13803386628622275,0.04118557438349992,0.01790051941562465,49.227902306098244,6218.200883094089,-10523.08733517843,-1091.6182885652595
12258.400586165833,0.1500312995121994,0.13804765169425737,0.04118423113220399,0.017902328256396274,49.46652735103175,8130.244789203557,-8331.412265236562,-979.321171437721
12261.58521638565,0.1502956891197139,0.13812756134723012,0.04118739554466996,0.017899833565550343,49.73056936529601,9532.611434738667,-5623.7613652147365,-806.1463242655329
12264.980365897492,0.15054168258021738,0.13830252747461477,0.041192449845960225,0.017897716901449014,50.022914816055376,10240.600014535312,-2512.8025395911127,-574.7430458398588
12268.367552910871,0.15072538469285843,0.1385638121116148,0.04119161219701611,0.017897706462161357,50.343712109383105,10087.056495063087,803.3067836140799,-295.48737014257955
12271.470348392666,0.15079942084665207,0.138899832299526,0.041184740473624075,0.01789580786788218,50.6882798245491,8974.996384182836,4037.578329287336,11.366529410953989
12274.164006194329,0.15074440982363163,0.13925957650107804,0.041172517717105166,0.017887198108383406,51.046040813782035,6937.652163652818,6852.172228722933,316.69021900911855
12274.367272112695,0.15060512009517618,0.13939027829770476,0.04115457800053779,0.01786132565070048,51.40232498733715,4165.484413193679,8941.775099201286,588.3720462316766
12276.239952516808,0.15050269049972814,0.13957650262422683,0.04115598043072012,0.01786636937964288,51.74293960534922,964.849621045736,10121.323947866395,800.240202248314
12277.961905439824,0.15037810896766002,0.13972321205432386,0.04115527214441485,0.01787643789070308,52.058388796994436,-2331.681311960581,10360.312328712407,938.0157882764619
12279.766536902142,0.15026592923891857,0.13984842801849673,0.04115062898164478,0.017888277979063744,52.345044590368175,-5444.225482378582,9752.161417073496,999.4029527860098
12281.550433174445,0.1501363818796896,0.13995106454895637,0.04114342638758961,0.017897817085357277,52.60373227792581,-8179.041077440427,8455.599835621104,990.5527560929993
12283.34634272492,0.14999599259884694,0.14003438923942593,0.04113310555218581,0.01790615474965352,52.837640844304666,-10423.629395668964,6645.550429664884,921.8537851645627
12285.18534642588,0.14985029814889472,0.1401053207197724,0.041126723502406766,0.017909275166720848,53.05075780666107,-12126.23363108888,4485.696572927915,804.9277499994741
12286.781117978091,0.14971302634606884,0.14014629701718043,0.04112742342346812,0.01790906028813692,53.24702707066129,-13274.986822049457,2118.072035984898,651.0167450737624
12288.454623905978,0.14956732753802535,0.1401798666442768,0.041147494897978525,0.017907688826170654,53.43001057640565,-13882.268544168503,-337.9982518604833,470.3302797887619
12290.21730829482,0.14940489491551995,0.1401847628790468,0.04116461019857299,0.017909569368818663,53.602818246682965,-13974.482060570715,-2783.0504777630304,271.97564202970995
12291.33330528244,0.1493007140669665,0.14016879139662974,0.04118673925900557,0.017915899027890567,53.768145724506205,-13585.966558883736,-5133.4819358800205,64.07610862212074
12291.40937341066,0.14928744826563528,0.14018783028125636,0.04120933847679675,0.01792657204061589,53.928360598235294,-12755.80609089446,-7317.753029805977,-146.0787859026064
12291.161872265207,0.14930491068122953,0.14020574644247571,0.04123182623164661,0.01794194927380427,54.085605082425744,-11526.301191421519,-9273.288645760847,-351.81198524959365
12291.036491768005,0.14930693908212464,0.14022145241253448,0.041250802902876145,0.017959852145152378,54.241894940011555,-9942.647394536642,-10943.990744444722,-546.8668156867384
12290.902655164102,0.149292871589697,0.14024623053914995,0.04126682699673007,0.017980585884323243,54.39920468228437,-8053.566905411312,-12278.296460428472,-725.2264607724117
12290.756417188131,0.1493143670758945,0.1402537381935111,0.041282250094749916,0.018008861005389457,54.55955379215249,-5912.511699167206,-13227.750479721219,-880.9744990949606
12290.767537554975,0.1493321663684584,0.1402511481921725,0.041292660208614475,0.018038596595274757,54.725099392055576,-3579.5848038569243,-13746.381424156372,-1008.1549752062049
12290.596253859954,0.14934039724333809,0.14026836614986565,0.04129730939683422,0.018066029212828433,54.898228647334214,-1124.189495455828,-13790.936686542294,-1100.674282033081
12290.942069455468,0.14939023904899423,0.14025504385448292,0.04129716383152647,0.018081566681409603,55.08165473158465,1371.7158024965288,-13322.075177139322,-1152.275266696638
12293.125910056691,0.14957855661172617,0.14016055738765626,0.04129436279845329,0.018095477291080544,55.27851399210599,3809.6547886258204,-12307.351535144231,-1156.6746608790675
12295.640059989077,0.1497991269318599,0.14010143494981414,0.04128892103061856,0.018108229418676153,55.49240014201587,6070.175328660173,-10727.344748089154,-1107.9333124490188
12298.591087606294,0.15005389658370286,0.14009150842082907,0.041283332410618614,0.018115951752824638,55.727272931825766,8009.37556058732,-8585.958123716879,-1001.1436747850738
12301.351759777453,0.1502914811402095,0.14017925131397013,0.04128479072572697,0.018114753838615112,55.9870990804149,9459.2392499315,-5926.238616807763,-833.7252349780883
12304.739179281809,0.15053982520363732,0.14034246827837335,0.04128824804356441,0.01811318447642096,56.2749801130086,10237.332960910713,-2851.9530562549685,-607.6008264649039
12308.167200369315,0.15073201723532054,0.14059674489066087,0.04129173832689767,0.01811268897669215,56.591547315460645,10173.981720280264,450.49139317446617,-332.0282266597932
12311.432380242477,0.1508235373437901,0.14093322711813044,0.041288742049536635,0.018111889096090527,56.93285999316278,9161.968131627824,3705.280067548597,-25.961169427907713
12314.131658624352,0.1507799113725174,0.1412894748615523,0.041273722279466706,0.018102216839458812,57.28908371511895,7217.0263458517775,6578.972827953438,282.3625808851867
12314.248312166892,0.1506418269624384,0.141417806823378,0.04125621044775207,0.01807899304575329,57.64584929621222,4511.226849085464,8759.104344017993,560.7557579509381
12316.237604783115,0.1505436718376754,0.14161414685526208,0.041255676408419206,0.018077077908419514,57.98860105819112,1340.3643501423646,10044.313501844681,781.8964742097643
12317.723732620063,0.15042212334073177,0.14174684238433397,0.04125544928239418,0.018083598254014295,58.30707571175571,-1962.3636420580156,10386.91675934957,929.8938077448034
12319.510172365703,0.15029761644569584,0.14187256610191082,0.04125209844276348,0.018093015180591362,58.59691366586975,-5109.110948318122,9868.804670303274,1001.1276283247986
12321.325358591128,0.15017233216051226,0.14197991475702698,0.041246558638120746,0.018100805516869305,58.85847848624615,-7896.561457566019,8643.910935492273,1000.9622750545631
12322.970069409135,0.15003354267700322,0.14205241342760283,0.04123878563716318,0.018107426160909722,59.09475182020854,-10204.336113803694,6886.868367038052,939.4664249808791
12324.700626820691,0.149882756950099,0.14210881731360606,0.04123315938835731,0.01811034918917014,59.30967538466562,-11975.290417057635,4763.059651829227,828.2251494019158
12326.479872180997,0.1497302363332924,0.14215550389685672,0.041234883819505096,0.01810982168833371,59.507222696178545,-13194.287944429016,2416.6830954115258,678.572032245652
12328.225056802155,0.14957219643399267,0.14217654729554044,0.04125915331149088,0.018107617555767595,59.69100676875955,-13871.808740269298,-31.023724116953062,500.8275716835616
12330.022961457355,0.1494103983509328,0.14219699196047272,0.04127939822369638,0.0181093960413096,59.86418587569973,-14033.17670108738,-2479.1642472337135,304.2060208086001
12331.581741358708,0.14926531067304355,0.1421778649573066,0.04130220719436972,0.01811538609849516,60.02949361751375,-13712.048506969835,-4843.252984701575,96.92117076520194
12331.523797739672,0.14926672090291235,0.14219457538177052,0.04132329440972799,0.018124782593041917,60.18931893868704,-12946.902265220693,-7051.285441083253,-113.67657028852867
12331.406257261226,0.14926935362293722,0.14221399269867172,0.04134661169718341,0.018139966858374903,60.345809339364244,-11779.41297471292,-9040.592375564105,-320.8935768543896
12331.41859647344,0.1492576360912289,0.14222554225093514,0.041369722469925645,0.018160768174129455,60.500972148728,-10253.946639507347,-10755.3173101189,-518.50830292629
12331.285506124765,0.1492586783513012,0.14224076604787556,0.04138775163227557,0.01818293823643148,60.656754708659946,-8418.042207078386,-12144.295126553463,-700.5522821319599
12330.942055918913,0.1492603751064815,0.14227584583396416,0.04140057120304133,0.018205019605289623,60.815130853872894,-6323.562411375877,-13159.652016305517,-861.1544965396622
12330.805198349886,0.14927461118200488,0.14228701129822993,0.04140892921710876,0.018226848476545016,60.97819209251238,-4028.395638752653,-13756.015032451647,-994.4293064288681
12330.573173023855,0.1492972492533744,0.14231051555217492,0.04141243339525415,0.018244158949991877,61.148239127997435,-1598.872113956722,-13890.461658138924,-1094.3765895525175
12330.716752592576,0.149322649980121,0.14230578238509978,0.04141273115795441,0.01825561820188409,61.327877593110436,887.1209557752018,-13523.55778744379,-1154.8502677341637
12333.112375193894,0.14950137604499236,0.14217724186218186,0.041412119197754345,0.018259519555400863,61.5201167309376,3336.4360197923847,-12621.750197583555,-1169.6261161718019
12335.8095073147,0.14972508123851339,0.14209116471486713,0.041409239259128455,0.01826721943861712,61.72842327355695,5636.244879383986,-11162.55572408988,-1132.7031732460803
12338.679852431396,0.1499669381151045,0.14205862028356173,0.04140796830270164,0.018269210920290452,61.95666808516813,7650.197697675928,-9143.674062879947,-1038.8961403079031
12341.815888138499,0.1502282235781133,0.14210457181784963,0.041407778819320853,0.018269412088026914,62.20886742360808,9217.519036437541,-6597.076477304969,-884.9505858206408
12344.920494540856,0.15046446443733347,0.14224478371276522,0.041408545659196036,0.01826899819306918,62.48846629723855,10159.574378137086,-3609.1573540592,-671.4858938727917
12348.347154021385,0.15067145986032307,0.14247780872604932,0.041410994207808145,0.018268461354929145,62.796935436240645,10301.671256220568,-343.31649390635687,-405.6565520535445
12351.644885554382,0.1507890732721585,0.1427922043455757,0.04140401320172177,0.018267416988422373,63.13173374076711,9516.821340750193,2947.538914381924,-103.8282467217407
12354.551428878603,0.150780972702302,0.14314908630351952,0.04139801591449888,0.018264118923868807,63.484591305204155,7785.578776304093,5940.830358617292,207.90937433745424
12353.837472065925,0.15061847507740034,0.14324165908723654,0.04138490432867756,0.01824947499528876,63.842007004782985,5240.560844688358,8311.840277057248,497.71265861464167
12355.865354281377,0.1505206913647633,0.1434508761684967,0.04137717317056016,0.018230160242552737,64.18898312511855,2152.063401694493,9826.020700527462,736.186064440988
12357.759566476328,0.15041577834332406,0.1436143565405299,0.041377229478267774,0.01823138133340521,64.51384079254119,-1148.6108471156815,10397.655985900077,904.1824837042842
12359.341904684565,0.150298943120685,0.14373107007734823,0.04137604524271131,0.018235557839922076,64.81068763297831,-4357.716642422099,10081.089956628857,995.1967484292669
12361.137055581337,0.15017594806167728,0.14384107155591583,0.04137411214605906,0.018238611006342758,65.07883409292695,-7250.523000439693,9017.497356552456,1012.7313238303767
12363.004806154066,0.15004384348749666,0.1439379585383699,0.041373266730213444,0.01823934999868883,65.32075477751916,-9688.088664858966,7379.650327590679,966.0243232098026
12364.863756289875,0.14990156797694226,0.14401601473672695,0.04137015962870613,0.01824116174816598,65.54024665416544,-11600.10522514299,5336.495766664161,866.5135078505957
12366.638909120418,0.14974640614872237,0.14406130210085724,0.04137440111324937,0.01823967110822301,65.74131803778948,-12963.06557774738,3037.4269019557805,725.7112794375151
12368.29029926928,0.1496054333421807,0.14409887699239998,0.04138413068701434,0.01823830206397856,65.92768431870074,-13782.51950944432,608.6737769293367,554.2519798540269
12369.943707469907,0.14945363217370974,0.14410396265861378,0.041407491372714746,0.018239287734098567,66.10261109328572,-14080.954389302395,-1844.7846012379812,361.6176749271934
12371.601040266405,0.14929986820032665,0.1440887002865101,0.04141772085958143,0.018241488294766215,66.26892728631428,-13890.351510043,-4235.454788832081,156.23559919771205
12371.467112463586,0.14930898402558243,0.14410901352814573,0.041434907256698884,0.018248264572820364,66.42908761201633,-13248.103272064562,-6489.262809965067,-54.36565968265084
12371.092924467051,0.14932941099141098,0.14415208733216958,0.041454734637751595,0.01825997971263647,66.58527607736026,-12194.927405899482,-8542.237262437273,-263.4146099990604
12370.587006227328,0.14935948865925947,0.14419390405458501,0.04147369717480714,0.018275588450080513,66.7395081575675,-10774.070560128768,-10337.834845422734,-464.6459174389968
12370.42619474302,0.14936126418981255,0.14421274673525003,0.0414860702704315,0.01828946320694915,66.89371553059213,-9031.536093445471,-11824.70578421262,-652.0977070780134
12370.230765216036,0.14936343650346812,0.14423278296281322,0.04149796951667864,0.018307894096862294,67.04983032264552,-7017.046675133172,-12955.111598328056,-819.9738573782579
12369.741349530901,0.1493811832306029,0.14427654767529532,0.04150857704643124,0.018331940903745937,67.20986698276108,-4785.592117257931,-13683.894222516574,-962.5214243079548
12369.476567835867,0.14938365634486597,0.1443013037473583,0.041513880734082576,0.018352468475013362,67.37601569782402,-2399.523167141603,-13968.220346687085,-1073.8881614397142
12368.98018453599,0.14939370648942402,0.1443496073313676,0.041514817316380494,0.018363653129810004,67.55073551292719,68.63125138200313,-13768.144327357171,-1148.0504259504437
12369.403652374118,0.14947352605271685,0.14434975041185508,0.04151333171066052,0.018378976198544946,67.7368519182558,2532.674875696425,-13048.394646599974,-1178.8904754421487
12372.015785027083,0.1496827738788099,0.14424598891026427,0.041510753976321015,0.018387667447387023,67.93764041978159,4888.71085181238,-11782.328971232322,-1160.362493205098
12374.82496094544,0.14992118252972225,0.14419713581938462,0.04151211849068052,0.018385227963911652,68.15682866994423,7010.889881808053,-9959.3098883812,-1086.8981150490627
12377.45290824875,0.15015487852575596,0.1442392477380656,0.041515161120593634,0.018381867081173318,68.39843132074112,8748.91161208573,-7596.686617846982,-954.3653288159645
12380.73025175167,0.1504137114522119,0.14434502135139254,0.041521929212432016,0.018377382966680768,68.66625339900139,9931.036466524949,-4757.479013891309,-761.6627298017527
12384.175063603217,0.15064270672149715,0.14454783964997783,0.04153118115910839,0.018374442826757816,68.96278107578111,10378.861478035667,-1572.7199683535132,-513.1036849002386
12387.543453995348,0.15079419769547636,0.144842953334074,0.04153754270892544,0.01837437898476831,69.28733271282287,9941.945823871505,1739.992490304182,-221.2605934115054
12390.357282693949,0.15081680538593992,0.1451855753713918,0.041538120842954766,0.01837439825352888,69.63401285337689,8553.347856307417,4880.926677302312,91.3522673021549
12392.903891024338,0.15073406597977876,0.14552484022407372,0.041526414608467,0.01836435351948096,69.99110190552612,6285.037716264369,7517.066933740756,394.2852622544353
12395.00742378269,0.1506484963564324,0.14575017106146645,0.041514599603368334,0.01834332516733434,70.34356626067769,3360.3209770031494,9370.373243989161,656.0871659279526
12396.92208081067,0.15054977922078594,0.14592469110925224,0.04151420446588837,0.01834087703653915,70.67786757600548,97.96049221503849,10296.192573101556,853.0402314371829
12398.77499081541,0.15043918970193387,0.14606779280481091,0.04151508642496877,0.01833475951872722,70.98570266565363,-3179.5301996096323,10300.68520095406,973.8653530615483
12400.634896877878,0.15032038158006647,0.14618924758203405,0.04151500540055096,0.01833477989848578,71.26452829563608,-6214.992884262294,9499.485544327192,1018.7417019154723
12402.444075046438,0.1501893150303445,0.1462869237960781,0.04151608014035248,0.018333428306215465,71.51582751027765,-8838.74032080682,8058.961773180603,995.2918317161433
12404.334152687568,0.15005321270088734,0.146375193269338,0.04151654404385362,0.01833303229692347,71.74305934146219,-10957.71093202681,6152.2670072291985,914.5014853873197
12406.178970070505,0.14990446601615307,0.146438845109358,0.041519968125063464,0.018331512051249294,71.95024469004503,-12533.716424965965,3936.861314588632,788.0640341233733
12407.996665913324,0.14974821383439982,0.14648001626230925,0.041535427777059854,0.018328203002587733,72.1412509980195,-13563.552126021117,1547.2334395327282,627.0134258106312
12409.758644728692,0.14959003611465285,0.14649819205542403,0.04155586864465756,0.018327674092998684,72.31952642313502,-14064.756689152526,-904.6235307242739,441.2739776109694
12411.531442668162,0.14942961126644602,0.14651190465394576,0.04157106953504469,0.018329927542208198,72.48805954139884,-14066.596995850996,-3325.801429265677,239.6598539540313
12410.896794977754,0.14948595269493753,0.14654856821486947,0.04157222932859447,0.01833028939337523,72.64942568802269,-13604.824198977469,-5638.302550511696,30.029103688860683
12410.750629582728,0.14949371829279512,0.1465696353197573,0.041585141500503485,0.01833686087488647,72.80589236020947,-12718.866540995583,-7775.544263348847,-180.61912481769596
12410.212328996404,0.1495184618990085,0.14662912050779725,0.041602382786328336,0.01834932268281002,72.9595203689007,-11450.696162638242,-9679.42708190326,-385.9473526952947
12409.860543414934,0.14952819413447505,0.14666792559432498,0.04161953713990082,0.01836625421165855,73.11224210805105,-9844.69365401851,-11297.76873871232,-579.9958230181929
12409.412699214012,0.14954335401060162,0.14670963518884086,0.04162929474197035,0.018379382732162598,73.26595138595599,-7948.238407301019,-12582.524126541017,-757.0033819753115
12409.146893696092,0.1495401870415473,0.14673762018126787,0.0416381169993299,0.018396156154172057,73.4225878062056,-5813.00415148623,-13488.566613509956,-911.2914993311975
12408.425416456756,0.14957420735548974,0.14680229427544997,0.041642810366639034,0.018410057133985386,73.58421959959011,-3496.7803457964487,-13972.999815188788,-1037.1481752386967
12407.627172086155,0.1495727334871167,0.14687538416280693,0.041645913052716164,0.018429215252344346,73.75313825448862,-1065.918026160765,-13995.330306437632,-1128.7495997233639
12406.729265814427,0.14956744256612278,0.14695751899801057,0.04164578000507791,0.018440196839434615,73.9319518832602,1401.5922450820326,-13518.641790680138,-1180.128109476944
12408.80864080816,0.1497363932234149,0.1468618902656968,0.0416449443983203,0.018444455390367744,74.1236888531821,3812.453170883606,-12512.083796373427,-1185.2260635637347
12411.51905044496,0.14995944181270765,0.1467838973294903,0.04164258448160522,0.018450128977620855,74.33185007667356,6053.72555978294,-10956.361439915376,-1138.2477572385949
12414.476886476476,0.15020980738371195,0.14676693238567096,0.04164029607209295,0.018453403452852787,74.5603412825803,7989.1115857995865,-8853.161064691889,-1034.294679151614
12417.630426830421,0.15046588407440004,0.14681939186910478,0.041645688977375826,0.018448742936405964,74.81319168737294,9458.56818551993,-6239.591551611197,-870.5076233748118
12420.877078182624,0.15070232652100796,0.14695580562839192,0.041644732973480245,0.018449189916898145,75.09379824623454,10285.836614680815,-3208.4923635800733,-648.1089250991791
12424.404064523731,0.15090381738538355,0.14719925231467126,0.04164954952324069,0.018448382435436707,75.40345011591029,10301.671651128405,69.49984064574578,-375.0873993562955
12427.85215801307,0.1510150797986546,0.14752440365238728,0.041651431566547784,0.018448570635493163,75.73924485781613,9389.15761749151,3335.3954612383527,-68.72770657905195
12430.756162553795,0.15099120900477858,0.14788205066974447,0.04164589937589712,0.018445217200804956,76.09242660625961,7543.452248832521,6265.457388469746,244.086368823764
12429.580820984582,0.15079464088668365,0.14795878811717053,0.04163171475426833,0.01842803636226735,76.44910311300397,4912.4746474214435,8542.246338231354,531.3034846826656
12431.524160674979,0.15069244464170214,0.1481565908000559,0.04162734092797962,0.0184156277645521,76.7942285588905,1776.1433232474765,9946.293123358633,764.2413668776795
12433.372165396826,0.15057717780722646,0.14831453300639758,0.041627321696136026,0.018414786251787354,77.11641557183502,-1534.129925142773,10408.98883594707,925.0145760139355
12435.137894003577,0.15044674347438314,0.14844034438534248,0.0416255510161731,0.01842035387029954,77.41018655473425,-4722.187163997664,9997.622521133706,1008.3711507173881
12436.70765873845,0.15032313897760113,0.1485307019221358,0.04162476824109553,0.018421434772308145,77.67518176560992,-7573.820711724303,8859.92263264705,1018.736533007862
12438.409171510084,0.1502090831244399,0.14861920533917206,0.041620380169474426,0.018425381796210956,77.91406245332962,-9959.884936027986,7169.985967095009,965.8654812311494
12440.250041950992,0.15006507161964475,0.148691429776627,0.04162365221825961,0.01842348010629906,78.13069757693188,-11817.630612593117,5094.96171035079,861.3703124235412
12442.047021133214,0.1499107335009286,0.14873727559399272,0.04163353042714262,0.01842030499135161,78.32910352646316,-13128.767191366838,2781.0664091763306,716.7285511013068
12443.708500779489,0.149763005528307,0.1487614030699022,0.041645606641271225,0.018418859513258345,78.51296928103542,-13902.175366869777,350.9984411624406,542.4844176691412
12445.451063518518,0.14960204134207827,0.14875862115263022,0.04166178675828563,0.018419824395794603,78.68552178335378,-14162.320926336783,-2093.694368174919,348.0029365389886
12444.87793114974,0.14965543724229594,0.14877888594391236,0.04167793123454155,0.018423566945578243,78.84953523981054,-13942.293100051953,-4468.51313369236,141.55070127868288
12444.502620675381,0.14968430426410234,0.1488160059330403,0.0416967646570023,0.018431280740886347,79.00742045635408,-13279.920362505642,-6702.221819317895,-69.53456685809266
12444.060922080349,0.14971094157241308,0.1488602969900816,0.041714496273910905,0.018442017404461112,79.16132908737227,-12215.789847022865,-8733.586335775353,-278.6463334977718
12443.461810163915,0.14974565259200184,0.1489105874003654,0.04173308900861047,0.01845758984635189,79.313234427395,-10792.658474737767,-10508.450961196595,-479.68617817764635
12443.248881961938,0.14974018083272092,0.1489418182555217,0.04174610726454467,0.01847237168674287,79.4650227293351,-9055.711588229326,-11977.690985712208,-666.8727447688631
12442.666900547136,0.14975257901627975,0.14899823272296078,0.041760225735308444,0.01849442164038761,79.61857489047753,-7053.489255202926,-13095.635881020358,-834.5939420848997
12441.937624670769,0.1497684627217566,0.14906559862382038,0.041771509223088574,0.018520074513799292,79.77584829405609,-4839.354869366739,-13819.057754887552,-977.2757786952064
12441.013743429608,0.14978278352110797,0.1491510882540452,0.04177595536108626,0.018537144212700588,79.93896789906697,-2473.5133093966697,-14106.873613159296,-1089.2277389131505
12440.31795911013,0.14978746872002963,0.14921625023616955,0.04177704737036269,0.018549461706350686,80.11032170125073,-25.667366519177026,-13920.609168021594,-1164.604996198494
12440.534491559754,0.14984092757912895,0.14922246888796314,0.041776158460329824,0.01855960225238671,80.2926575647837,2421.664152915096,-13225.993800515282,-1197.4550017482734
12442.903650698203,0.1500308182718661,0.14912758615526178,0.04177416001535966,0.0185666801593493,80.48917101994198,4769.179590519775,-11996.432833619125,-1181.847300689787
12445.635135323688,0.15025181669325544,0.14906462743416285,0.04177519393378726,0.018564765182043298,80.70352842068515,6896.57559508389,-10219.726617302837,-1112.2531416378263
12448.733965856305,0.15051045364020255,0.14907419690594018,0.04177276579133455,0.018567637764491624,80.93974802561459,8659.660096315043,-7909.084382893713,-984.4046539748723
12452.014025113982,0.15076893386323015,0.14916854260538023,0.04177656218180552,0.01856497283635584,81.20177568842873,9892.090200058132,-5119.728831318716,-796.7272230548077
12455.516110372379,0.15100473208075257,0.1493557983225306,0.041786725117268414,0.018561372508288355,81.4924934521075,10417.627989366134,-1970.674043569882,-552.582235418801
12458.705656101594,0.15115270166154007,0.14963211918800126,0.04179608146881411,0.01856097549870184,81.81196242029328,10080.997358874756,1335.2777249495214,-263.157911117453
12461.71517260657,0.1511976821417575,0.14996961488344845,0.0417953933893866,0.018560590289879286,82.1552769266012,8800.529919398083,4510.686851128859,50.471355754062614
12464.191564730401,0.1511166278964311,0.15030923355471,0.0417824669651212,0.018550497832958528,82.51151651023123,6626.065213733094,7224.461955504955,358.627563352927
12463.238167956279,0.15095708230915786,0.1503535435114346,0.0417739442096604,0.01853671980239248,82.86568949867014,3761.072876304562,9186.284549851032,629.3733231169001
12465.127095671603,0.15084643653114316,0.15053415709973353,0.04177143349008009,0.018525025301500266,83.2034838463103,516.0798713463889,10230.963473256486,837.3516498874749
12467.028325833277,0.15072086119645714,0.15068519484398155,0.04177183313378461,0.018521133336045225,83.51551992950955,-2782.0632672210663,10346.336841808716,969.4489720161804
12468.907152179965,0.15059529773557226,0.15080893398102435,0.04177116423973883,0.018522521074745297,83.79837591457941,-5865.397637804708,9637.86073608414,1024.5924911235625
12470.510861754656,0.15047987227651743,0.15089665485341477,0.04177210309993054,0.01852125223024509,84.05305616798697,-8553.585275258214,8269.188028998342,1009.7973722717496
12472.391958775937,0.15034249918558007,0.15098382027285548,0.04176635266269879,0.018525578444797398,84.28285903853676,-10745.896371224739,6414.7976296418665,935.9471995149671
12474.233091221633,0.15019705706530836,0.15105007514220822,0.0417671917084735,0.018525147079541275,84.49181513039169,-12399.54213696357,4234.752894593641,814.8553122164365
12475.95011143972,0.15003656263167187,0.15107165162798467,0.04176238811384403,0.018526258823323226,84.68386834689845,-13508.851472599321,1865.9903747800938,657.7663544953014
12477.721371483853,0.14987649746608914,0.15108655948549685,0.04178105851124386,0.018525334692146338,84.86255101850293,-14090.169101417765,-577.7322860336645,474.7653752735274
12479.058321594192,0.14975553406801131,0.15109146427132514,0.04179188865086793,0.018526677817561427,85.03092272897167,-14172.193404335201,-3002.46416400619,274.744186631816
12478.417535313647,0.1498134936035857,0.1511241556974875,0.04180695094267846,0.018531144380549876,85.19160894119732,-13790.277657307635,-5329.868900731475,65.58527082581374
12477.671936816952,0.1498732005489539,0.15117338077900666,0.0418187314325165,0.018536777021477144,85.34690370896543,-12983.403949096903,-7493.569173397379,-145.70706564353281
12477.20122068655,0.14989632788507778,0.15122563007017045,0.041834481343060705,0.018547545172024848,85.49887248579061,-11792.79974141902,-9436.106184680943,-352.79304079774846
12476.581129944187,0.14992834268873587,0.1512800640027097,0.041844268601342396,0.018556673191756964,85.64943175918339,-10261.689208482696,-11106.269342739024,-549.7737460442521
12475.817746183835,0.14995953738933376,0.15134848077014962,0.041857274385411196,0.018573107633195526,85.80043452710358,-8435.807798229305,-12457.177942767637,-731.0216443721991
12475.000380198595,0.14997947568244463,0.1514248228226464,0.04186148186444983,0.01858048611025613,85.9537536235713,-6364.484882803193,-13444.989504755382,-891.0129275835164
12474.235917848724,0.1499923413153467,0.15149557781298698,0.04186654243843751,0.01859382236212625,86.11136945034,-4102.234765868134,-14028.087317501162,-1024.2119242071983
12473.329698803702,0.14999308561175168,0.15157881702559964,0.04187003728503402,0.018610879794691493,86.27545469930699,-1710.9704558637009,-14166.933672226398,-1125.0166841741939
12472.378646986395,0.1499859911592885,0.15166457949182283,0.04187026696967419,0.018617334222063124,86.448467840838,737.165589817268,-13824.821007150793,-1187.6397251770613
12473.216161742124,0.15006444649830805,0.15162907123252473,0.04186909464246626,0.018625472738230033,86.63325972607251,3156.402166843421,-12969.838629185517,-1206.1826654902584
12475.850522366092,0.15027022573516946,0.15153145896672476,0.041867612265493605,0.01862976793676645,86.83314914339624,5443.234839753545,-11579.02455888829,-1174.851772918448
12478.644126784446,0.15050624228201095,0.1514978760020471,0.041870116563039815,0.018625694222496346,87.05191936314979,7472.307975520135,-9646.045015367012,-1088.4015738056407
12481.498834501694,0.15074796786805233,0.151543429045227,0.041876300541788924,0.01861942008368988,87.2936481735855,9094.365768471915,-7193.509846089015,-943.1196349084698
12484.916306837416,0.151006279110072,0.15165897743257484,0.041883903523174705,0.018614864213491726,87.56217387228638,10139.959580246468,-4290.98602654963,-738.5058652661207
12488.213786186863,0.1512110042687157,0.1518739927540623,0.04189129814275179,0.018612881092463358,87.85991007458952,10435.54722359611,-1077.2867226527878,-479.7371591674318
12491.769965510739,0.15135748036050592,0.15217564881733073,0.04190048168489791,0.018613281917409498,88.18590389410535,9839.996242836976,2222.26616109594,-180.46055006207905
12494.973411212886,0.1513834475883826,0.15253039464246293,0.041898882472296214,0.01861242941484008,88.53374660402018,8301.269804493877,5303.628481898212,135.70385751461276
12496.950221073412,0.15125887284633346,0.15283997189475465,0.041890069793974465,0.018604007600077025,88.89109671781246,5909.8070797647015,7837.569792450316,437.659973757392
12499.059668725364,0.15116839440245172,0.15305764428577742,0.04188147527566907,0.018586699780090234,89.24252402904179,2904.4433603777775,9560.245322184504,694.2839881109524
12500.981637425884,0.15106704884805278,0.15322602792213366,0.041880820744755014,0.018581274336777604,89.57453929978657,-390.33838128120937,10347.51604970553,883.0847292999919
12502.814826129777,0.15094696588422785,0.15336327057117907,0.04188104548862885,0.018579908076867477,89.879217675443,-3657.2743777935807,10224.416910816884,994.4096825413756
12504.48495828264,0.15084092165983315,0.15346835582147741,0.04187864609760006,0.018584318897199116,90.15444996534573,-6650.975313406082,9318.568082367156,1029.8676180683685
12506.173516918141,0.1507231651211227,0.1535573621022676,0.041876590497147544,0.018586452100193853,90.40203784177338,-9214.685262603816,7800.9722508946725,997.9877344407258
12508.026443785939,0.15057478143811712,0.15363125055409937,0.04187707996032195,0.01858606612108903,90.6256169438435,-11266.270416344925,5844.211042276241,910.1788653278585
12509.934377806763,0.15042429817318737,0.15369651289273667,0.041881168364934336,0.018584411055194695,90.82927954889445,-12775.600400656045,3602.457333165857,778.2381057243354
12511.756672570928,0.15026431050621278,0.15372888123943587,0.04188874983865026,0.018582994600648026,91.0168999117712,-13744.913019784086,1205.8501434320285,613.1540192745042
12513.511204427112,0.15010189822768275,0.15372890257119315,0.041910415502626176,0.01858296669186078,91.19189999213856,-14195.130554632717,-1238.1729003144133,424.68319834836274
12512.945565177193,0.15015760606416753,0.15376160825803495,0.04191604582973842,0.0185839151051818,91.35721833135615,-14157.502090235073,-3640.89907036314,221.44499683996895
12512.56668665708,0.15019038359552728,0.1537885096598576,0.041926923145203784,0.018587639230229772,91.51538519153382,-13668.706548695533,-5928.373738710324,11.044262042871306
12512.050511795176,0.15022388972818776,0.1538430316476135,0.04194312663114719,0.01859619435126902,91.66862787044901,-12768.312622693495,-8037.848695371464,-199.80155633567546
12511.225951627097,0.15027894536125844,0.15390526802459303,0.04195499518123445,0.01860498059446137,91.81895069932989,-11497.822985001349,-9914.591870763687,-404.9527403524803
12510.37115282457,0.15031137613185255,0.15399025723593113,0.04195445492666816,0.01860442627506871,91.96822786425462,-9900.616938267622,-11509.596242025525,-598.6279683766237
12509.471825692473,0.150341255181142,0.15407408737561124,0.041965852768839955,0.018619915468713496,92.11828980167081,-8022.583035688285,-12777.812242044996,-775.338222891584
12508.51824031781,0.15036349132815183,0.15416265615438465,0.041971478926865556,0.018630628505447097,92.27100110914883,-5913.278371941135,-13676.887651858904,-929.7026875785389
12507.582275391369,0.15036534981728916,0.15425034971688945,0.04197495992964816,0.018640822994845836,92.42834873387636,-3627.6616671447787,-14166.546913188979,-1056.2633381653523
12506.581316809494,0.15034425183180208,0.1543391015027483,0.04197540474808289,0.01864337363767431,92.59252839063714,-1228.358597887139,-14208.571813157498,-1149.4443732779516
12505.359097960441,0.150339941697644,0.15445143848426843,0.04197541248696029,0.01865205970634992,92.76604007138377,1211.4153096269424,-13767.63016516043,-1203.5339492197209
12505.863599086228,0.15041587503549025,0.154450771633414,0.041974754855877865,0.018655778578699028,92.95178997963357,3604.3730150041847,-12813.529045421623,-1212.7330181756706
12508.570462197747,0.15063328137756368,0.15436482218034622,0.04197285203488166,0.01866069925279876,93.15317357908653,5845.076525485583,-11325.754357818612,-1171.366369096503
12511.508270531665,0.15087561717557535,0.15433325600364664,0.0419730610066212,0.018660426368239783,93.37405426882579,7805.917525449214,-9301.643445727637,-1074.4273814276303
12514.729691762352,0.15113618810461285,0.15437561264505267,0.04197407980215741,0.01865949334947429,93.61856001344393,9335.502147539559,-6769.419283963971,-918.6100381931757
12518.14730951336,0.15138650468580128,0.15449731782837983,0.04198269354749985,0.018654819356318846,93.89047858487123,10263.524821101844,-3806.9710209631467,-704.0681686867339
12521.762648540422,0.15160111737700138,0.15472297706765775,0.042002413660107776,0.01865055903300231,94.19196321943372,10419.15504050286,-564.2658637118158,-436.970089733858
12524.755209624072,0.151695359406334,0.15502906554242596,0.04201191064838695,0.018651442364888405,94.52147887154234,9670.690147219477,2721.2508598055024,-132.37443476159717
12527.571773351661,0.15168874037496183,0.1553659766883917,0.04200832401127372,0.018649522732864535,94.87175375604495,7984.103712336026,5737.725538866841,184.65510432306127
12526.759076862822,0.15150419279225755,0.15547436036575418,0.041996552243866024,0.01863708803474732,95.22964664018124,5473.079711424122,8159.444467659592,482.350802288938
12528.85667644759,0.1513982352959976,0.1556915098829599,0.04199135515447983,0.018624962443536654,95.57949904388241,2394.991180365993,9739.59762058313,730.2855856413465
12530.752994670434,0.15127138163962459,0.15586040085383404,0.041991171487741195,0.018622316181935758,95.90830985455328,-920.2700516269035,10377.759968890367,907.7390908635541
12532.547652230814,0.15113723505444815,0.15599160691749656,0.04199024101361496,0.018625849875690888,96.20895258231285,-4162.647436070586,10119.202387572604,1007.0060728554932
12534.411928149859,0.15101299114750213,0.1561046328604222,0.04198747052760174,0.018630454518757885,96.48000276254656,-7100.15714628698,9102.934611678971,1031.1524815713308
12536.085650861538,0.15088573332885505,0.15618633340799007,0.04198524723784968,0.018632590432251607,96.72366862700113,-9589.351080148948,7503.305719362047,989.492959076773
12537.509845095617,0.1507565336965115,0.15623109402941207,0.041984822444121626,0.018632798849814534,96.94375353668296,-11558.40470051186,5491.451532967744,893.7317852738064
12539.325581499234,0.15060294901208607,0.15628075165463776,0.041977719827185525,0.01863530029220537,97.144381908602,-12984.20935418218,3218.012153467968,755.6929672000067
12541.038510499626,0.1504411858450273,0.1562901342712785,0.041986378254244984,0.018633959943784067,97.3293957938082,-13873.405312065737,809.1199288234254,586.213947079977
12542.640714341947,0.15029417463086903,0.1562904745303654,0.04200365607047951,0.018634421093859963,97.50216298149118,-14249.54329247679,-1631.4848226618783,394.8410516017637
12541.525081046113,0.15039815308795332,0.1563177805602272,0.04200850293708276,0.01863536660501473,97.66556228395203,-14145.341171826785,-4018.2533783930844,190.00691221162313
12540.610591603996,0.1504784463657003,0.15636148861118032,0.04201768343371909,0.018638759606097177,97.82207240447303,-13598.231655754136,-6279.873701100313,-20.86723871472387
12539.966629162638,0.15052573011174375,0.15641053705173374,0.042023373281035115,0.018641924397608905,97.97388093470344,-12648.104984943431,-8355.81843229604,-231.19795375762993
12539.075943195314,0.1505741117308006,0.15649351545545662,0.042032130263595584,0.01864869963262326,98.12296188717961,-11336.557954887403,-10193.210674094173,-434.9803439944746
12538.137176130209,0.15061532607897662,0.1565799564150151,0.042040590920049754,0.018657533987682023,98.27116484864474,-9706.936538145155,-11744.551820437866,-626.606395632237
12537.346518065482,0.1506339289653834,0.15665755640270446,0.042046838629968906,0.01866636971252229,98.42030264327362,-7805.002954299826,-12966.068470112745,-800.6767640320464
12536.83311702518,0.1506471258981221,0.1567047017212491,0.042051258827100944,0.01867517262737432,98.57223297523252,-5680.173316289772,-13816.533716776885,-951.863999502646
12535.871279940955,0.15065192814305664,0.15679421826892082,0.04205530456102475,0.018687752605611452,98.72893906290633,-3387.3233983773625,-14256.650772011917,-1074.8089743712162
12534.70666376852,0.15063401954120212,0.15689792289098872,0.042056493767264,0.018695510425793874,98.89261773108794,-989.0818038842315,-14249.133058298268,-1164.0200826837558
12533.553572439068,0.15063168029249427,0.1570049738447505,0.04205638451635687,0.018702605846363185,99.06578062726976,1441.3151085941233,-13759.590546565501,-1213.8415143347663
12535.245425029523,0.15077672782515716,0.15693397197089637,0.04205464696790487,0.01871142738742393,99.25136225039618,3816.5314435771065,-12758.774271354667,-1218.53872862783
12537.698005642611,0.15098722994847893,0.15687461236724967,0.04205433771891697,0.018712240056067808,99.45278858932411,6030.905838144384,-11227.361496096371,-1172.506226517745
12540.469364357745,0.15121880044524444,0.15685607352535952,0.042055448853736334,0.018710659508404833,99.67395812505926,7956.533473217302,-9164.302114818838,-1070.830476707805
12543.72304454016,0.15147983388440792,0.156904930208964,0.0420555937236436,0.018710552236329715,99.9190379998963,9441.885597907449,-6599.897144603673,-910.379847578638
12546.993856618867,0.1517166160853876,0.15703472465483095,0.042071930499957014,0.018702060440949252,100.19183040158968,10316.969487940483,-3614.9172206963462,-691.5361943897468
12550.061453683327,0.1518891567676439,0.15726407557038738,0.04208094652104912,0.018700258807497577,100.49443723765084,10412.463699805021,-363.0888627407794,-420.88226130159705
12553.580236682912,0.152009811561018,0.15757922176507214,0.04209086856739272,0.018701382968072305,100.82515500556056,9600.434416817563,2914.2007815626043,-114.00215946244259
12556.386904992863,0.15198922465611392,0.15792542710335813,0.04208584726062947,0.018698635051404594,101.17641607737518,7853.536102617603,5902.6826811471665,203.5697349993967
12554.900101645657,0.15179530468040767,0.15798096864305633,0.04207497041725458,0.018686604995822146,101.53474722811843,5293.9991683249145,8278.215542316608,499.816963714796
12556.937188271,0.1516865667921742,0.15819109161868888,0.042067881109335,0.01866911538216207,101.88431723538568,2186.1252111550857,9800.550590593812,744.527836987862
12558.850204850223,0.15156407235364047,0.15835665697586893,0.04206767328183545,0.018665076585128122,102.21220515484562,-1138.0718173582766,10378.436162620117,917.6213086285791
12560.467223878917,0.151439977835481,0.15847290547630244,0.04206885737629367,0.018660461492425312,102.51151063048829,-4371.254817942982,10065.192448300013,1012.1452808607293
12562.38410149455,0.15131368992843555,0.15858753019211239,0.042065742773604434,0.018665428575033557,102.78104192810225,-7286.729588754106,9004.570544783715,1031.7729757329155
12564.284909474542,0.15117709613280597,0.15868160522883523,0.04206679364438874,0.01866433257612348,103.0231667570873,-9746.530854191284,7372.48047158102,986.1869326848927
12566.180361541727,0.1510325767059296,0.15875754265808048,0.0420708181110336,0.018661881747070345,103.24177261078881,-11683.296289758997,5339.592081848798,887.225941425453
12567.618537665901,0.15090748942868837,0.15879211174601182,0.04207042458407541,0.01866198136166422,103.44101090052645,-13077.05610458858,3055.1187479905248,746.7295555504758
12569.320284353413,0.15074477238343353,0.15879632968205842,0.04207824135047936,0.0186608720138883,103.62472558885301,-13936.488330057166,643.4166718242817,575.5011096269263
12570.289241271732,0.1506555200513087,0.15879464059001164,0.042085928850742554,0.018661156649725893,103.7962730993406,-14286.425346769449,-1793.5353666238893,383.0490978994741
12569.209908567567,0.15075688825207295,0.15883267889552224,0.042104371023061596,0.0186649938167092,103.95851606732592,-14160.326390905435,-4171.828019966439,177.67730145777819
12568.269907986742,0.15083865584396167,0.1588809841405966,0.042118106558536005,0.018670221369551186,104.11391953997739,-13595.962993401838,-6421.652895634258,-33.32718158748127
12567.526815975929,0.15089235856699693,0.1589390834872678,0.042127493415942366,0.018675550693699628,104.26465307942185,-12633.294849152051,-8483.775164636645,-243.44985424041553
12566.490224100544,0.1509507153601516,0.15903192138063757,0.04213131529283962,0.0186785455795657,104.41267296888854,-11313.805226047869,-10306.468314854214,-446.74814344387977
12565.599720314513,0.15098724684251036,0.1591160599549194,0.04214433041693457,0.018692307208148247,104.5598134098403,-9680.563209599944,-11843.277993553324,-637.7053917773236
12564.783959106475,0.1510003968979885,0.15919945485490192,0.04215065764994229,0.01870135081663526,104.70787030250335,-7778.927315331023,-13051.386168870982,-811.0206924944646
12564.017263247591,0.15099975353790573,0.15927605487568144,0.04215839229586919,0.018716920565096905,104.85868283284898,-5657.801234196702,-13890.447057885953,-961.4502325375746
12563.196402430094,0.15101444864647556,0.15935166082326369,0.042161373083046655,0.01872626760891373,105.01421428307852,-3371.3382752490315,-14321.92297884019,-1083.705110725716
12561.930498941461,0.1510031131888617,0.15946550962207132,0.042161807676628,0.018729077667847885,105.17664312298358,-981.253824195911,-14309.174805932258,-1172.3405996722327
12560.637981600885,0.1509739630101148,0.15957480937689797,0.04216183402862097,0.018728486999521763,105.34846000047905,1440.322683347907,-13818.400085236872,-1221.7686949169406
12561.436734085495,0.1510764111708143,0.15956483508132915,0.04216038922865185,0.01873588628571823,105.53257632648196,3807.4133885623796,-12820.694067918274,-1226.3317188796711
12563.871908094621,0.15128380719239715,0.15950439422771343,0.0421607976450108,0.01873494597719574,105.73240225503409,6016.043629646094,-11296.60600755818,-1180.481035263813
12566.854954817452,0.15152492838577356,0.15947056592463968,0.042167582421698796,0.018724989543451323,105.95184257193581,7940.279261800542,-9244.312843082407,-1079.2814388209263
12569.991943140998,0.1517778187302607,0.15952158240087463,0.04217544518453888,0.018717781312970957,106.19510299682781,9430.502358854224,-6692.447022162916,-919.5077723355014
12573.1736043476,0.15200937790408,0.15966431179665633,0.04218305626010783,0.018713747321995756,106.46608968643744,10318.044911296496,-3718.893028433996,-701.420874458469
12576.861033397676,0.15222283831120678,0.15989501025661187,0.042195570189170424,0.018711140666185653,106.76710926684791,10433.415897471717,-473.34086191903117,-431.30693096888365
12580.387870124772,0.1523491402694643,0.1601967741783762,0.04220630690641903,0.018712248589097435,107.0967595585032,9645.944511777067,2806.9268975151094,-124.31957669868024
12583.554129249425,0.15234802576408313,0.16055502253061477,0.04220476254394901,0.018711285191716,107.44776446168262,7922.7832943001695,5809.719029517727,194.3188710491635
12581.76762688854,0.15213232305210925,0.16060758425457694,0.04219651212290747,0.018702303872117285,107.80674846106545,5379.934402109967,8208.9930809199,492.59680582792055
12583.513254492093,0.15200504474528453,0.16080804385031908,0.04219138823025059,0.018689952297469985,108.15766556456529,2278.1199532638148,9759.161988981627,739.924894510208
12585.40576697782,0.15187849602221754,0.16097375459975644,0.042191099815805294,0.018685065817094747,108.48718653853714,-1050.113142355743,10363.37731481808,915.6771183699389
12587.260514212121,0.15174853680405354,0.16110635452053854,0.042190619889091535,0.018686675122666283,108.78804005824522,-4294.327560377382,10071.723386336595,1012.5137991425479
12589.114625282533,0.15161519750745273,0.16121544336345292,0.042190375881103956,0.018686946319437518,109.05882074045829,-7224.550826797812,9027.324072471183,1033.9434818531558
12590.999531824973,0.1514768235938153,0.1613075362411645,0.0421886944253809,0.0186884985938324,109.30183349172636,-9700.64500584158,7406.91368441742,989.6641566343015
12592.830490938597,0.15132572953475326,0.1613731271886542,0.0421903280459266,0.018687460487025645,109.52098286994735,-11654.250549383387,5382.293608502267,891.6366721498022
12594.670850217657,0.15116985157801463,0.16142142805592885,0.04219000366523513,0.01868753595017249,109.72046915937868,-13065.17966906265,3103.5448399490047,751.789892249461
12596.387545377225,0.15100615614123902,0.16142663209751526,0.04219346543923615,0.018687017024791475,109.9041844909601,-13942.260016509712,695.5235454891165,581.0088523027749
12595.170549100823,0.15111066738634127,0.16140720447525603,0.04220701580221518,0.018687479621807727,110.0755121555662,-14310.550421552845,-1739.4936135712842,388.8470684795274
12594.126276008896,0.15120959504277076,0.16145022627976516,0.04221403197927591,0.018688900460708466,110.23734544328391,-14203.728289151519,-4117.74464614355,183.6423167614387
12593.439711386942,0.1512675969511724,0.16150153783688231,0.04222655348671343,0.018693598604066906,110.39217793672393,-13659.66649770447,-6369.9239474686065,-27.32148735946971
12592.687362396664,0.15132207221430388,0.16156111241411228,0.0422393452450773,0.018700775748485537,110.54218760287667,-12718.265995094716,-8437.266269730564,-237.59332116098696
12592.027632892745,0.15135925055915594,0.16162073594867063,0.042249730709005055,0.018708830120268638,110.68933186669157,-11420.751102943377,-10268.597950410021,-441.29540406209867
12590.960022749316,0.15141150605406142,0.16171414115129107,0.04226375594746008,0.018723453663627997,110.83543683811476,-9809.782831519306,-11818.071659871313,-632.95866572179
12590.189754969158,0.15142463664875866,0.16179303069602477,0.04226878455874244,0.018730515243700167,110.9822819768966,-7930.11847549205,-13043.513552649827,-807.3221553702384
12589.22526488125,0.15143853122713222,0.16188515691472002,0.04227180572908433,0.018736443520104024,111.13168319115556,-5829.772786008236,-13905.226570072351,-959.190365812793
12587.861450389502,0.1514416320623295,0.16201257234616057,0.04227519526045274,0.018746687517139038,111.28557126573872,-3561.7325587599134,-14365.293346366736,-1083.3667087924996
12586.779649482482,0.15142289974557732,0.1621087750583223,0.04227512685426941,0.018746192747774997,111.4460842737427,-1186.0759563259594,-14387.567511288811,-1174.5154923349494
12585.578898409909,0.15140601731721515,0.16221452637320657,0.04227510997363003,0.018756622828960255,111.61566731838957,1227.2221617826672,-13938.400314580242,-1227.156781973606
12585.000072282957,0.15142172431283094,0.16228299024704193,0.04227460040899378,0.01875955371845921,111.79716710460106,3594.81342434136,-12988.669529265411,-1235.6990572280038
12587.690907488955,0.15163233879699273,0.16219277136216492,0.042276701790540855,0.01875414441362003,111.99393768954349,5816.0767167057165,-11517.77488039018,-1194.5733903644073
12590.610463816205,0.15187227319194693,0.1621615957896369,0.04227668758200002,0.01875420859556155,112.20985431715134,7768.949804730753,-9521.15651070402,-1098.7972987512421
12593.59114148409,0.15211348160769358,0.16220386865088815,0.04227483010803039,0.018756039692590404,112.4491472480555,9307.610216448225,-7022.590804974541,-944.9266308096093
12597.080022979544,0.1523676063310862,0.16232235162558972,0.042286820591472325,0.018749200605486117,112.71588835058162,10265.91498742062,-4092.1034064566747,-732.6070491352912
12600.706945382666,0.15258363315194087,0.16253631335378207,0.04230008670278057,0.018745958621341794,113.01279203743023,10473.139239128992,-868.5335999433927,-467.1361650539127
12604.341145498625,0.15272257728783967,0.16283864981512533,0.04231675661405752,0.018747106858935846,113.33915871539345,9790.533151819085,2422.458272286343,-162.415107630621
12607.41762593188,0.15273210623606964,0.16318171531497555,0.04232661941313387,0.01875124810170187,113.68856857970202,8169.132359892007,5475.640029779777,157.5053657979569
12610.125380893738,0.15261685780036577,0.1635305012485237,0.042323020313421576,0.018747484034006185,114.04822715993383,5704.8185994637915,7960.9551971266765,460.94902415850464
12607.410339652852,0.15237106787771076,0.16348584101199817,0.04231556659112262,0.018731433929744908,114.4018964257003,2644.3420852772224,9617.037273968806,716.3702122715023
12609.318897584417,0.15224644522120476,0.16365547101082228,0.042315181346200076,0.018727347359027972,114.73538581620676,-681.3072639988042,10327.586051199352,901.4758283061702
12610.670322610566,0.15213606999442186,0.16375565126869024,0.04231517440329679,0.01872713162958104,115.04048261964378,-3953.6816016072016,10128.52393120838,1007.4199122931185
12612.4323009761,0.15202079617234332,0.16386250981965678,0.04231235397302227,0.018731989524366378,115.3151234800025,-6931.525075013168,9156.975355841092,1036.8089141571882
12614.208758583532,0.15190356904363872,0.16395518650258978,0.04231050502771946,0.018733792988474347,115.56132090433418,-9465.291824519252,7589.621636587981,999.0221241310987
12616.063508600442,0.15175665897792803,0.16402680499108124,0.04230917260912218,0.01873457808009706,115.78292950551264,-11480.452149369816,5600.867351230025,906.0388563712562
12617.835435000867,0.1515977330311435,0.16406544918728777,0.042317033904495066,0.018731643193347355,115.9842101372932,-12953.351406624788,3343.8857205113036,769.9306521911778
12619.321077751427,0.15145516497200437,0.16407038881396355,0.04231929552588244,0.018731251416965945,116.16914897745936,-13891.13024553358,946.2096293628246,601.7712191570614
12617.571386484471,0.15160108040667428,0.16403219405330088,0.0423293589105853,0.01873141079074527,116.34121585141679,-14318.130660552499,-1487.8990313644836,411.3152507375604
12616.363934313244,0.1517119374099186,0.16404764724515272,0.042335473958655466,0.018732537581392514,116.50337784138539,-14267.732562624953,-3873.399015385181,207.02099402716823
12615.37900400579,0.15180008817869145,0.16408219990851386,0.04235083610262908,0.01873800573799885,116.65818370587812,-13777.689799846361,-6140.248503392091,-3.764528749430047
12614.382714337806,0.1518800288776889,0.16414120185482242,0.04235950767787993,0.018742672255127973,116.80784621902974,-12887.791817360509,-8229.350927634261,-214.5395106884969
12613.258512300747,0.15195093559457834,0.16423319873012218,0.042366345483639906,0.01874777936741269,116.95434015714444,-11639.03652399639,-10089.523988204917,-419.4005361296606
12612.659999296387,0.15197613375030086,0.16429057510107994,0.042370430036982966,0.018751874779051582,117.09949765561272,-10073.570271363404,-11675.167114165106,-612.8828358198009
12611.661219953061,0.152015005304448,0.1643804393703445,0.04237543998600699,0.018758624358456388,117.24508975021878,-8235.350453617022,-12944.448342824098,-789.78180345876
12610.259621841456,0.15204815706550237,0.16451090076259578,0.04237931481187119,0.01876585111411455,117.3929038176565,-6171.324680352538,-13858.061431604368,-944.9999904070069
12609.05795185399,0.1520527357941968,0.16462372213541954,0.042381559655647154,0.018772137508765035,117.5448331423945,-3932.895466976836,-14378.526925244789,-1073.4174179145712
12607.858711551109,0.15204018748066922,0.16473215165960298,0.04238231377152167,0.01877606470524775,117.7029641245987,-1577.993581277477,-14469.974605910687,-1169.7986535186444
12606.754474202557,0.15202912609488828,0.16483060882362144,0.0423821118852545,0.01876728220221042,117.86966901962626,826.2184115784908,-14098.687797474095,-1228.715915495897
12606.055707954714,0.15204202646501147,0.16490761634585763,0.04238134200748789,0.01877259103525375,118.04771457734873,3200.032376133096,-13234.819635935828,-1244.6388494897342
12608.570364349733,0.15223803173272318,0.1648168127131848,0.04238076793835488,0.018774320928772043,118.24036291299477,5447.353313390965,-11855.861354750057,-1212.0659867817371
12611.525048426995,0.15247774254106777,0.16477063124371505,0.042384922281201325,0.018767336232417085,118.45141643200343,7451.42954981843,-9953.336953568092,-1125.8488993681487
12614.715264747108,0.15273228381932558,0.16478777130024375,0.04239860643783442,0.018752838219027172,118.68510846072711,9071.85550171147,-7543.977448624422,-982.0651018796897
12618.190275389694,0.15299027402727736,0.1648910713671563,0.042414616334950035,0.01874261382530147,118.9456909659744,10146.276754497938,-4686.462338292592,-779.5607760818481
12621.824671968461,0.15321666966216682,0.16508463807270266,0.042428598301470055,0.01873835810296931,119.23638631641882,10502.787502218658,-1503.644034518251,-522.3286960511583
12625.448211475368,0.1533720120545684,0.16536534670024003,0.04244471945529003,0.01873846504109687,119.55746643134631,9991.804882819304,1796.876992788261,-222.40506115854944
12628.361095026776,0.1533869909764348,0.1657017210455202,0.04244989631010658,0.018740155430959717,119.90381653763248,8540.934381137775,4922.439870417372,98.00827869116247
12631.17295842667,0.15330875282791437,0.16603886128183573,0.04244024197938557,0.018731726932271008,120.26368293827483,6214.8924972877885,7539.904599975632,408.03753097939494
12629.769476920907,0.15313533386560194,0.16605261893776774,0.04243306829853882,0.018718563485079987,120.62085079451761,3235.3700617692884,9365.809337154795,675.1693502003671
12631.833350317036,0.15301028294799127,0.16623915402254064,0.042431335178295136,0.018707502178320238,120.96003784446748,-73.37283379293612,10252.66851645427,874.6950078690154
12633.755885363196,0.15287951369784405,0.16638339812181202,0.04243091372993574,0.018709714060492814,121.27157484833202,-3382.174532837775,10211.154437522639,995.2364550096073
12635.666326569315,0.15275150322198447,0.16650196469230585,0.04242951468291063,0.018712350510030163,121.55230019306785,-6431.954092105345,9366.051294621799,1037.7395522302977
12637.337053992065,0.15261303760512612,0.16658226441921953,0.04242734024169947,0.018714680816229727,121.80368087913318,-9056.988523232365,7892.164288149317,1010.8580444621814
12639.222756503845,0.15246957065418587,0.16666077356159328,0.042422167521897376,0.018718176500140783,122.02943015623339,-11171.524956576037,5967.325453095287,926.5069114054438
12641.012920061736,0.15232321291637374,0.16671553774365938,0.04242103398612323,0.018718598810129494,122.23386682591864,-12745.27008282607,3749.6418844282866,796.9880349831271
12642.663672447772,0.15215820529023258,0.1667152719014763,0.04243078356887622,0.01871666864007003,122.42110398370825,-13781.781801324962,1371.1618477915847,633.6197462275139
12641.092566553238,0.15228135962710884,0.16666449993459093,0.04243603378185125,0.018716582512236218,122.59474716577853,-14303.635239138479,-1060.3078498933726,446.4000823412876
12639.865515175352,0.15239382493854498,0.16667625006548753,0.04244472931977465,0.01871792966962619,122.7578733200081,-14343.451105276907,-3457.1417434718137,244.00961515298897
12638.994198386768,0.15247162228789868,0.16672710477605168,0.04245459663163379,0.018721124734969875,122.91311489670757,-13938.67193657567,-5747.586197686154,33.94540482754406
12637.8874831677,0.15256241507800697,0.16679009161510894,0.0424649343900827,0.01872631893827647,123.06274135761385,-13128.838843627878,-7871.507607338562,-177.19813640261847
12636.873720236523,0.15263507099535378,0.16686031184845945,0.042467229468143214,0.01872792696942936,123.20876213785435,-11954.552351149207,-9777.182334708898,-383.4778129727795
12635.752563594122,0.1526905977355714,0.16696170855199183,0.04247176564936428,0.018732218603413717,123.35302130522088,-10457.422273875538,-11418.855257789874,-579.4249629985302
12634.674760723643,0.15272071924567138,0.16706865565568702,0.04247192246954276,0.01873240536476473,123.49728125544762,-8680.5548556583,-12754.84389871655,-759.8674751789913
12633.32887770937,0.1527542748556474,0.16719461788864592,0.042476422671884166,0.01874019556430347,123.64330557742788,-6669.525303593878,-13746.141691439037,-919.779963990546
12632.24300314407,0.15277140582638726,0.1672954351099221,0.0424766090681942,0.018740643658030378,123.79294034017873,-4473.820037456519,-14355.561277299674,-1054.1387631778525
12630.69169391011,0.15277664774232796,0.1674381762978481,0.04247780123957948,0.018745847535474567,123.948202278624,-2148.8106969852356,-14547.419787686265,-1157.8182474676846
12629.190759677962,0.15276330942918692,0.16757266402975454,0.04247819153687089,0.018751706667258335,124.11136980851235,241.76373312914612,-14287.865952772518,-1225.5547028475871
12627.769232933042,0.15272793679597924,0.16769122155060592,0.04247719734532124,0.018761405189577144,124.28509098686754,2622.721026136789,-13546.230938854409,-1251.9232388499015
12629.788290846056,0.15290204846039523,0.16762575730909693,0.042479000630849355,0.018755296644727835,124.47249429099217,4903.719251590768,-12297.733515196378,-1231.3874283377336
12632.62085939154,0.15313123991336994,0.16756853406373748,0.04247806076678313,0.018757153396985988,124.67726455303682,6974.921108663403,-10529.169632050476,-1158.6750995521
12635.782391166611,0.1533850459551551,0.16756881452364197,0.04248366847305534,0.018750457345595325,124.90358352057311,8703.324603357341,-8248.734435831559,-1029.47563589762
12639.14696969056,0.15364090731907576,0.1676497161698527,0.04249317285276039,0.018743435890660787,125.15584549055085,9932.567369714421,-5501.018631475435,-841.6678163993312
12642.834281918873,0.1538831816337358,0.16782009159323083,0.042511323542437154,0.018736366095721806,125.43781760330366,10491.31276454781,-2388.188424501941,-597.4777699390154
12646.60231886108,0.15406691891383098,0.16808238560686362,0.04253252844874104,0.01873473992524898,125.75094745475367,10218.781930034138,907.301501017191,-306.37456084632566
12650.191412188546,0.1541446177483696,0.16842436718686365,0.04254013346570772,0.018736561622113977,126.09189854989626,9014.07482684913,4113.7144213334295,12.236824499646442
12652.911489061198,0.15407281255464816,0.16877188136456622,0.04253909795037053,0.018735600101449392,126.45062760114064,6899.266649284801,6900.125192712982,329.2377513007018
12650.77938448811,0.15385949801882712,0.1687721266764556,0.04253142632149216,0.018724166529647642,126.8114341530911,4056.446357150989,8957.735707309643,611.3836915194546
12652.806804713466,0.1537532257423659,0.1689582791984663,0.04253010578320123,0.018718694096262152,127.15788887710377,793.273161239756,10096.001545699412,830.8639531264303
12654.667542707673,0.1536228356138644,0.16910579644099152,0.042530335701355844,0.018715711321230385,127.47831167926222,-2550.8703263736297,10286.240943723547,972.537078085595
12656.498439761735,0.1534907189711997,0.16922414869911775,0.04252751828506278,0.01872233549027387,127.76781630042667,-5692.568373626753,9631.068443702214,1034.560965252117
12658.267931447988,0.15335438704640256,0.1693165856652194,0.04252591025485925,0.01872426643407581,128.02690845910547,-8441.743684906924,8299.60312490433,1024.2386548232064
12660.162799368904,0.15321219671079744,0.16939954792236336,0.042525383436105395,0.018724603481926262,128.25897646880279,-10694.736446653385,6473.32353267776,953.1283515124891
12661.677789282969,0.15306370643593298,0.1694285157058079,0.042533465036517025,0.01872076256122054,128.46836202933898,-12410.120854038494,4317.198550658391,833.7051173391793
12662.916096409164,0.15293123078909415,0.16942228655554592,0.04254239476254126,0.018718552979913122,128.6593377038319,-13585.335364653238,1970.1675660236567,677.6909069492677
12660.901131897557,0.1530811654466659,0.16934557788675797,0.04254715136354844,0.018718264736933186,128.83569128070815,-14239.901975938279,-454.283644212705,495.5061673189925
12659.513184091713,0.15320912643364595,0.16935789123974154,0.042550870311901814,0.018718675761010304,129.00066419868546,-14405.052777670808,-2864.3078856683187,296.16944970743083
12658.414159710572,0.1533097876770334,0.16940213023941256,0.042557722212043805,0.018720593114899764,129.15701733859743,-14117.652540495646,-5185.178852743827,87.43184989053113
12657.813219239768,0.15335674168305122,0.169452889333403,0.04255825951402683,0.0187208277276945,129.30711571699234,-13416.926737538597,-7354.837415857303,-123.93411593863999
12656.85143265903,0.15341991846060912,0.16953583102951925,0.04256795924665739,0.018727106635757353,129.453029359444,-12343.183729650884,-9320.386139287404,-331.9132394254563
12656.013882028177,0.15345684358258826,0.1696208791081611,0.04256483478105158,0.018724358223126958,129.5966308824169,-10937.502935014743,-11035.420973393544,-530.9944997513816
12654.75412824999,0.15350892795612447,0.16973632527436672,0.04256788176824806,0.018727906669151875,129.73968688321267,-9242.097999957521,-12458.006331264996,-716.0001193494068
12653.519581544044,0.153542621583376,0.16985247497290898,0.04256921961801545,0.01873000494255082,129.88393843006753,-7301.1966485020685,-13549.17508919626,-881.9603589240331
12652.044337773466,0.15356829009524173,0.1699902274694779,0.0425702752205488,0.018732353883036307,130.03118487597044,-5162.338165286691,-14271.940663746645,-1023.9302869438983
12650.514198999057,0.15356192499457472,0.17013193590557,0.042570622436798204,0.018733572782476695,130.1833666708926,-2878.1428212178903,-14590.773214858255,-1136.900146819258
12649.083101256801,0.15354825998283392,0.17026002989425743,0.04256984403316379,0.018726674209892293,130.34265863535416,-508.55853325367576,-14471.650407108675,-1215.6939816641814
12647.34765577783,0.15351515635926286,0.17040926981806326,0.04257014075915845,0.018721005151034587,130.51157148361344,1876.195086874114,-13882.97658987197,-1254.9631508642103
12647.40414587785,0.15355499821689814,0.17043393719000263,0.04257019353994828,0.01872085681304356,130.69306562427445,4192.131583969367,-12797.81265509533,-1249.2731062557928
12650.066712685908,0.15376548236295823,0.17035983372678604,0.042571327168260106,0.018718327635111883,130.89065070589967,6337.3558699728555,-11198.225132110021,-1193.2767106428228
12653.136797951782,0.15401233089838337,0.17033783408655356,0.04257832557747412,0.01870857768318897,131.10839614075948,8187.829910457647,-9083.440565825194,-1082.2214469090566
12656.348623940918,0.15426325970725202,0.17039380421353195,0.042584805918970854,0.018702910100130442,131.35075277013507,9595.39099535258,-6483.014989380346,-913.0545189736763
12659.921173521605,0.15451071056666393,0.17052299546143568,0.04259958457245252,0.018695503467178444,131.62194797657898,10392.197588007455,-3476.062925006921,-686.2175490807857
12663.346628762842,0.15469464625909826,0.17075808355312347,0.04262283552002465,0.01869127530192324,131.9246012634097,10409.089066380064,-214.82555303552525,-408.31568750126206
12666.955093978293,0.15480821623802551,0.1710717287487026,0.042640006732219585,0.01869357389360626,132.25740790367078,9516.74298942341,3058.524101489885,-95.17921239498126
12670.25616444185,0.15479791715899052,0.17143383741170704,0.042650357942101064,0.01869883012888039,132.61268896650006,7687.825229356255,6025.286759495016,226.94677725663368
