Episode: 249
5497510.590263108,0.19979591851526748,4.99618187654973,20.074123701769103,19.96224950401265,30.86640575262491
5498824.948896861,0.1997957403511626,4.996447133092996,20.12483899893473,19.967705847235646,50.47626022197739
5500180.649962718,0.19977553321718086,4.996569685628102,20.165018370384818,19.975956430472383,68.4257654951997
5501832.763519062,0.19974685715620547,4.996435213164629,20.201741783847055,19.987856380942045,84.62533056317925
5503137.244946841,0.19970094768600166,4.9957879963450935,20.220268299958256,20.00571779303065,99.22770656192192
5504845.264813069,0.19964726715768089,4.994888996090723,20.248795926387473,20.01968905797302,112.45073264947858
5506515.813843256,0.19956888000798884,4.999085487600424,20.329630102423728,19.977617238037876,124.55835083987236
5507738.550866215,0.19938470045331583,5.003919235938416,20.374753115376475,19.946372318536127,135.80874665828847
5508920.830900138,0.19917954084508638,5.00916842190063,20.39295778295411,19.926287374331693,146.40164587262908
5507359.759491516,0.19932088308164933,5.014629403424803,20.38242135057001,19.91736738943593,156.51923717298803
5505886.123897025,0.19946383940367318,5.0201107274488725,-339.6312376116724,19.919334363878505,166.29401674920877
5504419.07998234,0.19961441178419792,5.02474577411624,-339.6426731663565,19.930048849344814,175.86588608843448
5502860.410731126,0.19977110779627605,5.028808266597234,20.347193740162197,19.947801130902803,-174.62853610968668
5501276.468151011,0.1999208739682739,5.0331371065760395,20.333886687985558,19.976835263365487,-165.05768255492777
5499866.593972344,0.2000411605427191,5.037000025888923,20.31704297104097,20.013900825094687,-155.2828992494737
5498235.4585667085,0.20016763499237217,5.039960684348675,20.30418645652992,20.054091150052788,-145.16171919935672
5496596.331490338,0.20028068874085464,5.042228787447104,20.290222306275112,20.099431825221767,-134.52923498639402
5495207.52866118,0.20039817096929072,5.043324510376835,20.279764332560802,20.13621347727041,-123.19109301402678
5495657.262193371,0.2005412185874957,5.043803786026174,20.220850437624012,20.180806990134,-110.89724084437451
5498271.561084079,0.20069032597772626,5.043496159931419,20.13172629087899,20.21525854779368,-97.40410420472584
5500981.689972267,0.20091042967308295,5.043537269642265,20.09429061788207,20.214064164482707,-82.50898487145118
5504194.83179586,0.2011950577430405,5.043569114728536,20.0707182167654,20.21356042502413,-65.97663256348244
5507325.783264654,0.20151258859268678,5.042658710066334,20.073293787886293,20.221271234724608,-47.70471795328013
5510547.07624482,0.20182986863010727,5.041638146240746,20.112709567807936,20.224809983019824,-27.815473600940965
5513341.657045629,0.20207980920630458,5.040070120740821,20.194765889007694,20.223667136419724,-6.808353774038703
5511125.476361645,0.2019231125631624,5.035841149366944,20.27012399675207,20.201814684193394,14.534742687596767
5512931.045039285,0.20198647535807882,5.035984905844285,20.329659378141816,20.203279078041827,35.22437465223003
5514484.222424706,0.2019974062699392,5.036346766832809,20.375463963636275,20.212319826666103,54.53859657755381
5515948.159004834,0.20198191376486566,5.0363830857679615,20.417853962761853,20.21704492899956,72.12570148389918
5517666.170374969,0.20195826609839257,5.03618177283748,20.453477499464494,20.228646983007863,87.95915804911834
5519417.403964417,0.20191902792816918,5.0354458106313755,20.481138384455495,20.245838555924614,102.21676449783345
5521173.445727048,0.20186269355685868,5.034566341730064,20.511623488797134,20.257964594162875,115.14787928408742
5522913.729659328,0.2017879301466849,5.038928624292784,20.59064434325174,20.218730164801123,127.00852597932074
5523872.917720119,0.20160309727303208,5.043547537736762,20.621544185943765,20.192178102515573,138.0646552576713
5525171.311124077,0.20141614991930631,5.048512973158542,20.641173920254055,20.17593520030931,148.48564975209067
5523806.952026404,0.20154147165196157,5.054003622530009,20.631803821641387,20.169535218979817,158.46539282707025
5522342.372768404,0.2016890010888509,5.059089574102509,-339.3798627601258,20.17350515867481,168.1306467410881
5520798.34673569,0.2018472496610894,5.064367182704783,-339.39366767632157,20.187851273950532,177.621524721627
5519351.350282198,0.2019917614671007,5.069280579589879,20.590454968415624,20.211381399608815,-172.92842081529483
5517758.000673547,0.20214024004056652,5.07343352446696,20.577570291119276,20.2411812750492,-163.39045197949014
5516268.575229311,0.20226401801924002,5.077016656967052,20.56345711996304,20.277657587642476,-153.62501993940862
5514724.645820335,0.20238629887927623,5.079954266952949,20.546044172148846,20.32001161133508,-143.48212459099207
5513070.017347174,0.20249066721714637,5.081872087064112,20.537947348675477,20.36123640923054,-132.80213353244469
5512039.647242373,0.20262298194870312,5.082948844621521,20.513643600101165,20.401726823274636,-121.36971298195732
5513882.345241375,0.20274259272112322,5.083278802930664,20.424411867053443,20.445534276456886,-108.91919488641658
5516651.479007155,0.20290680708895995,5.082986862808503,20.346183816941643,20.468868356683014,-95.25257617677487
5519546.607893577,0.20313187474586808,5.0827961609459384,20.30149792079035,20.474154898069244,-80.13247450099233
5522750.046704166,0.20342357055982668,5.082041765502903,20.272241465935803,20.484905644625815,-63.336046841407786
5526027.080813356,0.20374009372163512,5.081043926980475,20.274958942733658,20.492383587524984,-44.77292781376223
5528944.59455286,0.20403827072837163,5.080009033988516,20.32556596082474,20.495199948068723,-24.631848803238153
5531664.336977918,0.20427157401478424,5.078541104508997,20.41188644376874,20.493105947122892,-3.4626430963038066
5529188.615843898,0.20409032563075175,5.074537174824219,20.48890757289704,20.469069044683486,17.897410019219734
5531023.4348904155,0.20414664061316917,5.073722815369412,20.561176625846027,20.458372445708765,38.4528876207655
5532666.028343432,0.2041547141093895,5.073880412235343,20.612229577662557,20.46304015077036,57.52957409853126
5533969.78797444,0.2041283359494151,5.073960257155521,20.636519969573992,20.48221732472423,74.84017767191605
5535491.665178448,0.20409387997595724,5.0737378426412745,20.669120406435646,20.492288743428926,90.39886663155853
5537031.8634752035,0.20405393794908272,5.073107031705801,20.69494584974117,20.505383279572182,104.40748372239509
5538405.418697365,0.20400608213520227,5.071816741137916,20.71137075128084,20.521716985199447,117.12631053901261
5540136.811999025,0.20393100464857572,5.076100105064802,20.78574588124145,20.48624710133723,128.79890415400232
5541391.725839086,0.20374601215081498,5.081143773775527,20.823262447516996,20.459806669803857,139.6898271618154
5542634.329927439,0.20366084070928503,5.086417006777854,20.86149240243942,20.444646322488175,149.9591014950148
5541484.323290044,0.20376537415646084,5.0919324538700526,-339.14722616916674,20.440054311711723,159.82696291006783
5540077.856435981,0.20390437571632236,5.097400424354599,-339.1616750548286,20.44595245876452,169.40356155234824
5538774.726402257,0.2040386486908059,5.10255443558183,-339.17431494628886,20.46142186071749,178.8205495338258
5537221.962646494,0.2041927518474766,5.107203383422278,20.811564605683262,20.48502798986653,-171.78623499706418
5535795.470920451,0.2043233496287567,5.111185845237302,20.79819356980773,20.514883864056948,-162.28674015816188
5534173.995320726,0.20445681315802106,5.1148348619011195,20.784013738531918,20.553489183242622,-152.54581606715388
5532569.869263783,0.2045744766901295,5.117703859677454,20.769130651596726,20.596517412349172,-142.41093960557345
5531311.185099777,0.2046672776441716,5.1196006373969976,20.74932567363925,20.639320105670517,-131.70561108022906
5532660.535110813,0.20473884463881362,5.12071676286507,20.66442258395343,20.684776983544005,-120.1782223404481
5535000.974681146,0.20485153105824971,5.1209515727222135,20.56592823423626,20.72794211899188,-107.64982043664997
5537727.358170366,0.2050074124747634,5.120679268769168,20.49519133865002,20.746232122117203,-93.88515184134786
5540788.981972288,0.20524656204967903,5.120448704453844,20.450080621579794,20.752097868737522,-78.62958189664518
5544066.606003819,0.20554483132189627,5.12019803154865,20.430432954238984,20.755410258395376,-61.667784499253855
5547375.854625432,0.20586470066528895,5.119952170182487,20.442577545715302,20.757005394817735,-42.92450916999504
5550567.738753224,0.20617437040603545,5.118499696418349,20.492632773570794,20.760370641170983,-22.617135851612655
5553166.58618753,0.2063919021617628,5.11665335053505,20.582542612962953,20.756977740742418,-1.3468351911886371
5550856.393063601,0.20621965777608023,5.112872633015387,20.654068600703766,20.732198293247492,20.025935604282
5552653.231081909,0.20626762187412637,5.113143555491546,20.711916396825,20.73584679011155,40.49111639622929
5554133.574269382,0.20626381646670916,5.11313612175837,20.764561746273404,20.7357697431804,59.41400552378235
5555553.425368853,0.20622866082908603,5.1131447678007405,20.800769838732208,20.746863495860556,76.53520487331609
5557160.104893293,0.20619761798629427,5.112683928107271,20.825301061160257,20.765467984750153,91.90724869212693
5558885.556145826,0.2061545050306847,5.111949897115903,20.853705846840565,20.77966907976769,105.73988019388113
5560614.308504656,0.20609473642273926,5.110801382953406,20.88047933382431,20.79339255518269,118.29790371779424
5562291.515640216,0.2060176545098963,5.115370831137357,20.953197047804313,20.757569383307334,129.83891562966585
5563958.445053471,0.20591635462177768,5.119955546149773,21.009045085028447,20.734954130297595,140.5915798260523
5565472.122614015,0.20577537618482272,5.125116488708826,21.04182224016276,20.721336026093297,150.76357472526314
5565736.708155962,0.2057651710071712,5.130661122558671,-338.94632139519143,20.71777657882638,160.52172677239162
5564875.315552672,0.20585666805110495,5.1361477163010445,-338.953787165776,20.724576670210496,170.01342545572797
5563881.193633888,0.20595960178307515,5.141401747686021,-338.96646429340774,20.741089672462536,179.3614479067333
5562720.060723595,0.20607334253805715,5.145139995849539,21.024262459451883,20.76056181037118,-171.30632876524783
5561698.4111354,0.206165045250124,5.149338286391077,21.00516332728251,20.7925953896705,-161.856778571952
5560750.39035069,0.20623768344517635,5.152198819526503,20.990786571108334,20.823286283392754,-152.15506599375692
5559758.17172063,0.20630060786305338,5.155037126063186,20.967375984713033,20.866443902844576,-142.0531128763581
5559918.984167686,0.20637533539534558,5.156460360604434,20.919300278054052,20.89908622222762,-131.34454772371865
5561673.214537395,0.20643777831671342,5.157541367214225,20.825808543834615,20.944384123293016,-119.83681413084321
5564207.895711817,0.20654560772171485,5.157742957988901,20.72419418312106,20.98718655857381,-107.32595431280129
5566998.872073624,0.20671299870369203,5.157642619340167,20.665481558291724,20.993701570858356,-93.5741231080423
5570040.911877001,0.20693804308437883,5.157345876522932,20.618474771351988,21.001010298482736,-78.32083702574074
5573377.939809417,0.20724000493740244,5.15644235365362,20.59082967276548,21.01272978822581,-61.35174520331021
5576772.665574802,0.2075725847963581,5.155719646913755,20.602962069279236,21.017545341235294,-42.595155019200845
5579956.45440728,0.20788132870684026,5.154656057292346,20.655386031186577,21.019824245975375,-22.26932700353387
5582473.228325894,0.20809090762565732,5.15230775962526,20.745340007404046,21.015376782106074,-0.9849409132872444
5581370.862855766,0.2079978314368901,5.148126150857216,20.822300560681743,20.987612480682603,20.38214934290942
5583184.883560758,0.2080480684547946,5.148078703887139,20.88242270978257,20.986815641978318,40.82568590300535
5584465.077541817,0.20803432938333616,5.148000242294242,20.9339035385972,20.9843584608446,59.71019629454925
5585940.170263935,0.2080100720949809,5.147999827196492,20.969898004841667,20.993840108952522,76.77973540522068
5587657.013837356,0.20798265058347867,5.147486321730043,20.99450966970366,21.01392063238515,92.09125538751121
5588986.154962469,0.20793680699086228,5.146965128006774,21.018080651698433,21.023751005737083,105.87235292125308
5590719.743482817,0.20787977931022342,5.146308486957868,21.05053260561329,21.03143020118156,118.37013875027222
5592440.97686518,0.2077971598744667,5.1508368744895074,21.12276665680088,20.9964482753259,129.8510631104767
5594163.635305185,0.20770135943880594,5.1559427167259555,21.182745352099865,20.971621449392984,140.54274901124876
5595592.138943924,0.2076065597448344,5.161365197781848,21.223483773153415,20.957520716282346,150.64817291636643
5596906.274446622,0.2075049065670406,5.166565540461863,-338.7518169910965,20.95424140346935,160.33345043156527
5597798.166474037,0.20742592871929286,5.172057787407272,-338.7472181351905,20.96097590607647,169.75233210835697
5598209.496897195,0.2073887883137286,5.17732217174176,-338.7548878195221,20.977313429408568,179.03258378722995
5599023.553096326,0.20730447934624793,5.18219704475421,21.226019829904335,21.002358323684632,-171.69733662986135
5599388.280217171,0.20726038088911752,5.186533941214487,21.197872114017734,21.03493928293728,-162.31089475732531
5600067.387605604,0.20718648754467495,5.190201615893198,21.156977987729412,21.07360191849498,-152.66964832830388
5600455.119181778,0.20714151034635733,5.192675285663406,21.117927108098918,21.11041340178805,-142.6348511831129
5601385.890687998,0.20713832981753683,5.194566388233937,21.049595297438593,21.15258262370074,-132.0182239393737
5603508.006488757,0.20719127108394206,5.195366559109857,20.960681896216215,21.184503379837857,-120.62242332525865
5605898.185087735,0.20728587276601676,5.1956208902822745,20.861788990745094,21.227783211482464,-108.25819762896961
5608719.496491978,0.20744985772110064,5.19544681533468,20.79624249142719,21.23990033559964,-94.6756421335186
5611562.531899538,0.20767353486990348,5.195125243386033,20.752118981703493,21.24817235980798,-79.62566426905676
5614934.28488574,0.20796785116496314,5.194652973284788,20.725963663785386,21.25454301611287,-62.87626709639385
5618397.41292336,0.20829339501297003,5.1944692552423835,20.734721800927126,21.25575634735445,-44.34261827658879
5621704.69855934,0.2086083702710242,5.192680439622773,20.778644195253925,21.260347314839855,-24.212790606476506
5624477.4672274925,0.20884157253272498,5.190533999273418,20.865939421564033,21.257084035505844,-3.0590279911838274
5625718.102045214,0.20890584666246514,5.18625498728499,20.94771457911619,21.23105355836211,18.267270020050255
5627343.323646307,0.20894855845180546,5.186269516781991,21.005420034121528,21.231102415172707,38.76800674660517
5628997.615703629,0.20895734278845238,5.186280649477094,21.05892267788741,21.23153449627879,57.757691735694166
5630645.729563082,0.20894308367438683,5.18630322579035,21.098779499573787,21.23998232395825,74.95138702024069
5632331.5725080315,0.20891300011557498,5.186085121442782,21.134182202174685,21.249250355794224,90.38124672154909
5634069.20124775,0.20887032745422676,5.185255447277435,21.160051504791298,21.265886001882613,104.25089850572853
5635669.386313727,0.20880992177781832,5.184594130345027,21.189106546371924,21.27396231000311,116.82481748868993
5637436.604530221,0.20873703140500222,5.188959855742181,21.26309592037937,21.23873173010335,128.3530639816686
5639045.052599471,0.2086503699716176,5.194039865268017,21.322113192824315,21.212628971380525,139.07312761670286
5640685.89703097,0.20853613606353072,5.199461562440551,21.36665730768328,21.19716495204792,149.1813159481743
5642332.641460633,0.20840528209765005,5.204658074415312,-338.60372824626796,21.192576682513064,158.84856067149724
5643955.210655734,0.20826349585526685,5.210182400386454,-338.5882941082498,21.197851912602545,168.2245277206238
5645353.322401006,0.2081290588285976,5.21551525029259,-338.59171500505045,21.212752929186014,177.44898062699014
5646877.323354857,0.20797480009559852,5.2199765282414265,21.393251716700135,21.23401063555862,-173.3551244834929
5648175.307516303,0.20784057535827097,5.224426991835467,21.361268194081642,21.265322811877745,-164.06096373550494
5649586.980822282,0.20769950569428788,5.228229350085299,21.314703756587594,21.30288845405673,-154.53761169374587
5651032.775075676,0.20756812850936102,5.230947658135439,21.259817399743042,21.340539631640706,-144.64498817822385
5652889.809779374,0.20754918680338277,5.233149242682476,21.16326474640452,21.385352482734206,-134.19938860584716
5654885.018961359,0.20758834787629135,5.234347538704892,21.06781533969259,21.426641837676357,-123.05135514719835
5657303.0847491305,0.20767995296531827,5.234753723369309,20.968843681998795,21.46777201146327,-110.98850925856578
5660081.326879559,0.20783037808642074,5.234581532264822,20.896530442493887,21.48495638655386,-97.77598064675013
5662570.199369242,0.20803595225983612,5.234571936173527,20.863534810673357,21.48532675214157,-83.17356973894285
5665765.829632198,0.20830221269001792,5.23405004416767,20.830498599570287,21.493319320033827,-66.92520662630112
5669034.811635783,0.20860897218528374,5.233444935045356,20.829120710086453,21.498281544204463,-48.91309121566811
5672328.649253199,0.208921219280744,5.232075342344891,20.861033889857165,21.503092209120034,-29.239838956402043
5675232.714698102,0.20917597101693933,5.230047196022406,20.936122677491205,21.502052279533178,-8.37817446579899
5677385.891718034,0.20930795857105622,5.225929296731046,21.049300527611283,21.48236088635237,12.852066504624865
5679384.318448441,0.20938480815231675,5.222121228021858,21.15045432649377,21.441182392647487,33.52980400188161
5681119.489049833,0.20940623547508846,5.222294193296963,21.20220297621738,21.44518896206346,52.852085759372855
5682751.1794214435,0.20939836559346284,5.222373333836104,21.242959903383415,21.453075976811824,70.43577856139575
5684250.884266857,0.2093733103787517,5.222106227050971,21.267492232878986,21.469450479658807,86.2448584313416
5685988.0242135655,0.20934052370480144,5.221506325478154,21.295848872905133,21.483502640324996,100.43973714745898
5687751.017775629,0.2092899076371203,5.220569487645856,21.323973981190107,21.49642367497337,113.27347340224327
5689254.372333666,0.20923416352000918,5.222408787546366,21.373982691979275,21.47976907230328,125.01018443806117
5690845.476578668,0.20913979621273035,5.226937202789811,21.432200469330013,21.453224947166575,135.87893254037763
5692533.963059764,0.20902874029650298,5.232290370026831,21.481752775544766,21.43469105607546,146.08299972159824
5693884.654892951,0.20892994049684221,5.237637779482291,21.512212192511473,21.42694726293066,155.80540635352895
5695363.993312255,0.2088077974698533,5.243007935592025,-338.4684983722164,21.429039350119968,165.19166113790243
5696970.724861793,0.20865877884586664,5.248447403874149,-338.46392891029893,21.4409533797461,174.38166880788933
5698545.268678645,0.20850202940373383,5.252573084525374,21.525540183551854,21.45777419113577,-176.4928242272939
5700103.166724877,0.20834347870777892,5.257237178982308,21.49664909212537,21.48668098807695,-167.31298472661146
5701509.346479651,0.20820038396298593,5.261299731339208,21.455250305416488,21.522311645490248,-157.9544441312403
5702785.295652334,0.20807861791435484,5.264306818178365,21.4063078776076,21.5590348243882,-148.283513020484
5704258.32005759,0.20799223879412418,5.266754750693482,21.334494673517217,21.601832161955645,-138.14220096795586
5706422.886042634,0.2079900457659758,5.268334027207915,21.233831338858163,21.64531488116836,-127.35026025170367
5708678.8456946965,0.2080449261391546,5.269086115163567,21.133833901368966,21.689423198601002,-115.74099536691219
5711389.763188517,0.20816848149272305,5.269013155495832,21.044616646841668,21.72056511319412,-103.08462852986823
5714356.745402627,0.20835745392858407,5.268740455660824,20.98366844001621,21.732009880360316,-89.14053592698069
5717557.06124429,0.20860644706141376,5.268252317275291,20.940033453327104,21.741500235319876,-73.66367217569092
5720975.198139852,0.20891480114709282,5.267286808363051,20.920748930191404,21.751736431086798,-56.47309355011695
5724278.086159449,0.20923341167089418,5.265832332065831,20.937682492411803,21.759420671135363,-37.56068500302849
5727106.510942571,0.20950139259125825,5.263550276044441,20.9951370282275,21.76204468434864,-17.228262676586994
5729229.270272663,0.2096647894679532,5.259355452018779,21.09540891595937,21.750083319953962,3.843100508771305
5731213.7594719585,0.2097626255254742,5.255227319835416,21.18336516993809,21.717675730660815,24.770855116554213
5732780.361224141,0.20979160885894713,5.2553411473706495,21.235726054321926,21.719442613510516,44.64067294202556
5734413.278170258,0.20979155584540207,5.255523136844379,21.279277552243887,21.727222898884307,62.90175623954681
5736204.50547437,0.20978213937653623,5.255459041662454,21.31404750135022,21.740215923992743,79.38376693075028
5737718.036401577,0.20975359267445154,5.25511068994079,21.3413806306676,21.75142051210298,94.18771359634779
5739470.284684576,0.20971103720496076,5.254535634457489,21.373033415009946,21.761188398405206,107.52437921526021
5741263.934648415,0.20965156273987598,5.25411011236796,21.408932128680426,21.765741421316296,119.65394194231108
5743031.722438302,0.20957217921323504,5.25881289083666,21.480230172336427,21.732089769615207,130.82170357212226
5744732.568233544,0.20946703973142047,5.2640130718327365,21.53600383950085,21.708712029414325,141.24532815379473
5746319.801207906,0.20935266002155686,5.269512163063699,21.575669557667165,21.695730477162726,151.11041366968604
5747979.003562259,0.20922045786217627,5.274401371953556,-338.397369514864,21.693364071130198,160.57315150526463
5749369.996165428,0.2090960627065986,5.279950978963808,-338.3889389906884,21.700553434070166,169.78109822363186
5750715.580748437,0.20896765792249758,5.2846397235659985,-338.39113797598276,21.715083605836227,178.85652854038955
5752083.060335487,0.20883031945694014,5.289506574456752,21.586822061420285,21.73967974433083,-172.07261557618284
5753634.089363424,0.20867190472741295,5.2939102408594545,21.552137218275245,21.77195042288966,-162.89040297769228
5755087.92540279,0.20852773583462458,5.296977607901617,21.51115286774736,21.80326409716388,-153.468923942449
5756660.704933148,0.20838704769079422,5.299957718229148,21.44944729111382,21.8458354387417,-143.66938333550917
5758642.242847722,0.2083649257773676,5.30191033661614,21.354899704906018,21.886971717320595,-133.3132640991547
5760895.54548566,0.2083761777881234,5.303160994811805,21.252582174257626,21.932329103954604,-122.25373627958967
5763159.9867204875,0.20846476273731582,5.303509677498321,21.15852985746069,21.97345879595767,-110.29242881456003
5765812.8573238775,0.20861697670465265,5.303394539737731,21.097465560948855,21.98356002433866,-97.1925334258658
5768900.491698181,0.20883224121512178,5.30302011314812,21.04305348021045,21.99422840759053,-82.70691654099402
5772163.701653225,0.20910036966030016,5.301645336099806,20.99773491575185,22.01459340393262,-66.6147850073307
5775633.940932773,0.2094199777918838,5.300797616997974,20.994122453886433,22.021408108090043,-48.79382485065202
5778976.0865806565,0.20973358132058417,5.299550704783901,21.026659099584773,22.02568618423531,-29.346839093677012
5781974.913124807,0.20999130986251324,5.297420203322052,21.098661346963876,22.02465658788699,-8.728010789724795
5784112.526981732,0.21012317962739616,5.293172476689887,21.206896097556076,22.004909623254846,12.269632036665325
5786040.6575174,0.21019500758028864,5.289513488508392,21.30558829148808,21.966558376511372,32.745489070203895
5787775.596610066,0.2102199372508736,5.289624664542418,21.35724977270563,21.969013055686265,51.91658987652289
5789445.316466361,0.21021261400575667,5.289796997195598,21.39258109515625,21.983310415834886,69.39058807855422
5791097.418086464,0.21019843774828215,5.2895418287103455,21.417936341433293,22.00043031791013,85.12029584588281
5792892.016659301,0.21016512799277345,5.289036362528512,21.44926177765761,22.01265434095492,99.25365606663466
5794368.963916497,0.21011769023593058,5.2883903261672645,21.47453757397239,22.02176232952906,112.04065606912728
5796164.978283465,0.21004553153716207,5.292090962522216,21.548141484606344,21.987437992016208,123.71797837102123
5797908.686766723,0.2099672627085459,5.296693249660827,21.612720978761274,21.959521156847178,134.52363126748398
5799561.579553813,0.20987240824998682,5.3020230429567405,21.664495879013703,21.939965767026194,144.66000940212203
5801230.897512063,0.20975426346699647,5.3071399848297265,21.701472897430417,21.93139317689364,154.29901298233685
5802911.838461893,0.20961779140353493,5.312758171081119,-338.275161954734,21.932112275937584,163.5909126668628
5804533.051242676,0.20946768223093115,5.318259906146041,-338.2707445506586,21.942440769387556,172.67393985772807
5806082.236999048,0.2093167429633,5.323483234656857,21.72082813454427,21.961711115077712,-178.33456083424994
5807573.7437746115,0.20916533488993772,5.328276714977431,21.696895254166304,21.989010697635486,-169.3128872451977
5809136.664498059,0.20900715758914437,5.33250209734221,21.657882450057492,22.023174056111777,-160.14116982174917
5810695.048653498,0.20885725818386153,5.335364208700003,21.61273841371344,22.055229663886685,-150.69370122380226
5812219.913049759,0.20875925314673854,5.33811222262861,21.5414421241736,22.098600575223415,-140.82573041239306
5814024.858885208,0.20876413443775557,5.34000397927405,21.44643140901671,22.143808458829476,-130.37350259190166
5816007.370172074,0.2088251477767975,5.340999535018741,21.35056329821346,22.188301433649585,-119.1757560803701
5818618.923638243,0.20892214976160842,5.3411258980618825,21.25312938166246,22.227634565622996,-107.01687291654201
5821476.161217174,0.20908141152180268,5.340911651917873,21.188837976623805,22.239983596903787,-93.67243112185808
5824613.266274568,0.20930907404992452,5.340060204032502,21.12936130926542,22.259946255602447,-78.90051186316478
5827845.278947908,0.20959238842512706,5.339286196518384,21.10334782917813,22.269765406594168,-62.49845108065201
5831310.991543537,0.209910383877906,5.338033733317132,21.10445331718463,22.278250083532072,-44.380143844873274
5834317.724684428,0.21019928184958234,5.336037447742758,21.14714807078577,22.283238071216918,-24.727181770893708
5837177.70965948,0.21043372885280742,5.333620988680996,21.22760577284124,22.279914654909817,-4.065547831081074
5839486.589657359,0.21056917889166676,5.329339509823874,21.30367960126566,22.255513034657483,16.806102675239696
5841014.146216342,0.21061251590875735,5.3282625752077415,21.36917761844897,22.242341032742516,36.943057456629454
5842791.827832909,0.2106326532685735,5.32819993346685,21.42438210566351,22.240741945426688,55.66582898433505
5844431.251622008,0.2106240902947951,5.328298712190686,21.455382335457248,22.25644776549254,72.67716871319801
5846130.223144934,0.21060389421989262,5.328073950937795,21.48766643495086,22.267403444109707,87.97790733778169
5847846.034893945,0.21057605538678287,5.327623933386568,21.518452331888003,22.276938486192474,101.7459702574557
5849637.200419296,0.21053311215580664,5.327239610792339,21.554008514473463,22.2818412156584,114.2204933819966
5851444.2040701825,0.21047149715515412,5.3290190615534305,21.608650210764555,22.266616894477433,125.64707791058827
5853213.915934045,0.2103810893132596,5.333753163217183,21.670834333872254,22.24026108074575,136.24961689706188
5854988.319028357,0.21027829227710584,5.339161196173515,21.722857790649453,22.22245843188638,146.21829121844598
5856720.78452949,0.21015700296701267,5.344773901722386,21.760245920754574,22.214782068571992,155.72126904998052
5858255.628864856,0.21003367634344133,5.350413691336585,-338.21938936955974,22.21700288335047,164.90505150744326
5859722.820995105,0.20989999760037534,5.355770793680681,-338.21551133144595,22.228360563198482,173.8985078692218
5861105.016899891,0.2097651057037501,5.360920836828485,21.774611721299966,22.248572785514337,-177.18146196188266
5862345.14680283,0.20963793141212161,5.365668903239678,21.750528687914944,22.276774253722266,-168.21798734201857
5863680.302734833,0.20950677051107078,5.369457645277232,21.712149416937613,22.30845739922296,-159.0892334467835
5864927.59412368,0.20938946838705835,5.37245288764447,21.66608384138499,22.34306517835998,-149.6768418167915
5866148.792506732,0.20936313945825574,5.374526700744306,21.598926907919008,22.376895065859973,-139.8265387884482
5868006.203545943,0.2093703879828156,5.3760270948544715,21.51108836164235,22.414322580045905,-129.38669465739258
5870461.843491606,0.20941619809219067,5.376857789717773,21.410395161826052,22.454409626536897,-118.18284988343682
5872849.029295802,0.2095317391672372,5.376906246171298,21.326643394951017,22.486324036031245,-106.0244545986109
5875776.858303763,0.20969964371339925,5.376671874701205,21.262882834812334,22.498471771587212,-92.66753854428111
5878485.357138647,0.20990689833926018,5.375943940843377,21.21539597705537,22.514613704582704,-77.88791121939823
5881811.033564607,0.21018449985794602,5.374800430627118,21.18327802833094,22.528481928553454,-61.47236570084365
5885261.6925393585,0.2105018870176189,5.373027388499362,21.183784246006013,22.539950673586514,-43.36167997831185
5888549.708046308,0.21080414514284357,5.371309168315688,21.226428272110404,22.543820713763267,-23.74464552322196
5891383.176529979,0.21103246937281916,5.368876978390169,21.307449149009457,22.54002557212642,-3.1634318421982854
5893584.832081722,0.21115811695244951,5.364691627129986,21.385114469358925,22.515384248079645,17.58475642166726
5895453.31036366,0.21121652948581277,5.364718507512803,21.442403145998185,22.51557606154644,37.569168785971954
5896998.586354563,0.21122569368579364,5.364974624453787,21.484908329524377,22.522624193823948,56.144585592266715
5898788.016745556,0.2112236130575932,5.3649565811668225,21.53481440786932,22.521015593611942,73.0142176919396
5899960.426974464,0.2111951447684033,5.364575547208894,21.54876311280943,22.53919267448642,88.2038288202987
5901813.747331088,0.2111631953068309,5.3642483784662085,21.585359742985272,22.54596167245667,101.86442401644777
5903498.670733204,0.2111064272885898,5.3633353416338885,21.61201738386653,22.557597124397148,114.25189595020609
5905067.103915568,0.21104894323277928,5.3673741227831595,21.679943411007766,22.523422515777426,125.60628926729053
5906728.629317591,0.21097369501669253,5.372388546472762,21.74198101802165,22.49570352226336,136.14057004372583
5908452.575752204,0.21086817854236486,5.377257563627698,21.789908318433405,22.479716871345374,146.04684696569873
5910079.506676497,0.21075494995454622,5.382878249351868,21.825425946433526,22.47194062365798,155.4896844915118
5911500.976995882,0.21063734300670492,5.38844144062669,-338.15764532893587,22.47391236338073,164.6153972032758
5913037.43820243,0.21049976352976124,5.39396640565792,-338.1516458781882,22.485268371001286,173.5433540658185
5914375.063454889,0.21037019184111896,5.399201917537726,21.839027233230365,22.50531549779272,-177.60404012315806
5915711.613169294,0.2102368467885481,5.404000197245275,21.8115125164163,22.53315858712974,-168.70963443696098
5916971.931880211,0.21010676222888086,5.40822638092553,21.775072888472174,22.567660724551523,-159.66673589634172
5918228.848405823,0.2099860191154409,5.411359025166422,21.729599382943125,22.602902988455877,-150.34788157561198
5919408.377853822,0.20993888898221458,5.413921071380239,21.6616364119325,22.64337736898981,-140.6104415089995
5920723.304410076,0.20997211110557992,5.415358502240049,21.587776469324584,22.677674680279914,-130.30780905827288
5922578.542766096,0.21002204927112247,5.416156787797546,21.50531005242207,22.713210307731917,-119.26869740004696
5925205.045745933,0.21010885339598762,5.416271052062327,21.413021328988528,22.74783032771371,-107.28581503434167
5928150.735207975,0.21026866809317357,5.4159589193559174,21.34187252311137,22.765860158658604,-94.14439559831445
5931344.775668303,0.2104892590196219,5.415378681780909,21.286868788377912,22.77957313853209,-79.61013235942377
5934801.309101002,0.21077492849171042,5.414332869004764,21.252312885004304,22.792998447683694,-63.47994177972585
5938155.631888706,0.2110884565299052,5.4133909588982005,21.25661279308899,22.799515215764348,-45.668851795937975
5941183.616526514,0.21137819587301582,5.412336040273493,21.298879250539056,22.802298082436273,-26.322685359019502
5944019.55479384,0.21161018713308694,5.409239638961378,21.3708153680366,22.799103631296,-5.923448277887141
5946138.719357837,0.21173649551743562,5.40503421806591,21.44161625874432,22.777237685850558,14.759322949543499
5947924.32649361,0.21179845751077728,5.4049136035109395,21.49704907236444,22.77573723429085,34.79757512317378
5949420.534549393,0.2118143213852913,5.4050611984435495,21.540293174525186,22.77926840200271,53.50810555392733
5951073.660038888,0.21181058470104863,5.405120758306149,21.580020830968913,22.78581239277763,70.54673289898726
5952888.921153428,0.21180349308777502,5.404900056705685,21.611063002743172,22.79856657813387,85.8905977303782
5954645.428342277,0.2117726221901425,5.404357787003075,21.640150526991853,22.81095971847829,99.69857732721489
5956365.213127973,0.21172358193132385,5.403836140598709,21.672029647338938,22.818016279363835,112.20265018153495
5958077.518979792,0.21166266425542107,5.405752517939108,21.72623189261998,22.800730070965464,123.64187777888249
5959724.771640636,0.2115945146693656,5.410697320545688,21.789942909843308,22.771361246918545,134.23615509897587
5960917.22141845,0.21152822769904675,5.41570550545185,21.831118090528314,22.753152706475877,144.18541679131306
5962043.821932267,0.21145120113313912,5.420545990503672,21.858633786030225,22.74484340306376,153.6464860036062
5963148.360239327,0.21136397959343275,5.4262226690576085,-338.1254703031725,22.744939923774986,162.76168240510432
5964430.974187342,0.21124908867835993,5.431569498947019,-338.121344779633,22.753985757341923,171.65763011679792
5965862.774524253,0.21111127318394227,5.435613484541498,21.872916635688398,22.767797982696248,-179.54661669802812
5967213.73659041,0.21097637032867794,5.439480288002183,21.855924945620284,22.78831994018872,-170.73980596147666
5968231.840050958,0.2108708198664615,5.443330315505347,21.827123395601323,22.817311239549227,-161.81127363756877
5969269.207378192,0.21076675685024332,5.446278252129456,21.790690265088877,22.847869961961468,-152.641110332965
5970107.021366585,0.2107272212852899,5.448184158626319,21.744727549454623,22.875319108082405,-143.09483995818127
5971366.684359558,0.21073267810417487,5.449594757757275,21.679245436214593,22.90517134540433,-133.02351311480672
5973298.906558206,0.2107652348044231,5.450636392090422,21.59225567380336,22.943068719067973,-122.26387581788842
5975900.424255831,0.21084561946746222,5.450933037545689,21.498256220017655,22.978278477173472,-110.62604755859316
5978560.977682998,0.21099069000671977,5.450710109507405,21.428978208099284,22.997517888497487,-97.9077062436473
5981603.68219921,0.21118490310699878,5.450122305081434,21.368208783868116,23.014292519407583,-83.86778830252793
5984944.904667271,0.21144871681463215,5.449546463916211,21.332443750311658,23.022933476399206,-68.29305692058968
5988441.837393299,0.21175232973246672,5.448187258566494,21.31804697920111,23.03427726649025,-51.05052749937046
5991975.7829340175,0.21207100534001258,5.446069753083382,21.33928364756614,23.042464042589355,-32.206921744281146
5994831.126675341,0.21232096381724194,5.443476647370224,21.402964428803738,23.042676371799242,-12.143542867449895
5997406.370222347,0.2124908273417022,5.439197737500896,21.502279498182293,23.026363657771807,8.430161487335898
5999080.037499541,0.21255945793552447,5.435206973414919,21.589187454145524,22.990583295557826,28.665997049524382
6000727.642173562,0.21259118334038216,5.4353652932972265,21.635988736759128,22.993444857138524,47.75643535764587
6002550.79921273,0.2126061429838699,5.435608862774474,21.671329451030058,23.006265158980113,65.25414546006367
6004016.1461313255,0.21259478625784778,5.435541945561856,21.70220961575987,23.01325762740872,81.05794099202377
6005683.009028414,0.21257298623293816,5.435063572985919,21.728042642641203,23.026852043620075,95.26923030856652
6007353.52650122,0.21253169362322552,5.434439337054356,21.756329137009196,23.036664009950844,108.10620265268825
6008924.6995984465,0.21248887450019413,5.433865606912044,21.784731894712117,23.042479374531784,119.81033265101837
6010196.129758369,0.2124359469769328,5.436373249471874,21.828277720250625,23.02532367335386,130.61036627518845
6011755.376556946,0.21235558186723663,5.441387826822725,21.880715469968063,23.003473419428992,140.6926970033334
6012333.979539372,0.21231542702280617,5.444720216218186,21.898149744075447,22.995614658475453,150.2533790594021
6013133.888884585,0.21225493266136822,5.44906240538868,-338.08715234864417,22.993027046553383,159.41633755401347
6013784.311410183,0.21220101430278873,5.453807849968513,-338.08341126650885,22.998094302920116,168.31740265371775
6014503.96380211,0.21213809610487197,5.45767128428918,-338.08234068580407,23.008682961796012,177.06823496739517
6015031.753695825,0.21208552312839685,5.461898832048597,21.90563192871104,23.027839912364573,-174.2127602118193
6015578.46994273,0.21203042748738285,5.464229682229938,21.890423860075757,23.043164976990184,-165.41384198313423
6016257.390437925,0.21195665968306968,5.466538240682268,21.869387562933937,23.06416363716948,-156.42909991754405
6016393.155099571,0.21194793508739027,5.468062827944263,21.84794679727227,23.083229263195477,-147.13543127412447
6016843.503152212,0.21199746223662652,5.469248202653662,21.804402336533236,23.1043110024098,-137.3802183879609
6018178.970741045,0.2120409723376598,5.470066974839695,21.743329197558516,23.127209629112347,-127.01285479345636
6020624.795979038,0.21209712144544685,5.470555844306262,21.65633982743825,23.1566093370677,-115.8494469961157
6023389.45671037,0.2122084716652946,5.470461413620342,21.565077507055676,23.19110402742184,-103.70241270046505
6026129.17019994,0.21238039263737185,5.470082420530083,21.505607792345984,23.206778884442524,-90.35262639925665
6029337.067146938,0.2126124351418771,5.468882542875277,21.446933550598466,23.230169247189142,-75.55992710516686
6032543.4592846725,0.21289042240762932,5.4675657485603315,21.421649240684324,23.24451166522738,-59.15045133918252
6036044.983868511,0.21320619983764139,5.46583254216891,21.426854669348433,23.254437832139388,-41.076206379062796
6039309.054240892,0.21349538848063593,5.462834528763419,21.468066303204818,23.259805084646068,-21.56013414020182
6042120.312668534,0.21371157373821106,5.459598832251858,21.550668033806687,23.253511740023352,-1.171582599722636
6043005.083538258,0.21374914543378107,5.4562275257079556,21.62052922177912,23.232242441729305,19.29714393609627
6043767.521812327,0.21374417615083172,5.456759110989602,21.657794695319588,23.239011256005533,38.95439893253204
6045338.887094738,0.21375628034056743,5.456866465026929,21.701557377188625,23.242198304551177,57.18029740310186
6047108.391458154,0.2137565841593502,5.456919481890471,21.73330626058982,23.256123300859198,73.7224284833457
6048700.769593887,0.2137403055232431,5.456549150754432,21.75565850108722,23.27247746440731,88.61156689967574
6050600.381875113,0.21371348979514837,5.4560611073768275,21.788714652889773,23.282287643697668,102.01574866502926
6052292.124770403,0.21366386909895616,5.455223864452668,21.81569351549477,23.292685023357436,114.17819894895085
6053245.771036807,0.21363127143352487,5.453269558504647,21.819805433084895,23.30887829658004,125.34344757984547
6054200.876496768,0.21359061372368565,5.456925023013075,21.859364731259486,23.28878895041153,135.7053018765174
6055165.459274637,0.21352556532211936,5.459495606795127,21.884259318021712,23.28025435447812,145.4488132905845
6055658.188972935,0.21349905922310508,5.462797117878186,21.8993365824229,23.275382331787227,154.7339167383529
6055713.669257984,0.21349395870039023,5.465905761576782,-338.1008020846283,23.276023988583063,163.70051338315756
6056254.637314944,0.21344507166931576,5.468663672023859,-338.10085388348296,23.281113987630004,172.45619050887763
6056509.004480021,0.2134213124806664,5.470738582326323,21.89528453572183,23.2884660964812,-178.88053246664884
6056421.812477626,0.21342879238182574,5.471498494822365,21.89319756498682,23.29257505441394,-170.20183894022318
6056607.9695889335,0.2134030906627338,5.472381666409296,21.890848572404636,23.29930567923279,-161.40282511244092
6056942.311861571,0.21336784447443474,5.473752331640141,21.875361809699598,23.313639012417905,-152.36119487814986
6056842.338679351,0.21340292296195587,5.47395809970892,21.86731003048077,23.316597653292195,-142.9537036259735
6057150.686132805,0.2134721979501879,5.474127351531969,21.845208152227542,23.320157384829376,-133.02946177692752
6058759.435577624,0.21351502683574033,5.4750124386368055,21.77176379081494,23.3524058265695,-122.41528066279714
6061050.596921664,0.2135896151070495,5.475313370338069,21.68575063793005,23.387662368177853,-110.93376087524993
6063620.389194503,0.2137325728385929,5.475147635866815,21.623782538467598,23.402383095045696,-98.38019209401165
6066771.7355376,0.21393333944736215,5.47460889340282,21.563482396550192,23.418004390170417,-84.51682297537847
6070107.033746839,0.21418256692057905,5.473216305775971,21.51313132360753,23.43924985418401,-69.13081865233084
6073643.048839575,0.21448211341527743,5.470823960766654,21.48745943236022,23.45974307573785,-52.082364690430715
6076996.7776003685,0.21479089525998327,5.468059134756865,21.50648523691781,23.47099796142184,-33.42402916827107
6079640.773244912,0.2150284549927974,5.465517222737828,21.56792023843371,23.471732784650943,-13.506783461552384
6081442.2752362285,0.21515280316370516,5.462867483241243,21.657659250410795,23.46226405566565,6.9796978970298875
6082450.028004227,0.21518194843785707,5.460715263168708,21.724777335327346,23.443843459408175,27.189874030245736
6083753.131805684,0.21519746391066036,5.460545167595801,21.773183142524115,23.44085354979715,46.30223159086384
6085419.832834555,0.21520964972981227,5.460788452146005,21.806357340065443,23.45224669547779,63.842447131228724
6087149.19608181,0.21520851517834005,5.4607340253590975,21.840808363992785,23.459586673932343,79.6819023415841
6088602.310597729,0.21518811281084504,5.4603902142953835,21.864761147982403,23.469927759175853,93.92640221887257
6090292.798335245,0.21514216813483586,5.460059934920207,21.89784826692772,23.47528293312573,106.77442298716169
6091755.473762112,0.21508376413664673,5.458360341858683,21.911434641376058,23.493296295994185,118.47480673030182
6092401.132531412,0.21505227972169824,5.4581182191244695,21.922777229420813,23.494980235229608,129.26427721869183
6092956.679881962,0.21501773243117697,5.459531794167373,21.939347312704527,23.48843280491108,139.32613309506837
6093137.174915705,0.21500273729002442,5.459105575981791,21.940733446422737,23.489524052893643,148.83633046370937
6093447.011219062,0.2149749413568798,5.460108792349713,21.944783258374894,23.488655688023915,157.93420707406034
6093903.486292979,0.2149401841943752,5.461366299522056,-338.048785361862,23.489640597843767,166.74564293632025
6094015.393771216,0.21492860717969517,5.462745805010882,-338.0525518783577,23.492984609468355,175.39915138397026
6093687.656181801,0.21496053762767145,5.463221530215179,21.947244020865,23.494955978680757,-176.00654643374364
6093882.172849512,0.21494240598887407,5.4636761536208365,21.943112615396313,23.497727652311703,-167.35972588192888
6093768.49394219,0.21494846499308098,5.463924273362148,21.94433884535608,23.499818819504807,-158.559502704645
6093579.874598984,0.21496698299196826,5.4636592188171305,21.94882932469734,23.496718672780517,-149.4835971323123
6093621.1075525265,0.21499849621735792,5.463991856219959,21.93575753571632,23.502096361183423,-139.9965255002957
6094119.083542751,0.2150650582152929,5.464296784000081,21.907469265955466,23.509540744724088,-129.94779427421528
6095846.057445066,0.2151119352425256,5.4649737081454814,21.83454166248872,23.54075482159094,-119.15918915712764
6098279.831605885,0.21520404160424564,5.465049273091032,21.75666392672867,23.56754600833429,-107.44419990240104
6100906.633572808,0.21535296010997856,5.464660063097411,21.68977828214857,23.589661387280835,-94.59387856195262
6103989.482821491,0.21555050040132384,5.464041602472684,21.635278984894846,23.60430658703923,-80.36855466222481
6107395.489413593,0.21581313835945068,5.463205524350148,21.601040425141544,23.615161761002692,-64.56597979507471
6110950.822024798,0.21611748598581335,5.462283718726879,21.596863421289065,23.621714926223945,-47.08540698467734
6114350.991288036,0.2164107224797588,5.4600793936890515,21.62102300653782,23.62824540006678,-28.044758912097315
6117380.69790739,0.21665562662586083,5.458163063605411,21.687416755703733,23.626757799079456,-7.904415179236858
6117257.721843056,0.21664097534802598,5.456569370016028,21.76531901303672,23.6190417865044,12.58112423227788
6117843.947204525,0.21663145180533727,5.4557342190449125,21.822599066511124,23.6102622504777,32.538066036693756
6119069.437933238,0.21662957813750078,5.455560531607041,21.87240988249964,23.606533891250027,51.22690927114735
6120950.303598557,0.21664610446984087,5.45570390849973,21.90745467549574,23.61754353148421,68.2727970556925
6122773.226532169,0.21663310672362923,5.455512645175136,21.938319267691412,23.631133642051246,83.62405074500475
6124534.1887192875,0.2166173808572798,5.455216459394609,21.97010641733589,23.638407713904442,97.4268746215558
6126228.3079453055,0.21659096882511505,5.454359900482178,21.994156673912467,23.650806025487373,109.90266429360722
6127404.258293776,0.21654018180450038,5.452307999271666,21.999369123810602,23.670382940329862,121.29739023239863
6127765.534531714,0.2165117251968905,5.450230212050964,21.99258257686953,23.6836667015979,131.83613382645098
6128159.793321969,0.2164762540100049,5.449825002354252,21.99649133729047,23.68529445593419,141.69248453418956
6128152.682196869,0.2164873662502085,5.4486757987957795,21.996296314247317,23.687757638320644,151.03278153150887
6127913.91310375,0.21649691442397068,5.447870614107334,-338.0104830293416,23.688106510620596,160.00382119904486
6127813.577441027,0.21650387107752267,5.447464271902664,-338.01207850645596,23.68761646186244,168.7171940228922
6127730.09476177,0.21650988107803204,5.447350112298461,-338.0147973229522,23.687282962328446,177.29138360076536
6127345.002098259,0.21654743082023822,5.445903158625333,21.991135407463673,23.680628291072594,-174.17024753561887
6127089.907425189,0.21657223129958159,5.4450845999176885,21.997283400008083,23.67520157691916,-165.56157949597903
6126719.918211,0.21659608889042611,5.443969887457824,22.01523819075138,23.665042000194923,-156.77974813484224
6126527.584693257,0.2166180475739714,5.443702578480717,22.019192184521447,23.661692948578107,-147.69373334714638
6126722.936379312,0.21665595693981748,5.443911900659982,22.002893500338622,23.665333965290362,-138.16711267216482
6127640.254139395,0.21670051904090704,5.444001568118127,21.973143247190144,23.667712003810355,-128.0487619128334
6129452.827576416,0.21675491531333024,5.44451873755321,21.902312316750137,23.696219729056658,-117.1638103590807
6131647.242190208,0.21684437480399935,5.444492026861252,21.82148362565021,23.732905339878073,-105.32279574676903
6134464.958837498,0.21699643606312569,5.443862043409899,21.745862755477503,23.762240515282624,-92.29681469126032
6137623.144481687,0.21720229694596457,5.442536750634017,21.67991370057919,23.79037671027442,-77.85772490063644
6140960.967581706,0.21746090384235464,5.441237663270318,21.644967381017455,23.80577691897606,-61.81053099830105
6144449.2245508805,0.21775686108396308,5.439405245184666,21.638932970551018,23.817528185450005,-44.078383395951604
6147424.936185021,0.21802788505393494,5.437141673409105,21.67566095128769,23.82284486750759,-24.83634305493012
6150428.771199752,0.21826193572835478,5.434054534722874,21.748949615595162,23.81864998760972,-4.590124303041062
6149915.797838064,0.21821725550492618,5.433027878626641,21.807721523610454,23.812780570490066,15.87801930107717
6151206.429585395,0.21824702515793723,5.433346864717405,21.852549035591036,23.81635520182903,35.66089411512055
6153172.799185116,0.21828766499620386,5.433516890860116,21.896952789927205,23.82064641584424,54.08127909315857
6154956.747416956,0.21828557437117646,5.43357111583479,21.93706687782814,23.827534114396514,70.82590946437037
6156666.54961572,0.21826853602570964,5.433442714056752,21.971516054957576,23.83438094039762,85.88742906451223
6158219.2600609865,0.2182419118447483,5.432685897652042,21.989542526153706,23.851500821018348,99.43013388666586
6160154.002282256,0.21820962384094825,5.432055200948799,22.02206262320322,23.860033095153362,111.67285067781935
6160670.5626898855,0.21816296515331968,5.42901787488545,22.005078013532277,23.887478390344647,122.88806576741604
6161351.383423686,0.21812014331321286,5.426225564657741,22.00079897999768,23.904374270546295,133.25750373802697
6161316.368442738,0.2181195134162198,5.423427705192601,21.989232881567315,23.915014635531033,142.9832092524661
6160864.831487633,0.21814599245010508,5.4213821622106,21.977065762784697,23.918956914587756,152.218436670605
6160699.612460505,0.21815471302080186,5.419407986672126,-338.0271665927647,23.919430818163175,161.0894102153205
6160463.764946476,0.21817863213195263,5.418576315450002,-338.0263159632758,23.91827593215898,169.71896379852714
6159747.910068952,0.21824497282341448,5.417011125640226,-338.02774032750995,23.913525850906865,178.2271921272485
6159054.73530218,0.21831265255120627,5.416306060786636,21.974501428514852,23.9101207172835,-173.29168149289433
6158929.286074394,0.21832136057902804,5.415586910179884,21.98281197575576,23.905169386039855,-164.73280499775956
6158668.481968543,0.21833951656311396,5.414058408055301,22.001867741107493,23.89077086838343,-155.9849207827944
6158049.635972748,0.21839697009147377,5.4134149390055235,22.015999296748713,23.882473316011936,-146.93133950954243
6158027.227480706,0.21844138002341104,5.4128008989423115,22.019999017674014,23.871266036891654,-137.42718376025414
6158828.438637819,0.2184879015025484,5.412788131591682,21.99643186440866,23.870841133548847,-127.31793330164304
6161132.23107852,0.21851745762330027,5.413246358081111,21.917995124643134,23.89818602711395,-116.41704666535632
6163670.456150826,0.2186187774158748,5.413193787301278,21.841289878139147,23.924892127235427,-104.54817000188952
6166525.81443084,0.218782502104062,5.412564891369844,21.76874532191041,23.952534140906653,-91.48477336734992
6169677.825854009,0.21900113129250914,5.411713287727601,21.71671080850689,23.970063350322718,-76.99247410405906
6173180.12366241,0.21927522739641783,5.41058802166513,21.685429302389,23.983035332373824,-60.874040532883335
6176825.206590341,0.21959301037125398,5.408541297553534,21.683897095428787,23.995717117064395,-43.06684438944259
6180060.645893311,0.21987392781806633,5.406428765530802,21.719229509701314,24.00024509101113,-23.75065515582251
6182819.768905049,0.2200891297485023,5.403290594460066,21.795183311210664,23.995280280936964,-3.465590313746298
6181646.79503897,0.22000056303404286,5.40296829453421,21.851731386802225,23.99317967591982,16.992588791524188
6183401.2309168205,0.22005211405025432,5.403186877475976,21.902497008716608,23.995708905384106,36.711798395968735
6184945.760106644,0.2200619728117884,5.403090078120022,21.951991243267834,23.9932339417589,55.03904382665144
6186749.672349252,0.22007341013284765,5.403143517371373,21.98651802275373,24.0015076187334,71.67596507027264
6188702.606389396,0.22007109834074604,5.403088838969747,22.0273669897449,24.0039727401036,86.62119275931512
6190387.694731858,0.22004779894612753,5.402875719851393,22.059753343165763,24.00854149704444,100.05360983038047
6191726.877851285,0.22001391322491656,5.402484184317519,22.083159565191664,24.013711265138834,112.20919075659937
6192132.797317473,0.21997975654393415,5.399738577409382,22.06685516872014,24.038166605820745,123.33627633539028
6191841.134852508,0.21997560846956443,5.397295510303717,22.045415565331677,24.052743618091327,133.6429031690578
6191475.3860047255,0.21999093148768,5.393952548141546,22.025637479284253,24.065257017744216,143.29944991722616
6191384.640055113,0.21998801100657595,5.391433950382731,22.01740322175699,24.069988726898416,152.46015382436258
6191111.741071407,0.2200057751047805,5.3914638713889635,-337.9875343396668,24.06997010173015,161.26689187568886
6190670.626802336,0.22004552520958065,5.390928631757775,-337.9904506536853,24.069200576753058,169.837349276743
6190097.703672307,0.22009817497928513,5.390203972620321,-337.9937712304597,24.066967022828113,178.2843500917032
6189966.454321604,0.22010994863003458,5.389153481661737,22.015052214553457,24.06185953842019,-173.29908211147733
6189617.1008236,0.2201405016480562,5.389007503530763,22.019985682075774,24.060839635063456,-164.80069529321625
6189058.766965698,0.22018647047922627,5.387931582341403,22.036896290577072,24.050673523393765,-156.116449303889
6188949.968414564,0.22020409734349758,5.386884957161994,22.049269093582083,24.037187157799735,-147.12006972415142
6188987.150513511,0.22024209389491917,5.386777059321103,22.043571863550316,24.035196962040633,-137.68317422595663
6189603.7268453,0.22028747951613384,5.38676024973141,22.024798511256652,24.03466638122167,-127.65150036504356
6191451.331225293,0.22031468608170665,5.387075173408072,21.965798532392675,24.052884225921964,-116.84036629717515
6193959.994444197,0.2204028642243184,5.387022224189671,21.87604348813334,24.093421424448863,-105.05911413310575
6196308.758040868,0.2205416500181887,5.386373194550851,21.809861274362383,24.12325814113958,-92.09883728285776
6199637.5143514,0.22076760551671312,5.3854763447110825,21.753782143697823,24.142310348708463,-77.70446109773714
6203053.337515313,0.2210230715024621,5.383809023276016,21.713262166269935,24.16214888227138,-61.6842813814433
6206429.6447141785,0.22130803871134494,5.381678218538501,21.70587057197252,24.175885180139,-43.96231875130532
6209658.189246433,0.22158814773812682,5.37892216636297,21.737639410222645,24.182378442444538,-24.70825653987354
6212430.788711689,0.2218075727975978,5.375350765535,21.814580858101483,24.177375018462403,-4.446561082883279
6211769.406647192,0.22175427503177988,5.375302667241395,21.865327611573864,24.176866687194938,16.038987866886867
6213447.813611891,0.22180701639624673,5.375664860227024,21.91015245740265,24.181022270952752,35.81945808998976
6215185.874447497,0.2218351475456251,5.3760534330130785,21.94580119804307,24.190928143312544,54.21863150697989
6216871.500184834,0.22183731202790763,5.376111834859329,21.98053114745173,24.19855576852239,70.92250740814312
6218767.23094191,0.22183221887932944,5.375921653590098,22.012569640736604,24.20892380201647,85.92183297231732
6220444.878353631,0.2218125600350908,5.3755107733572824,22.039501599216695,24.2182215500122,99.39191086355586
6221951.275218956,0.2217794007570584,5.374959297613351,22.063674747441215,24.22575751751903,111.56566382238731
6222288.740959875,0.2217542109988235,5.372815980310744,22.050885405250593,24.245384533301433,122.70149818608868
6222031.810315831,0.22176672443452955,5.369473337099954,22.025529183865714,24.265983061944354,133.00149436216006
6221721.568022439,0.22176873471799202,5.366831218580296,22.007660248924548,24.276289911700026,142.64332656778143
6221186.563438794,0.22180439894591888,5.364066498930083,21.99351568910548,24.28187761091404,151.78460180616887
6220854.189485993,0.22183278963440298,5.362243950583934,-338.01062718887414,24.282477882396428,160.55648322874228
6220369.982934376,0.22186979113245492,5.360534011262445,-338.0163288013118,24.280274213581325,169.0889867600845
6219928.689679379,0.22191146500053718,5.35937498554813,-338.01523614795485,24.276874280439706,177.48163142867432
6219851.78190751,0.22191967574964627,5.358067500100389,21.986608348895096,24.270733460612355,-174.15453878062473
6219288.141399333,0.2219766374614869,5.356129487867316,21.99899518968276,24.257730817412845,-165.7232549155224
6218738.842504313,0.22203135722102518,5.355734467318608,22.004810436989146,24.254094413197826,-157.11842430337038
6218311.965185678,0.2220765874119115,5.354621529902379,22.020866032642534,24.24021063780329,-148.22392559717818
6217950.745023238,0.22213546324461492,5.353639136679294,22.03739977832529,24.223064974432152,-138.9102095071825
6218511.882783754,0.22216245639285048,5.353695263229531,22.01960975623093,24.22449860774513,-129.01827431069225
6220177.31780003,0.22220394707309332,5.354233147727874,21.954552721768103,24.25194390690004,-118.37168921160081
6222625.753802691,0.22228357049885117,5.354284348648201,21.86870250649749,24.289390759177095,-106.78107418267643
6225407.185528198,0.22241522466633099,5.353874737132652,21.80048196982543,24.311578525776966,-94.03146542938401
6228403.042730097,0.2226219034475971,5.353126881933074,21.749215296214672,24.32912023184413,-79.88920306657725
6231873.516850676,0.22288491614848083,5.351562497736249,21.70722186159604,24.349452196509628,-64.13383213189388
6235439.864632785,0.2231815208900178,5.349937332868464,21.69803460502382,24.361083305033915,-46.66275941110577
6238862.05658472,0.22347367454838224,5.347245408027666,21.722554978549756,24.368977832994208,-27.600268267151325
6241831.260059252,0.22370809082682952,5.344077532937795,21.787340932725495,24.366277704183297,-7.41703066739379
6241547.565032566,0.2236824010976687,5.343142114811392,21.85944348887823,24.361426675476324,13.09977371085211
6241182.110230189,0.223611735907748,5.34430192668464,21.89326143434194,24.37376436608721,33.04903052548833
6243107.018566156,0.223649568729207,5.344386401336987,21.94037133695723,24.375682783811936,51.67577902218864
6244870.249799369,0.22365706664928403,5.344639409021398,21.963389282370063,24.39635494965608,68.62120042554774
6246447.177266836,0.22364375084137358,5.344467847812379,21.988861963958918,24.408225343952648,83.84518006494666
6248272.733738279,0.2236052243465969,5.343811270203593,22.013841031739126,24.424764642401986,97.49163976149937
6250175.219132554,0.2235610082056308,5.34298812279242,22.04180167668835,24.436914168735765,109.79865323050575
6251162.8288605325,0.22350630339613192,5.341646804280435,22.04875454601535,24.45002330637026,121.02624322616064
6251053.01141095,0.2234881477940997,5.339060074283371,22.028315905817834,24.467122389578584,131.39794003767486
6250946.354687944,0.22349251889256935,5.335162385838232,22.009708162165513,24.483746982302385,141.0799077603383
6249973.635660319,0.22355085052681994,5.332690363417125,21.987204908744186,24.489518718438138,150.25103778054918
6249506.062369637,0.2235832026447584,5.330407570702053,-338.02161822685343,24.490938878200136,159.02702523805195
6249095.726467531,0.2236175296408966,5.328863294250235,-338.024796563955,24.489390323685416,167.53691094771276
6248896.829192441,0.22363432789502483,5.328009776695726,-338.0257083631071,24.487139532967753,175.89203635417795
6248467.074335249,0.22367592281561444,5.326193121429983,21.980642666518058,24.479215270991304,-175.80450792553032
6248107.412139602,0.22371248312271869,5.325104746796181,21.98642415151833,24.472339860236747,-167.45076028612772
6247492.106629757,0.2237616985203377,5.323012497348731,22.01277600013871,24.45421453263898,-158.95244768255688
6246942.836622013,0.22381517316802546,5.322283358207052,22.025184345047556,24.44564521157952,-150.18556280914228
6246807.962424984,0.22385248057589277,5.321261041812993,22.038209643134078,24.4290466809328,-141.02455436292473
6246741.0140057765,0.22390850728567233,5.320551783063867,22.0500808018008,24.41199191946627,-131.33478218568138
6248190.760559343,0.22391899327659595,5.32114643145404,21.992842679100594,24.43722768705944,-120.92658135668367
6250753.300670097,0.22396925415428806,5.32134939340596,21.905265857616435,24.47312425864034,-109.61417177298995
6253359.084764248,0.22408438452131954,5.321059694029121,21.838958361646284,24.494719558709107,-97.20180449274866
6256542.155266885,0.22427058356462803,5.3202137992258365,21.77358210905132,24.518191509259637,-83.44189062215584
6259994.6155572105,0.22451724715912802,5.318689055316552,21.723455122346607,24.541041095881603,-68.11282401545823
6263666.054105949,0.22481586848638632,5.316781924142193,21.703309583458417,24.55711804921429,-51.07043716846785
6267181.875171199,0.2251148263999683,5.314267554867798,21.718371430043625,24.56696208311505,-32.367840894875386
6270467.574851053,0.22538264646332923,5.3115923200270405,21.777234209372498,24.567120238419072,-12.390272677860121
6271323.137858521,0.22544114442275506,5.309049621493394,21.854650917115872,24.5570467960335,8.141580665759035
6271219.935174858,0.22539712727193154,5.309948585326608,21.89350384895783,24.565074138049326,28.32062471190083
6273114.498950865,0.22544448947103077,5.310274979386208,21.93409687051287,24.571130457875153,47.318180459596974
6274939.751134455,0.22546623507235133,5.310374932849151,21.97116254002653,24.576592112181725,64.67738233606758
6276867.1867362,0.22547487727033544,5.310369294029577,22.012925944890412,24.576297128397403,80.28698955346547
6278481.733097196,0.22545000251872963,5.309829623339296,22.03288227082909,24.592542302135083,94.27298396168692
6280206.362879014,0.22542953589060874,5.309122654512374,22.05637534985321,24.604303344418813,106.8547117374811
6281588.564377826,0.2253738011245719,5.307269697128614,22.064534321114923,24.624440974658185,118.28298028114729
6281556.022171687,0.22535299057168606,5.3037711266693215,22.037351414454353,24.650214068843955,128.80810349224643
6281276.766378304,0.22536056833720977,5.299778049707456,22.012314285492767,24.669601152600706,138.60303443948968
6280753.788247902,0.2253913450611483,5.296905591349916,21.995254029558872,24.677753699823292,147.8362032089523
6280210.024528932,0.22542769847020244,5.2940994105035895,21.98352878283963,24.68078820519977,156.64880850275932
6279931.236023517,0.22545236055051088,5.291747045508781,-338.01764564566935,24.679477907787483,165.16047312398194
6279665.9935426805,0.2254681581799018,5.291121357289762,-338.0253391559203,24.67810958064255,173.4960561852671
6279103.102902461,0.22552136565742775,5.288403287129392,21.98007762554669,24.66759968709969,-178.25145347084862
6278635.64875943,0.22556784997947343,5.286347222439884,21.99061178389432,24.65579556832657,-169.9819174984799
6278127.793646842,0.22561949349711752,5.285041588338635,22.001402172991693,24.64541474326522,-161.59218609088654
6277574.454615429,0.22566824060999155,5.283869269880372,22.019209995258414,24.63280684730383,-152.97879529897187
6277000.945038205,0.22573081075349338,5.283323110650738,22.030730487092498,24.62477518007218,-144.0180697480709
6276980.917535091,0.22575818328208092,5.282803218410618,22.03829797805331,24.613812012605134,-134.57155405574053
6277628.809031082,0.22580022726856933,5.282776296300791,22.021722484557017,24.612819465281515,-124.47662933950625
6279832.4599472545,0.22582896376590225,5.283065412458028,21.951543394246904,24.63769868783847,-113.53675586096925
6281977.879818657,0.2259386118177384,5.2828562495952145,21.88267645132316,24.66889491812303,-101.57409792801067
6284775.472825494,0.22609806343318156,5.282142779284423,21.817323612733876,24.69479289143955,-88.33979451359505
6287936.811297091,0.2263224285196526,5.280794246879421,21.763952734040576,24.71957652669411,-73.60182791501448
6291589.056723515,0.22660968627757727,5.279391032796956,21.736904371557067,24.734189587772683,-57.17096114711796
