Episode: 450
5501576.055227278,0.20002705089838577,4.996060907463636,20.135919658642955,19.961058470231986,30.807276956122646
5502953.002630973,0.20003050001077488,4.997091347003558,20.17155325853078,19.98233583942889,50.41961834645046
5504629.691999381,0.20002389453969743,4.997498270346948,20.19914120123744,20.008712882550576,68.36629240461163
5506102.078101201,0.19998648052579285,4.997156377411091,20.213202066216507,20.040381417658562,84.57013039241205
5507587.005973309,0.19994630257770674,4.99597525281554,20.22043594904956,20.073252853068453,99.16860190071546
5509155.787089745,0.1998949532399632,4.9939697902141,20.228182003693465,20.104648252496986,112.39333028256225
5510632.839072093,0.19983284076636482,4.9907508405729795,20.23061591561521,20.136957862518656,124.5021000214452
5512271.426298197,0.19973285118973017,4.995578652651148,20.296377652240505,20.105498598359013,135.72759214727154
5513769.4808458965,0.19959175556998082,5.000341612225455,20.335801145939314,20.087066920459495,146.2916044655953
5515095.801278593,0.19944180473628562,5.005533404044972,20.351440213756252,20.07838921670939,156.37592585897528
5516498.699032364,0.1992641386205445,5.011018302450114,-339.6618753788842,20.080166169971235,166.14390916069362
5517837.190296661,0.19910806457399777,5.016344473125032,-339.6956710895529,20.09229792096169,175.7303395273995
5519383.809175637,0.19895393346013637,5.0213406058808605,20.24979658784301,20.11394746285132,-174.72976276383685
5521045.625523666,0.19882494498603534,5.025848191933585,20.173625813851604,20.14398155115995,-165.10324007429776
5522823.074330008,0.1987242153794488,5.029725327251981,20.085448024292198,20.1809623485953,-155.26375034519037
5524461.591749635,0.19868687753876604,5.032852207298073,19.988840950366477,20.223145659537593,-145.06890717931097
5526529.920774087,0.19866330595605242,5.035138501691934,19.88235105812261,20.268495013415084,-134.35460157516437
5528810.180418771,0.19869558942791238,5.036384415433799,19.776222396620195,20.309813784155928,-122.94058195164938
5531185.268842058,0.19878674747038347,5.036882837014075,19.670951906912503,20.354548074818513,-110.62419527031736
5533876.7829055935,0.19893372312155394,5.036535931499994,19.57317162968017,20.39548217230191,-97.16737592823777
5536518.625650423,0.19913452612119334,5.0354884213730005,19.500198965694302,20.42909352499816,-82.33285246968153
5539652.956365777,0.19940351240830864,5.033735528194882,19.446474162626146,20.457467336524505,-65.89227792802602
5542991.0676587075,0.199728442964082,5.031593112157967,19.43402562192114,20.476185743798446,-47.74783702395884
5546225.364406578,0.2000478765223258,5.028805986963707,19.467072005826225,20.4867016435743,-28.027354336730514
5549027.335491216,0.20029838597551114,5.02496831985699,19.548576361436623,20.48505385112038,-7.207270026876185
5551167.444958463,0.20042780667259716,5.020744237650094,19.669717472237462,20.464310361057503,13.912613995868115
5552970.426666915,0.20048886034139882,5.022402772468443,19.71632696953262,20.482422751606865,34.46328311375461
5554635.90532906,0.20050724419281973,5.023341221633182,19.75098982912586,20.504409544566045,53.69138595283363
5556265.77858896,0.20049643482699347,5.023653850887246,19.774860127720945,20.53193423878253,71.23465199077545
5557966.730456736,0.20046899684161662,5.023246506950489,19.794643298849373,20.56023692735718,87.0585174020531
5559727.991842009,0.20043108854249264,5.021834178782803,19.804364380246692,20.59597150669971,101.32430094245036
5561500.893419173,0.20037715459417269,5.019414277659234,19.81213013258609,20.631569699108994,114.27121408022512
5563257.69987509,0.2003044928119419,5.016427495130381,19.82447250272538,20.66001024709601,126.1490443289286
5564880.9942191895,0.20020039195769396,5.021311832412081,19.88755825561217,20.629805399313213,137.1921001745124
5566377.296022048,0.20005127358971198,5.026084369179802,19.923331164375185,20.61246152061715,147.60824644331225
5567775.933401136,0.19988671997988616,5.031425343734002,19.935274090997904,20.60449167096346,157.57214702840636
5569166.514526576,0.19971435428978304,5.0369212864298145,-340.0788276776467,20.607059103296738,167.2385202276302
5570573.24611648,0.19955227655270774,5.042064828646141,-340.1160935392067,20.619389780060953,176.7442866500145
5571942.418634882,0.1994198775006116,5.046841575291386,19.826461230211667,20.640590248066598,-173.7819394704603
5573517.396165408,0.19929969632927802,5.051334018288037,19.754034227451786,20.67096613525337,-164.21703637200326
5575008.751253692,0.19923035820075305,5.054433557434806,19.67548457517487,20.700846604104957,-154.42769062180366
5576928.608909767,0.1991662168307522,5.057536536225804,19.577110383727792,20.743106670611425,-144.2702599052654
5579003.583965629,0.19914451280520157,5.059797652184544,19.47130927177716,20.78841359118758,-133.58852313250813
5581299.767785633,0.19918071444162547,5.061152919287362,19.36123139796754,20.834027222078063,-122.20106657123756
5583753.193719968,0.199275747551692,5.061610505505798,19.257008682488372,20.876759429399886,-109.90595921698977
5586495.681402609,0.19943224778815033,5.061245232004443,19.159774133601477,20.917460276331305,-96.470091725089
5589343.049954338,0.19963601248203017,5.060163913668458,19.08287993935313,20.95146584443027,-81.6548016038167
5592566.703806285,0.19991964531022843,5.05849839175533,19.032985329345422,20.97803925096757,-65.24689145365974
5595897.690363476,0.20024040976951668,5.056418361536266,19.021639956115987,20.995968772284417,-47.14904161181443
5598765.499579914,0.20053142759748455,5.053256870188505,19.055033598305076,21.007752514961656,-27.500174143498224
5601579.129205927,0.20077722843248802,5.049356055866798,19.132797152256458,21.006053136487314,-6.773619216599579
5603375.110589525,0.2008816738219273,5.0452917684138745,19.251574843890747,20.98624075468702,14.228721955176669
5605308.378868351,0.20095454474195337,5.041530922061493,19.353446364702812,20.944930334375485,34.6566030371247
5606921.74648156,0.2009679666985763,5.042477421784824,19.388071668576686,20.966795588195602,53.76484849924743
5608582.053690152,0.20096169920958282,5.042747856974839,19.415969108579674,20.98951316110763,71.20384027308536
5610014.318959665,0.20093435756426295,5.042307907659605,19.424983557309652,21.021616637392174,86.94601807190573
5611728.981757943,0.20089679405837976,5.040919247624665,19.43321191742877,21.057497119565898,101.13834977442978
5613390.59937744,0.20082764288804353,5.038602343097219,19.439463463292203,21.092182378582848,114.02313688028072
5615133.877682708,0.20075550561398878,5.035256903786132,19.44722802173196,21.124668983107053,125.84366720652551
5616801.655133354,0.20065166045735464,5.04012919900358,19.512076361096412,21.093756523235626,136.8314481536306
5618369.625083152,0.20051428739893457,5.045413363676082,19.555196669173682,21.073745098417046,147.1897220529939
5619863.130270742,0.20035163349158075,5.050901307883375,19.572994006952626,21.06468579304996,157.094435437522
5621311.136659866,0.20017271935439032,5.055896390907133,-340.4396007394631,21.066148745564963,166.7026894829424
5622813.798091896,0.2000008162344475,5.060611522633732,-340.47341272762213,21.07650912547156,176.14394557852313
5624267.336195592,0.1998583930727608,5.065655277820724,19.470651182553446,21.097680769860638,-174.4542699533395
5625798.535827637,0.19974136679433832,5.069524711934357,19.403514818302767,21.122656447859008,-164.96984784839185
5627622.352327809,0.1996414679612038,5.073288039103145,19.31577164090883,21.15736220634445,-155.26969945879327
5629559.536740346,0.19958054558106988,5.07612910313109,19.220481809749472,21.194241317318667,-145.220298866553
5631294.286295874,0.19958341497460796,5.078299146253251,19.124580267722273,21.235248272834568,-134.6760004373754
5633587.203415381,0.199612060823854,5.079792697788694,19.014290679403775,21.28129074309747,-123.44767503434402
5635967.259664318,0.19970293431574027,5.080356915546101,18.911865351814452,21.323401924318407,-111.34606386306399
5638349.704933824,0.19984811073449174,5.080106781446286,18.821070740877868,21.36470077543111,-98.14935587388419
5641290.783309864,0.20005732598888823,5.079094803486334,18.739557183759814,21.40058140887076,-83.60701665838843
5644450.798448561,0.20033173720936412,5.077417832476421,18.68481949316469,21.429824947316515,-67.51221892812342
5647515.879529109,0.20063423769553074,5.075105529824666,18.66842423700043,21.451800726593774,-49.74882043867281
5650749.257894674,0.200948346793848,5.072074197576381,18.691867647181514,21.465178314248057,-30.405025170053566
5653667.015126687,0.2012098574917685,5.068448886142642,18.764254068684973,21.466021231234024,-9.907563426252914
5655739.307551235,0.20134477883732607,5.064426080724661,18.8768700509361,21.44972985014635,10.996598261297319
5657683.544967651,0.20142118354180497,5.060460576044639,18.979586686023424,21.411467689645672,31.458727676288543
5659475.407954706,0.20145388795534866,5.0613588088681505,19.018496231013756,21.429288944068055,50.70696552448039
5660929.701827597,0.2014398553523957,5.061827994261101,19.039897712094106,21.456433811961904,68.33643415830254
5662679.277595861,0.20142373524678076,5.061541099354773,19.055286511474854,21.488927496033185,84.2646602351349
5664420.926169794,0.20138880921770472,5.06033611088107,19.064319410028244,21.52486723106505,98.62814444149635
5666192.512026936,0.20134054648342053,5.058134792755239,19.071062459716074,21.56126504040206,111.65118911826404
5667861.485839514,0.2012791702214294,5.0552346517976385,19.07905670694921,21.59208342323689,123.57952881133642
5669552.146375479,0.20118349745867065,5.059960799366711,19.147683664069696,21.558955105055038,134.63919861495052
5671143.840202138,0.20105556937752003,5.065180617042948,19.196416706726783,21.53631782311131,145.0372179052461
5672672.642339889,0.20090492690208508,5.070666473865576,19.22316956884092,21.52451202230186,154.94963350580804
5674114.43627345,0.20072938200069454,5.0751505220783235,-340.78264071413315,21.523608553187522,164.53963924376686
5675417.793221276,0.20057354828248958,5.080404435004067,-340.8129978971206,21.532420452228113,173.93743162928214
5676888.810466796,0.2004229951628133,5.085589174358507,19.135511532383955,21.551154606514498,-176.7331554339917
5678314.233727509,0.20030852481111983,5.089949152709088,19.070099328019428,21.576238664924382,-167.35207589905946
5680098.581991458,0.20019844692187688,5.093664544888752,18.989985689821452,21.607113721886016,-157.79228164762634
5681944.764974892,0.2001185317423335,5.097127819672362,18.898340874683296,21.647518780206045,-147.92716514049312
5684033.735629292,0.20008418330198788,5.099618604230258,18.795408963794717,21.68905616032574,-137.60146406431753
5686303.6918466445,0.20009703039348836,5.101398135921208,18.685235177696086,21.735069709167153,-126.65567533344755
5688748.007266121,0.20015790475345321,5.102279235858154,18.576714428498725,21.78049453753311,-114.90200532252027
5691417.472783834,0.20028009940560132,5.102291334746179,18.474678510310568,21.82301029199909,-102.12479364782526
5694341.348817781,0.2004687355836893,5.1015135904655455,18.38647531286864,21.860607425624565,-88.09157112742943
5697218.331214273,0.2007162181325817,5.100174406262536,18.329853563505836,21.889184516922118,-72.58463266481374
5700460.920754075,0.20102135248329192,5.098070378741686,18.29967698094023,21.91356677049562,-55.43889654204208
5703779.231069168,0.20134503653881367,5.095284642813556,18.309877565654535,21.930058699541043,-36.6712732489446
5706818.965824798,0.20162916974641343,5.091741558190068,18.36702922693787,21.935745172541427,-16.588772997952308
5709315.934562746,0.20181696893361645,5.087608092770628,18.467420188701066,21.92542361327733,4.1637095310929455
5711317.125314364,0.20190939908430633,5.0834468821964345,18.567895399248705,21.894641029877857,24.757111576891063
5713158.625664851,0.20195622334610194,5.084418802769488,18.61130260039296,21.909271009007583,44.36511350099177
5714852.41425156,0.20196134747911051,5.085097435400676,18.64083663721962,21.93332893704563,62.4604995625002
5716574.769895576,0.2019527442375153,5.085112157460083,18.658236564988194,21.96374493809107,78.87131207618638
5718364.41667866,0.20193030395026146,5.084271227358875,18.669349800713157,21.99851241439568,93.66990981529564
5719974.703397026,0.20189346441225045,5.082795947867639,18.679219489536614,22.028152299514574,107.06195932726493
5721580.114516629,0.20183480831904202,5.080388179915843,18.6867946399074,22.058275355805975,119.28177141875622
5723377.157825263,0.20175848331693091,5.083160817722969,18.749865406474054,22.035267418339547,130.55659221301877
5725030.713589348,0.20164060006718293,5.088220503142937,18.80718295753619,22.00824187775831,141.10614359718056
5726599.326136084,0.20149535196917684,5.093625246177875,18.842843240438654,21.991890557687785,151.1123349928304
5728081.240772231,0.20133393261751917,5.098994576338878,18.853680027228314,21.98638493898935,160.73557743855704
5729407.601930991,0.20117836691957722,5.103604781197292,-341.16144022419303,21.990265013934916,170.1181636644596
5730916.99586183,0.2010155277452301,5.1081742874245935,-341.19882899351325,22.002652864924766,179.38530123291258
5732534.719107142,0.2008654775885037,5.113152265408668,18.74848356762681,22.026111598175465,-171.35044179463782
5734242.87724776,0.20073964919984139,5.11749970688653,18.67701019537452,22.05660407108381,-161.95995616250696
5736105.186435845,0.2006480860700248,5.121322084565545,18.586452939895132,22.094419968160537,-152.31644859551284
5738084.614774695,0.2005889225525364,5.124097529809769,18.49176837682684,22.133019370969972,-142.29065288469272
5740019.946634566,0.2005749569180704,5.126070152070485,18.396741929328805,22.17339577699493,-131.73298355217844
5742298.5631481595,0.20062010339888536,5.127219513823007,18.295016863098123,22.213241895941056,-120.45819649591267
5744664.751341425,0.20072325782199998,5.127628848394535,18.196700514044014,22.254757448261994,-108.27601510987269
5747459.797533454,0.20088022700162794,5.12732843379022,18.111277373775902,22.28514298953328,-94.95644830213945
5750452.4075331185,0.20109681000826768,5.126467632621,18.04306815041066,22.311302821240304,-80.27472437496274
5753472.035958849,0.20136378743614772,5.124661458244789,17.99621078979586,22.3394846044074,-64.03694677971014
5756915.487180589,0.20168503936096455,5.122691061888887,17.986099949457575,22.35621569751988,-46.15355002071718
5760071.537661729,0.2019873985133523,5.119713682709757,18.018048673116898,22.367279463305767,-26.776045414230882
5762948.134283666,0.20223378696006292,5.115831120472901,18.097127186776536,22.36596086890485,-6.377498015813444
5765051.9006726835,0.2023564883738112,5.111555131019907,18.211196280824904,22.346195398864438,14.278636345771144
5766954.994024076,0.20242884777450496,5.112549105720488,18.25833909344055,22.356319991893535,34.373302796524676
5768715.337376671,0.20245677051577565,5.113465108976583,18.293047237823924,22.375852270644828,53.190089315421275
5770456.778270235,0.20245980371451341,5.113882715085713,18.314872272388207,22.403673330857966,70.38818229699011
5771980.747431785,0.20244169170043558,5.113531767754589,18.32329605701611,22.436546761928966,85.9335195773988
5773534.792362226,0.2024136050170776,5.112672793919746,18.33786645188447,22.46085751726793,99.96689232259529
5775319.261629261,0.20235949260663258,5.110681930159632,18.348666889677958,22.492870195324713,112.70558612135365
5777145.903128304,0.2022959505059257,5.1089402901436936,18.372332628695982,22.511026657450483,124.38989088246417
5778917.709623342,0.20220659447569012,5.113670596904029,18.44276366477344,22.47821376462981,135.240872982054
5780572.3478908315,0.20208177309937647,5.118924723923611,18.49347545684899,22.455435694615534,145.45621149840815
5782179.376028391,0.20193763401011217,5.124446855806712,18.524866636455425,22.443265957935594,155.20176951372324
5783545.606259167,0.20178165108465096,5.129560997422685,-341.47558802850943,22.441727159557246,164.63631364647128
5785076.294365274,0.20161515614904693,5.134510310352968,-341.49330603881583,22.449281498292503,173.8782982538543
5786594.4996094145,0.2014617384813974,5.1397599620108165,18.463554448675282,22.467141061134054,-176.94294354859662
5788123.5315516945,0.2013338522585421,5.144112419925734,18.404337390565473,22.49090873102402,-167.71365760339387
5789919.706112996,0.201218964137656,5.148381167022905,18.32391783713158,22.52461387717595,-158.31216857319976
5791769.450047081,0.20114316334363666,5.150737899300222,18.245263573236162,22.550640650184356,-148.61610112318468
5793823.994058827,0.2010961707119885,5.153442258589158,18.14558241208684,22.592950378435695,-138.48592316535712
5796093.64565675,0.20110397909824515,5.1551929180435225,18.040573280700194,22.63446039170526,-127.76121874829894
5798169.580132864,0.20116928558591352,5.156226409028596,17.940711024107692,22.679997317116815,-116.27480121644498
5800571.065553995,0.20129085526147117,5.1563843918191195,17.84395175165485,22.723140245778875,-103.81003635763506
5803433.14834678,0.2014641158904921,5.15582997818891,17.75986841372191,22.756095662751235,-90.13970900857203
5806561.317990541,0.2017074399162707,5.154517683310505,17.69227613138291,22.787548479743943,-75.04810586972522
5809752.410754379,0.20199444313161927,5.152928548941781,17.660107840167683,22.808037479767847,-58.36917297948081
5813080.2270332165,0.2023091301064832,5.150252400130558,17.659669487914872,22.826369321323593,-40.078559491697504
5816256.668001002,0.2026025809615528,5.146984916658485,17.704528480946696,22.83438276994154,-20.418810176659
5818984.9337813165,0.20281649350933742,5.143062237554543,17.7931830335985,22.828371898196043,0.0394262349422899
5821168.558540177,0.2029204469062499,5.139119327626991,17.910210849268783,22.804578855530316,20.48660218447008
5822768.106418828,0.20295981990957426,5.139646938910706,17.959872694224497,22.81108122854136,40.14120871993815
5824181.001704944,0.20296232788084057,5.140310770307976,17.98988182555696,22.828972048627605,58.39687694405828
5825917.160509171,0.2029543881583726,5.140538733196468,18.00990731498542,22.85838097632898,75.00572145340998
5827647.971890254,0.20293704929922107,5.139953125975134,18.020181313196296,22.892480190609575,90.00346868328334
5829223.196193824,0.2029064917423906,5.138420050419089,18.022123206304055,22.929060411281327,103.56631522522547
5830849.930522168,0.20286264208019067,5.1366159006168655,18.034411144088526,22.954845475578665,115.91682035059247
5832292.584911032,0.20280997844275114,5.134861839223667,18.05040735456412,22.97137764061911,127.28880628707734
5834028.4991565645,0.2027101616380734,5.1389819762457964,18.11118936894802,22.945573627106672,137.8821313609284
5835673.202422263,0.20258018933574362,5.144327434174139,18.157425154940274,22.92510938851638,147.89073470215814
5837254.301446861,0.20242806319634069,5.1499025264385185,18.181865142364284,22.915134465834733,157.4750176284566
5838838.884501424,0.20226959642564357,5.155526331109534,-341.8113326692746,22.915487014552497,166.77047577732418
5840404.52765418,0.20210334280503964,5.160681394685125,-341.83203151131784,22.92510346206811,175.9142988627447
5842019.58853502,0.20194553312234714,5.1656303985954795,18.130345838039247,22.943610314190938,-174.98509792991246
5843707.277008239,0.20180366025796903,5.16994333131685,18.074059918885645,22.968723275100377,-165.8074644912496
5845457.696762061,0.20168409992748823,5.174066043481496,18.00193582948079,23.003021732297622,-156.43911095410294
5847221.775283059,0.20162557240855347,5.177547991129231,17.90956724318511,23.043408372855247,-146.74535190573167
5849326.869470585,0.201587874166086,5.180226760740488,17.806699048427394,23.087571508920554,-136.5926497463823
5851548.35844041,0.20160815758123005,5.181716423977334,17.70736477291797,23.125374385891472,-125.82481065087744
5853885.356209602,0.2016759154866806,5.1826292642571286,17.603085382758366,23.170811536657865,-114.26352389477304
5856595.878014244,0.20179891635244995,5.1826688202389075,17.503869242056762,23.21141551006092,-101.6974463984222
5859571.588329133,0.20198868303294043,5.182088996250298,17.424746149952288,23.240552116444572,-87.90773530195766
5862788.77858576,0.20224059061998223,5.180636691559772,17.358945409607628,23.272289793729865,-72.68063679041718
5865863.393559078,0.2025308886146615,5.1785580154622215,17.33014478069475,23.297063175541,-55.871790840603424
5869223.9201609455,0.20284597682528543,5.175838991846753,17.335167143292118,23.314009617522803,-37.47814293567728
5872282.521229096,0.20312454353764064,5.172911844826649,17.38564882990893,23.319762385405944,-17.78542289374847
5874748.201790286,0.20331155909980994,5.1688033604859225,17.478283816363113,23.311635675032157,2.6028693883208507
5876673.564316116,0.20340315984239898,5.164609393943153,17.57196895870392,23.284152968417956,22.900422631447725
5878283.795633448,0.20344546227424737,5.166123453581624,17.602648006122326,23.304334381086246,42.30609152599441
5880176.8901010025,0.20347211294074152,5.166980144439962,17.62990734516873,23.32933974420353,60.27280670204412
5882036.86526325,0.20347183876795782,5.167150788525628,17.649110047536777,23.359670649087843,76.60543238924144
5883860.601818979,0.20344648951186492,5.166581178518014,17.66626240079953,23.389494127219944,91.35368400997274
5885742.088234119,0.20341507651633958,5.165025387263485,17.675723093638638,23.424992179010705,104.69881298746779
5887228.543222634,0.2033696113339201,5.16377023606786,17.692816186606866,23.442374789699496,116.87534940564363
5888615.405069463,0.20331225651706183,5.162385859928653,17.710724635963313,23.45509842892487,128.1004256021691
5890331.969034776,0.20321533406387002,5.167345654767292,17.775521563425173,23.42472660326816,138.56876710057605
5892000.995214906,0.2030958702121891,5.172718128522386,17.824008449262237,23.40461525903339,148.46746274605638
5893518.2407448385,0.20295184830319624,5.178315785424714,17.84778333131105,23.39487197610252,157.95874184795127
5894908.177023422,0.20280707815218108,5.183959826232088,-342.1503395698711,23.395340990566385,167.17582212569005
5896270.446660984,0.20266381002640846,5.189399927642673,-342.1697374365968,23.40546411411989,176.2419058062351
5897890.383678725,0.2025063906864135,5.194179462010418,17.797409941626135,23.42319179479081,-174.73270673319
5899460.463708809,0.20237612893259274,5.198895104915059,17.740651217144553,23.450365480712264,-165.62549920285872
5900877.159629611,0.20228921466087266,5.203109387211519,17.67083498029274,23.484996519478933,-156.3286047636455
5902814.061802795,0.20220738052068452,5.206623464175041,17.57976715732916,23.52516925108797,-146.70694447943637
5904791.368984213,0.20217745858212152,5.209320990144732,17.480331843019954,23.568852170923464,-136.63289806171878
5907090.103644032,0.20218754678001036,5.211117478817739,17.373845094854715,23.613328327502106,-125.94788541427216
5909526.685229015,0.20224406942449583,5.21198747900049,17.272050265589225,23.654677021520246,-114.47927457076642
5912266.924648188,0.20236821593338397,5.212059575883745,17.17569248655156,23.69204910947446,-102.02181704295178
5915227.053982541,0.2025505450929557,5.211336580659871,17.08725651401744,23.730392343626306,-88.35936352159476
5918394.590132859,0.20278915733798256,5.210073883102757,17.023632169298217,23.75888167002265,-73.27936963451347
5921673.433211185,0.20308264220683114,5.2083442759519505,16.99326885633306,23.780116574781253,-56.63269127523167
5925036.216707962,0.2033892643565828,5.206033580105035,16.995539099916652,23.795133767533525,-38.4113649162866
5928257.380156172,0.20367987448633756,5.202978428638194,17.043369574910688,23.801961593398552,-18.88458833849903
5930979.052608214,0.20388649602062445,5.198950104568111,17.13323225614824,23.795251339701984,1.3719521873365834
5933129.458297061,0.20399206858681126,5.19510155868773,17.22956235989233,23.7717536505883,21.58236442399714
5935042.689570859,0.20405115258927162,5.1960377554815675,17.27331395155734,23.783389251128703,40.95650755985666
5936834.1249757465,0.20407368989618788,5.1969730320735446,17.299586391147614,23.80828133626119,58.936375329269474
5938421.645220777,0.20407197326513607,5.197182674443389,17.317181288405575,23.83364865323548,75.307362480889
5940059.885801755,0.20405968809733238,5.196650129173464,17.325697771926663,23.865850889558626,90.09804585548846
5941932.738019343,0.2040351387784937,5.19549301738882,17.341650766236615,23.894009145533417,103.47516438856769
5943310.408276532,0.20400193389959223,5.193559574550712,17.34522572729412,23.922207537166223,115.67592106404035
5944445.29300078,0.2039527101995626,5.193540584168104,17.369908825996113,23.922339721555076,126.91648059699234
5946080.215003459,0.20385217973123923,5.197914163493794,17.42990097495466,23.89401025879262,137.38491669380315
5947781.097662065,0.20372364969831688,5.202721624364717,17.476779282268623,23.874517743216952,147.26940274904126
5949338.612836689,0.20358917292858972,5.207960959737452,17.506375981067,23.8638337544955,156.72780089792312
5950885.742985358,0.20343627407022136,5.213622295712426,-342.48470031491587,23.862571247116925,165.89815446909796
5952449.092893468,0.20327917800167428,5.218688714538419,-342.4930675081568,23.87031546329492,174.89973055381375
5953774.583835846,0.20314927571950803,5.2239319075236414,17.47670892478736,23.887771887862385,-176.14930895676412
5955352.224707117,0.20301049532162693,5.228836019963327,17.428028325456413,23.913777319144703,-167.13966752377272
5956920.476274051,0.20290038150910003,5.233190924490615,17.362093180023003,23.946981407516443,-157.95751927472512
5958793.851237277,0.2028010592646077,5.236871813286382,17.279414175069654,23.9859955545455,-148.48122496399142
5960545.960762272,0.20277616828076192,5.23956622726723,17.188428096290675,24.02605329449349,-138.58152905841868
5962428.344692094,0.2027800100930821,5.241617559618394,17.09178141689956,24.071462586051197,-128.1149767801834
5964728.796784572,0.2028427505679159,5.242688939546516,16.99105174220416,24.113435942441185,-116.9017774898251
5967414.8630642295,0.2029525149009349,5.242932760606414,16.893997112767643,24.150980509690747,-104.75152111811761
5970067.495784668,0.2031166503098067,5.242399040237398,16.80853138331773,24.189888396806193,-91.46032434166348
5973091.619546387,0.2033279341625283,5.241178052743042,16.737640351103032,24.222282726339767,-76.80344872131322
5976449.360746102,0.2036133637336367,5.239255483185513,16.693298034540245,24.24939837501827,-60.61636323758516
5979892.198102644,0.20392819629409453,5.236687287613832,16.685384458754417,24.269177842828164,-42.85385686442903
5983194.0789793525,0.20422875161487952,5.234122080090368,16.722916102129258,24.277448872488268,-23.704220310271424
5985806.371540384,0.20444114896196042,5.2301713379906145,16.79955820990886,24.274938281129756,-3.662788171486458
5987742.047591545,0.20454539160762306,5.226400303863916,16.894267912664237,24.256887338222995,16.529079177103544
5988289.564704765,0.20453537269508995,5.227048985011137,16.929807337319048,24.263480426895164,36.09134917074258
5990219.729981609,0.20457424952513284,5.228040469647855,16.961213735222643,24.284266344571616,54.36454710921226
5992008.969097113,0.2045824755200533,5.228412773382309,16.9855097932167,24.307518887984052,71.06802196981215
5993877.089778304,0.20457589349009284,5.2280933201241995,16.997980970375924,24.34126191411894,86.17807182585513
5995693.5756851025,0.20454049732834195,5.227014013379199,17.010460410034526,24.37329831487744,99.8388310408501
5997351.090769334,0.20449741772965516,5.225818810325805,17.029006033216668,24.393242727938276,112.26600947909205
5998390.828272618,0.20446167460952638,5.223973041681409,17.032128270483355,24.41336822111732,123.69010003748065
5999931.936877416,0.20439117544352794,5.227808603075133,17.09285327628467,24.385080582908778,134.2916874467883
6001324.080850473,0.20430334085907878,5.233039074203373,17.143573531223275,24.36006799243213,144.26803240352388
6002808.144488253,0.204191422970338,5.23844415489681,17.18103198953367,24.345536654863366,153.77264208328023
6003961.008418106,0.20408693225544788,5.244131330621487,-342.80328350396167,24.34071527155249,162.95263593174568
6005607.872660305,0.20392964329000624,5.249785172529821,-342.79992578242553,24.34573588083943,171.92194178106124
6006968.812582588,0.2037973478259587,5.2550865762528325,17.187096728072266,24.359690027615706,-179.20035895739684
6008558.712185349,0.20365093400403506,5.26018875860289,17.145874121581254,24.382639077006683,-170.29272267082737
6010288.460387643,0.2035098636264512,5.264642423523435,17.08983201432527,24.41217177409289,-161.25590005096137
6011545.736114321,0.20343707119931115,5.268053621398844,17.02946691563687,24.443785724716964,-151.98063109689534
6013210.735659994,0.2033769823258732,5.271011359199513,16.94904054425342,24.481839929789846,-142.3300539436676
6015238.778805662,0.20334595964747584,5.273418576093882,16.85177617936796,24.526412101984437,-132.16651251471555
6017597.7080603335,0.20336482054259797,5.274947983353549,16.746260655769586,24.571937075211576,-121.33197163470128
6019702.43533312,0.20345720196975567,5.2755904569842755,16.65259045192445,24.616281473548714,-109.65986152344223
6022569.861656409,0.20360368448530244,5.275393137261603,16.557116241902882,24.655683464868623,-96.92527941465197
6025647.714721367,0.2038082051509972,5.274418615334555,16.47605245958064,24.6917599493282,-82.92647074016116
6028522.438107125,0.20406353180095488,5.272918495751774,16.430538486359264,24.718876702827465,-67.479191643462
6031721.1647808775,0.20436033373479143,5.271089551259628,16.415113160688154,24.737217827698462,-50.462640557736144
6034722.41491236,0.2046512998475696,5.268797432992129,16.439428809018107,24.748694874031276,-31.958257721451535
6037767.898395289,0.20491287702153532,5.265614758474319,16.498835315713833,24.75199100503072,-12.318414554057037
6040180.289608091,0.20507429068297528,5.261512616031112,16.58989231268046,24.740379015024974,7.804315946062863
6042342.78525763,0.20517294913979053,5.257384753967542,16.678831875466955,24.709313347155945,27.629952693801375
6044170.077211656,0.20522087110377726,5.25819075324018,16.717411680682506,24.721297962350096,46.4255486826561
6045689.24606592,0.2052294926676481,5.258962979875234,16.73488806132797,24.747387980484095,63.75728385727033
6047604.932560161,0.20523593265383025,5.25900840903698,16.758986775942596,24.77020053152301,79.48600629372869
6049331.994986404,0.2052168757533948,5.258338766777596,16.771041881674485,24.800228922260803,93.70306616628727
6050851.866666041,0.20519177324540097,5.25785904541179,16.79609701407567,24.810333163186307,106.59820081773228
6051886.234549288,0.20515910815228353,5.255896360972449,16.793522889601356,24.83632576932364,118.39496181733786
6052761.092205845,0.20512868081288288,5.255775342497319,16.811650602876156,24.83736174618028,129.29720018257592
6053872.738394927,0.2050765069745498,5.260769013927006,16.86452351776381,24.807510634920842,139.48674603970696
6055291.235975867,0.20497568061283455,5.265277396346382,16.90466771474501,24.790808816305507,149.13313750333944
6056917.602538871,0.2048374933175049,5.2707811193356715,16.933998293115312,24.780998224940525,158.38524983588985
6058177.811272386,0.2047172196554121,5.276488454644258,-343.05839812163975,24.780818248976335,167.37893572340178
6059569.890287751,0.20458076525497143,5.282089570675114,-343.06661764742825,24.790177156293055,176.22437254193932
6060572.577833084,0.20448432531692157,5.287425619149086,16.90619441955934,24.80848494463844,-174.96546909597262
6061733.832649136,0.20437982793982945,5.2923468453182085,16.868074875129096,24.834904374271986,-166.09055885695204
6063022.765610294,0.20428544691146738,5.295042829881353,16.824205040971915,24.85554412720768,-157.03227589769693
6064055.243431566,0.20423313593260975,5.298603654277992,16.762579103426724,24.893283712870755,-147.68416880532942
6065256.82698548,0.20421267116223044,5.30142618152507,16.687651226720195,24.935106134827787,-137.90824840218906
6067214.521620939,0.20419424730375033,5.303347892321774,16.596078122442105,24.977374773244225,-127.550529269246
6069051.485133555,0.2042439624740761,5.304522015810026,16.50481688453699,25.02288895298843,-116.46211924443371
6070885.430560578,0.2043531564677523,5.304748556692944,16.4320160678285,25.056466013296376,-104.45378992945415
6073874.243399322,0.20452256938871272,5.304239117915539,16.34185075864617,25.09421588780775,-91.29326791993817
6077002.4667436145,0.20473196454091544,5.303284865225737,16.276244476519174,25.119729854368135,-76.7911968136088
6080342.739851875,0.2050141387104343,5.301429079907616,16.233316603399278,25.1461141355614,-60.78473412464004
6083526.13627623,0.20531338076212918,5.299420243273003,16.232474191857957,25.161805726349424,-43.227685432520424
6086799.097205695,0.2056107150894475,5.296406194153759,16.267502565280385,25.17202830589542,-24.292467755819043
6089661.39118344,0.2058376050667903,5.292453704757585,16.33893369690952,25.170415422715198,-4.454187671962954
6090799.357675124,0.20589619526631078,5.2881719042351385,16.418280670967942,25.15146717075309,15.576594461773434
6092011.263637764,0.20592365647552413,5.288517429439129,16.464873376918234,25.154681089549516,34.99792857610901
6093798.743891178,0.2059589977639622,5.289709842857795,16.49053653045638,25.177765430610513,53.184831894996336
6095703.731502915,0.20597795702151145,5.290247465950873,16.509835649528387,25.205966709189962,69.83051098906161
6097601.2312784325,0.20597233001388465,5.290089671285673,16.53330937292941,25.22895487225567,84.90042757638592
6099281.750658762,0.20595669332479674,5.289222705766661,16.544386912692776,25.25697573608202,98.53336749112042
6100799.085203331,0.2059296752382501,5.288172133976949,16.56025029294397,25.27552776826041,110.93025670989269
6101680.307020139,0.205906044904299,5.286935446851184,16.565674816174916,25.289708438740835,122.31772148536959
6102629.922175907,0.20587593033556303,5.289251195536703,16.60460709862947,25.27159956025213,132.88175954527688
6103885.306601698,0.20579355468510735,5.294401263972264,16.653545491057265,25.24498801445067,142.80128892386276
6105211.989009419,0.20569320944074607,5.299931147927755,16.690479276710157,25.228067709358697,152.2360549309234
6106261.694429044,0.20560190741623827,5.305627311576639,16.70878547936634,25.221049875373087,161.32852262115094
6106758.527054267,0.20555041801957435,5.311339397956814,-343.2943045033272,25.223726617276,170.20277147225067
6107496.49398209,0.20547450088054509,5.3162354196788755,-343.3128230789224,25.234267660699864,178.96607291264854
6108258.091694167,0.20540329640330637,5.320920860479089,16.661155883856395,25.252663519759817,-172.28301684116707
6109148.764411332,0.20532692453204499,5.324302431007404,16.63007021877367,25.272663505853707,-163.43485832570033
6109757.846282544,0.20529226154093505,5.3280225287295275,16.584526931764863,25.303584118391786,-154.37959355236984
6110546.079632435,0.20526851522140116,5.330738447627642,16.531561664088017,25.334723227369345,-144.99517248922461
6111400.224553702,0.20526116139146933,5.333274701381945,16.467045125164333,25.37570305543142,-135.15495521089323
6112578.07088629,0.20527621001646382,5.334755753926434,16.39954013894637,25.41214319724054,-124.70267413137432
6114244.128018398,0.20532091474220773,5.33563366936157,16.318700559896058,25.45346321819314,-113.46430835586722
6116217.813141108,0.20539919337842671,5.335712682855417,16.239372789368705,25.492091733729648,-101.25055106984935
6118730.924823476,0.20556801577621517,5.335217523968985,16.17410160697005,25.518430869404646,-87.85064516747296
6121799.74310814,0.20579973512522112,5.333905217552979,16.112964955684138,25.548061013933236,-73.06131152082705
6125179.742535673,0.2060876271589693,5.331883404757441,16.076870024011388,25.573059994419136,-56.74204712153625
6128590.847505296,0.20639330990618984,5.329157895779103,16.075862005147307,25.591238441975097,-38.890010769096754
6131839.312408343,0.20667842340727613,5.32650587007474,16.119345377583617,25.59784864471688,-19.749637559407777
6134573.44885949,0.20688302298661093,5.323162077848492,16.198259100472153,25.593649340397214,0.13792319164533892
6135086.428884182,0.20689005937520544,5.319994210266637,16.276515661880076,25.576503532451696,20.034025916601728
6136783.059974702,0.20694245065133146,5.320214657949219,16.323296091106826,25.57884460140074,39.16138013437907
6138709.482624203,0.20697848652799325,5.321189484327293,16.35086531075452,25.60099730604902,56.96025867497
6140568.5008871835,0.20698364883377018,5.321556462959689,16.371498869853507,25.628346519101175,73.19549259453002
6142397.4044719525,0.2069626086826915,5.321187033445052,16.386223939827293,25.659735137573417,87.87959091724272
6144114.526072757,0.20694376618521337,5.32059292986306,16.409122037724188,25.676176855144007,101.1716561249329
6145561.617312027,0.2069074343498919,5.3199841573745745,16.432034174250415,25.685902531158835,113.28055780736075
6146368.047287781,0.20688977962363617,5.318644982771595,16.43572937486631,25.70009664053678,124.42781271782073
6147046.527306873,0.20685044391428128,5.320323898884197,16.46106198564763,25.687916012982704,134.79932038577425
6148119.87266548,0.20680341318699666,5.324760652297529,16.504936371041644,25.666822891651194,144.55340903026473
6149006.432427395,0.20674011163863226,5.329093049230945,16.530959808079423,25.654973370675847,153.85833269138388
6149614.363558611,0.20669375708914184,5.333624688128444,16.544511399805128,25.650624639959226,162.84167802017845
6150517.020852048,0.20660957416299452,5.3375811426948445,-343.45278968840165,25.653435228834866,171.61975823689335
6150873.637711959,0.20657396588938737,5.340637834307066,16.537017686198617,25.660712742958772,-179.69409854319002
6151404.2450445965,0.20652559335352064,5.343251034959576,16.519565647149317,25.671573043560002,-171.00037029223142
6151545.311655236,0.20652278859348314,5.346191972119021,16.492878697227532,25.68970505010934,-162.19628155799117
6152063.570349842,0.20648587047233666,5.348586644359051,16.46350671523221,25.71031637341158,-153.17444712484308
6152217.306005288,0.20648866056511525,5.350299767880933,16.437205148632394,25.730630825357974,-143.81947682907673
6152462.693220871,0.20649431845178245,5.352084802610287,16.39951770389331,25.76057351906753,-133.99445053212312
6152835.396412257,0.20652606121153746,5.352904363907736,16.36642396216525,25.781747001370857,-123.54573178432663
6153495.714263719,0.20657549018762728,5.353327855829519,16.328602431067747,25.803548840885806,-112.29927360138316
6155053.34169765,0.20666277712884465,5.353331936687821,16.260380931993797,25.84142890305123,-100.04706258053142
6157344.833492294,0.20682493464474297,5.353024066210936,16.21229473398692,25.85615133624056,-86.58647453357294
6160286.100348316,0.20705226532509474,5.352260149577412,16.168453043680962,25.872366259996436,-71.71971376717475
6163407.502927948,0.20733007952473162,5.350893869570062,16.147620279164325,25.888352753198387,-55.31817358792771
6166467.915679671,0.20761112879083538,5.348741648586816,16.155334885880446,25.901778692542358,-37.39025392708869
6169349.373252286,0.20786668950553017,5.346503811844709,16.20166387077821,25.906588715597966,-18.203007861856822
6169679.439475974,0.20790875417243881,5.344435782164256,16.266454310895796,25.903270771009637,1.690548202712585
6169719.518534265,0.2078894914931267,5.341315176052295,16.329511605520526,25.885277442725954,21.531146484837453
6171582.688925169,0.20794867298868858,5.34160826407549,16.376261015906504,25.888610830839873,40.53384555931742
6173093.052655527,0.2079650645960186,5.342261352979387,16.403370831844626,25.904366196937275,58.18776789749776
6174928.700786693,0.2079760193501222,5.34255878156364,16.422381891343857,25.930287442021054,74.2689988857606
6176913.86602647,0.2079745442364236,5.342413345080132,16.457638296974224,25.940693338742054,88.80577303114406
6178274.157227725,0.20794814222489974,5.342388116135311,16.488961582766475,25.94120278282588,101.97317596519535
6179718.308509499,0.20792012790588327,5.3422771236962925,16.519300911601736,25.942846674716506,113.96732312158152
6180653.641047623,0.20789492718453836,5.341192998593056,16.52856896163641,25.95399488302257,125.01210150666523
6181136.173305996,0.20787326235765385,5.341454270634203,16.540353561194838,25.952124081853984,135.3000255252473
6181636.706467908,0.20785158702644307,5.344618159548652,16.565571902988513,25.937512902975676,144.98991700227998
6182344.159169368,0.2078022748956588,5.347343749738635,16.584311558515566,25.930328056219302,154.22940200207577
6182269.404320909,0.2078154876348416,5.349103749079006,16.588092337465095,25.928766184003116,163.15806058204495
6182598.512674281,0.2077868506980077,5.350211166811783,-343.4091353602911,25.92961143948137,171.8810268704075
6182427.551767034,0.2078028800042172,5.35113610796772,16.58742588796991,25.93185189608732,-179.4882171867157
6182011.9739184305,0.20784476301720872,5.3523920743213065,16.57855509158239,25.937119056086832,-170.84909694035073
6182131.090961881,0.2078438961922714,5.353600158459549,16.56284518549378,25.94460516803097,-162.0958486584834
6181788.593277892,0.2078885608812249,5.3538373119918825,16.558206519879594,25.94663971655001,-153.1305229765608
6181271.784343462,0.20796140670648813,5.354916760970239,16.544251269412374,25.95947252927957,-143.8315863665282
6180995.7093068175,0.2080039239158184,5.355811165418955,16.53016737955932,25.97449084998667,-134.06799035448878
6181037.2913325615,0.20803629969775125,5.35564705212779,16.530617233013427,25.970170802803786,-123.68228188880161
6181137.957954412,0.20809321672693762,5.355713221751148,16.523710911841825,25.973463117641984,-112.50594526653543
6182056.018231787,0.20818106334367553,5.355716943386897,16.496205579590633,25.984525013326735,-100.32851790523199
6183889.808444293,0.20830847854750795,5.3555695915402195,16.46233863310726,25.991677581912594,-86.93793319962478
6186715.647650568,0.20852345978127024,5.35535146656222,16.43067585905189,25.996357504454767,-72.13569216216862
6189895.403567033,0.20879223201465782,5.353950593884141,16.40525303823762,26.01285328630948,-55.79005472505061
6193334.323062608,0.20909495920283364,5.351673405168111,16.408452451460914,26.027206516384535,-37.907704936180146
6196105.796150666,0.20934852374155735,5.349757857052296,16.45876689079895,26.031409274984533,-18.754073900811743
6196919.886204079,0.20942369732900154,5.348337797919973,16.525642877648885,26.02914628867442,1.130504742801662
6196417.865830513,0.20937103543186558,5.346652089451874,16.58055779283311,26.019461375763086,20.987737015555766
6198335.06605114,0.20943459334939724,5.346480356988832,16.632358920541453,26.01735267102304,40.02121259350172
6200277.194911642,0.2094731277246595,5.347411005063017,16.657923317415822,26.03950158466731,57.703646117094095
6201834.503543083,0.20947868668925498,5.347764069460537,16.66718889544224,26.0692354313267,73.81880208148985
6203797.879906001,0.20947483101428094,5.34745425620245,16.68925110650947,26.092503344588014,88.37454039087409
6205651.754234787,0.20946049926743543,5.347183715611405,16.723251444830147,26.09958805583942,101.54126743979981
6207217.32243612,0.20943366149409037,5.346964457944003,16.754185604376442,26.10293845264335,113.53227600285018
6207570.044208771,0.20941938197908058,5.345973688073407,16.751483831048315,26.113186232664965,124.58051298155559
6207902.292900501,0.20941460432155126,5.34622974246397,16.7610469557812,26.111339180039973,134.85365302103241
6208094.336555373,0.2094190861635973,5.347941389345545,16.775215941991913,26.10333928056038,144.5242627200857
6207771.198478347,0.20945134002904472,5.348251119307086,16.77346543375874,26.102491713666346,153.74763391231056
6207536.407385852,0.20948732070453538,5.348597926487997,16.778039627435483,26.10215305565044,162.63764039579033
6206960.371248018,0.2095435056020161,5.349336379659536,-343.22393547945126,26.102664376073804,171.32258483733452
6206825.078772904,0.20955727828311452,5.349063358621102,-343.2215938447724,26.10200964910784,179.90053619242906
6206428.106031977,0.2095952190030387,5.349653849891536,16.776889251127706,26.10442438243316,-171.5220264693727
6206151.5062048845,0.20962501863752864,5.348449161264036,16.782743959661747,26.097076220146572,-162.84114220227647
6205364.898115084,0.2096955947386909,5.348091929878434,16.792889283459505,26.094026940888813,-153.96098981440744
6204782.620926013,0.20975531001163447,5.347344438283173,16.80587791667141,26.08528422540237,-144.7544879902491
6203982.10001279,0.20983271543287452,5.346361897806153,16.83157708531105,26.069121422184068,-135.10024789357533
6203187.629025182,0.2099027292372447,5.346230154847411,16.847816424023407,26.06576807379588,-124.84808183649889
6202718.575337514,0.20997986945842578,5.3458260357639125,16.875444797869665,26.046206374376634,-113.81878040716981
6202574.452038394,0.21005209562468147,5.3458248123902035,16.883060559408293,26.043846468278506,-101.81841197978807
6203552.581482278,0.21016989077237588,5.345815118375483,16.872550094376066,26.044510945761864,-88.61961432338359
6205923.876509212,0.21035392371476067,5.3454530539738,16.841576504711785,26.052755084038974,-74.01055185178465
6209046.983624322,0.2106156997174931,5.344499202591592,16.818796584496596,26.064635481490342,-57.85175526388048
6212188.869126398,0.2108977167460831,5.342576264686639,16.821531768346617,26.07762030040629,-40.13044467675853
6215139.6450050045,0.21116409886027965,5.34049400570757,16.865436304348272,26.08298003379807,-21.07366856498018
6215190.6206059065,0.21119555625517836,5.339766835823164,16.92660034720649,26.081983115596426,-1.1960972437701463
6214342.761430509,0.2111232614221911,5.339461949311787,16.980107661473347,26.08020806897646,18.73950220475738
6215358.580743423,0.21113887469469772,5.339386581080222,17.023227682907343,26.07926881283191,37.936984764538124
6216883.46641567,0.2111536753294624,5.339864345375697,17.057657187016048,26.089862083723453,55.810061560935374
6218833.7649099175,0.21117209680485258,5.340279402355067,17.07447216113904,26.119130162113372,72.10315689223133
6220800.9304768685,0.21117464121930138,5.339997492141722,17.093816366720542,26.14419003558156,86.82163775635101
6222381.3624319825,0.2111584244129087,5.339798148547724,17.123677485691452,26.14967276277736,100.12494767992045
6223955.384531526,0.21113233732475956,5.339745930392186,17.157145045461842,26.150434838584726,112.2158397183269
6224806.657743469,0.2111163386221949,5.33934962929967,17.171334969124306,26.154635086904424,123.32528526034676
6224895.635481788,0.21112851789598633,5.3385775932090525,17.168923557502627,26.160252037764113,133.65094905799108
6224464.172422994,0.21117968322734149,5.339122704959537,17.16773787357739,26.157589010729904,143.35862097999112
6223861.825593691,0.21123318530649773,5.339223842258804,17.161304878776132,26.157284693915134,152.59491824374516
6223519.2099368535,0.21126557536669166,5.340153628562881,17.159861093297078,26.156262476598215,161.48429248382706
6223376.37586901,0.2112789633337581,5.340723889673032,-342.841229824345,26.15657135537714,170.14655079948093
6222661.773287229,0.2113483874061194,5.339785899073069,-342.83879463885927,26.154493888479383,178.68953545018408
6221857.057292679,0.2114248249221149,5.338376994628191,17.170245457439055,26.148937459583713,-172.78659229984353
6221343.317309422,0.211478889442878,5.336930723411397,17.176406611464575,26.140420521436383,-164.1711285525443
6220463.403754821,0.21155354234685708,5.334877772194104,17.202917170816505,26.1235349667764,-155.37644799765684
6219859.502685683,0.21161482898537395,5.333986458473736,17.21720581744262,26.113466536830952,-146.2713698452371
6218698.215555949,0.21171618457166305,5.332826915437518,17.250630852419132,26.095172561678392,-136.74544856716116
6217989.072063351,0.21178233856936765,5.332325368031401,17.273174020824555,26.08328431305494,-126.63821521206343
6218058.645096665,0.2118335559838698,5.331911566029209,17.287498325104007,26.065354628877778,-115.77189204359514
6217764.638838626,0.21189133150096656,5.3318384741551315,17.31215246545675,26.048067541978448,-103.97868088713041
6218674.105331436,0.21197844959603646,5.331872310809909,17.302183073122592,26.046111190454635,-91.01361914813506
6220739.8585437015,0.21213797929708614,5.331315239683296,17.267138799456873,26.060114670008424,-76.66736816926588
6223168.094166642,0.21237123681102307,5.330485779036606,17.252806730701348,26.071394800667356,-60.78616552901268
6226392.758771703,0.2126509708849075,5.329366693023471,17.25285476498892,26.079741619051024,-43.301846573454945
6228858.04797022,0.2128860013669349,5.327561067010688,17.29027141507068,26.08542320800547,-24.407930869739538
6229511.7826592475,0.21296450242533943,5.326326072401724,17.351317270626538,26.0845623118491,-4.5753991188085505
6228231.5888049975,0.21287282303549163,5.3267118918422085,17.401585243776584,26.08609788562833,15.457692571169972
6229014.431562519,0.21287682694657115,5.326646034592642,17.44568917175869,26.085300433919212,34.86668248744845
6230895.649832293,0.21291785629141377,5.326893660161134,17.487854699993974,26.090235967101258,53.00962913891933
6232880.049898446,0.21294147504404184,5.327226452468794,17.5153238915403,26.109004436172928,69.58034570995838
6234886.257111423,0.21294789113333246,5.326997463144187,17.53162668495911,26.13759001806831,84.5483473841397
6236468.079402249,0.2129349903689085,5.326808803441234,17.561008453457156,26.14328471660163,98.06005778412252
6237733.938672397,0.21291474960803586,5.327049731489206,17.59266066591123,26.139021261268848,110.3221016515974
6238727.504702887,0.21289434887731265,5.326491367353785,17.607627685318246,26.145270311094944,121.55300181552764
6239267.518498672,0.21288062430468835,5.326455135682563,17.618992007186357,26.145514607887623,131.95994417462694
6239181.233380491,0.21290572985521838,5.326348610320422,17.61973345777259,26.146037806870503,141.7227499524364
6238803.522917112,0.21295730299509777,5.325492265483227,17.616882313890148,26.148661548793967,150.98732812276197
6238352.537385665,0.213003360192309,5.325302584018409,17.61444466948433,26.148895836743325,159.88861628987206
6237663.745728359,0.21307035534732013,5.32461128440587,-342.38788732120474,26.148643430443038,168.54401788461823
6236970.436602216,0.2131374253811161,5.324266539246676,-342.3879163479001,26.147949360787752,177.05968636012693
6236171.182567522,0.213213955103377,5.323748482419074,17.61604020511658,26.146025864607445,-174.46278546854822
6235552.413745005,0.213270606584158,5.322390190460278,17.628146606476175,26.138419645964422,-165.92208109923413
6234823.807906361,0.21333935308245136,5.321001773400435,17.643523440322436,26.127512387694104,-157.21174769201093
6234237.506320665,0.21339617858444182,5.319454682186969,17.664622255571235,26.11086840830647,-148.22042855668985
6233467.794157509,0.21346842317542095,5.317940559427931,17.695778966258278,26.088277611141073,-138.82864770100937
6232671.331490938,0.21352699537963227,5.317117477954509,17.726999688061934,26.070204612086837,-128.89599141779982
6231962.533700559,0.2135812666635457,5.316663836970106,17.757361660307577,26.052963620118632,-118.25487570539022
6231387.157664536,0.21363746581330145,5.316547045833583,17.785186645736847,26.03771417419239,-106.71636517172055
6231420.214241801,0.21372486532881516,5.316768255223231,17.80889498151475,26.019227869624014,-94.06125176214874
6232853.225101542,0.21385330235384004,5.316513452441368,17.788175061783317,26.026639544268978,-80.05451809760146
6235698.346596453,0.21407604387461784,5.3158174418208795,17.759228574770336,26.037258214657342,-64.51096022224837
6238907.556825846,0.21435865864537335,5.314853163260639,17.756386694816086,26.045430854048746,-47.35868307276444
6241995.18700188,0.21463074066319507,5.313619483423595,17.782936338761935,26.050240146341185,-28.70795656119482
6242977.836031336,0.21473773190384376,5.312649878494142,17.837425120686113,26.05023288267001,-8.975538595228336
6241602.435285738,0.21465002464309269,5.312908904842614,17.89040422578771,26.05097230514546,11.136487208284882
6241680.3624899555,0.2146177564115792,5.312356447856924,17.936638317620723,26.045978999055645,30.79302880109009
6243064.386806307,0.21463452066287225,5.312928973876945,17.970800517767813,26.05590380589488,49.28116767793055
6244883.132800646,0.21465043533268183,5.313557053136027,17.98911204635908,26.08318795813115,66.21826513665405
6246648.336745286,0.21465455532984445,5.313470490500827,18.005693156376452,26.107014553573066,81.5298505502641
6248220.72484521,0.21464436439195145,5.313398386647756,18.03809805287154,26.10938330314488,95.33096440447957
6249709.690122267,0.21461209656167193,5.3131637558531155,18.06656358092496,26.113700556513763,107.82146588818856
6250328.553449463,0.2146019134056959,5.312381759469499,18.07031429290577,26.123109358143676,119.24227440768729
6250661.762030005,0.21459400787633606,5.311937493307575,18.073816411867885,26.126727904184445,129.7898827090624
6250209.586393593,0.21462664465374762,5.312152958939974,18.067612672343884,26.125509529286614,139.65846992185703
6249892.969422746,0.21465539320225333,5.31190922953016,18.063176275756316,26.126323754299936,148.99020714262818
6249375.862667756,0.2147081513706085,5.311462238058536,18.059510614944898,26.127025876395056,157.92709402220117
6248692.241994966,0.21478100972748132,5.309660729787783,-341.94006847179077,26.12689702513301,166.5884465451057
6247891.6006713025,0.21486006921009665,5.3095783234058365,-341.93972044702065,26.126746643872206,175.08773592283544
6247172.246229585,0.2149291199665561,5.308058738427899,18.064273994534766,26.121597918064005,-176.47063134375603
6246271.506976113,0.21501250751875667,5.307074557468466,18.075412972118063,26.116436996592746,-167.994469979853
6245546.07573735,0.215079281578919,5.305590860119719,18.091449252564438,26.105448313588823,-159.37321753316218
6244950.305398462,0.21513870167675275,5.303914065970343,18.111982814248837,26.088441872912206,-150.497294601255
6244615.727008667,0.21517580538590395,5.30244159959713,18.134753032508126,26.067880292217335,-141.24671940415172
6244380.624899041,0.21522696812535638,5.301834148172729,18.146254850467702,26.055630388433485,-131.4834537581732
6243725.397873918,0.21529653129839055,5.301191913105529,18.17777907304463,26.03442239347314,-121.06411703407962
6243425.673021488,0.21536509663803619,5.301023995518332,18.197969756311817,26.02013249668974,-109.79030334886727
6243257.0790153835,0.2154295926148332,5.301109639530534,18.216385358091912,26.008575269314843,-97.45868279276817
6243370.956321968,0.21549567818318396,5.301291496824066,18.22794120249854,26.00238231896184,-83.84145181783774
6244448.698061515,0.215631912271131,5.301603538109418,18.23545847087279,25.99694039745596,-68.72364304905713
6247069.152485419,0.21585486327389292,5.300523629357686,18.222784910552555,26.007535832887136,-51.96595738657764
6250484.086803291,0.2161474261381864,5.2995056791624595,18.239717370469474,26.012494524898024,-33.63750201002295
6253085.112385049,0.216368447781859,5.2978581846711155,18.288302624209575,26.01408344876442,-14.078532190572982
6251865.343088606,0.2163025579726531,5.2981469953047045,18.34458328766584,26.01464695442142,6.06628374229997
6251229.481305871,0.21623604995157977,5.2971064699184645,18.39094787719437,26.00671779174377,25.968531138020882
6252587.785026342,0.2162584250039084,5.296716838716871,18.440893404948582,26.00084106876298,44.836661996447326
6254467.247944621,0.21627657347594792,5.297478775392935,18.46389224879756,26.026647796644433,62.19926268484153
6256219.7504328955,0.21628228874190264,5.2975359557316315,18.473325599915245,26.057998312408273,77.9208977877576
6258076.877849577,0.21627358276993786,5.29703218402025,18.49236780769927,26.080137398375985,92.07316261437597
6259823.881439121,0.2162510631078526,5.297162662163683,18.532844881963324,26.07725125992307,104.85282815311402
6261051.818782268,0.21622913293757928,5.297077813466331,18.55763391416418,26.078302303894223,116.49355795484458
6261593.730639087,0.2162243262199825,5.297342006034532,18.57171698129405,26.0759028824297,127.21471795904263
6261503.457906786,0.21624893937974385,5.2974868816515395,18.57298580437476,26.075000487598803,137.20675944272148
6260802.48544191,0.21630787992850076,5.297869962655401,18.56516437104163,26.073516029607585,146.6351402619742
6260165.74626774,0.21636564568775335,5.297700887146093,18.55860620367761,26.073832771529514,155.63126436545537
6259406.600673709,0.21643890388456616,5.297265573763551,-341.4456889392625,26.07393896983076,164.32203346762427
6258832.064188218,0.216496223404859,5.296326247129346,-341.4445086494096,26.072653268296488,172.8181006703266
6257964.180980703,0.2165809363143225,5.295976853195437,18.56002962263175,26.071587134090016,-178.7757284553056
6257161.011092268,0.21665626015387787,5.293819009077152,18.57505567157784,26.06116832250759,-170.35655595102597
6256737.643453261,0.2166972792722293,5.292387102188175,18.586391329088702,26.05127726506694,-161.81868276459383
6255723.896966755,0.21679348196294904,5.290803186985757,18.608408661462708,26.036267030287785,-153.06450139780347
6254926.483070351,0.21685953127728808,5.289572624401968,18.63420770535724,26.020308668802553,-143.97508293626564
6254177.804901723,0.2169241833498418,5.288575858847266,18.662612343926437,26.001999516926297,-134.4166425492116
6253360.173106682,0.21699542339915917,5.28806815442876,18.690346358723072,25.987388638801782,-124.24068719649433
6252872.814360026,0.21704667736975528,5.287803367002612,18.715753176661906,25.97120234347241,-113.26418861780635
6252854.060161877,0.2171062290839433,5.28783953191514,18.7339749107575,25.955459207424507,-101.28120051439171
6253090.521482807,0.21716943317113097,5.28801279623148,18.74273914818209,25.94798672078578,-88.07250700802139
6254154.110368751,0.21728559498541827,5.2882545920593556,18.74412386609571,25.94304943190307,-73.40964725941912
6256416.878532819,0.21748290378510943,5.287523815816574,18.731729450382012,25.951444185101156,-57.123784221182305
6258831.678633751,0.21771259418734953,5.287146053500509,18.749056846464093,25.953667003700588,-39.2120094261863
6260580.319609756,0.21788003617804141,5.2865819361516895,18.786907106793077,25.954662918155243,-19.91113912679335
6259666.995958878,0.2178480976762668,5.286638867977165,18.845859008894514,25.954528057886503,0.1957604116523374
6258072.160865203,0.21773117040401166,5.285915369114827,18.89090424048243,25.949937695003335,20.311753072425287
6258932.740540514,0.21773132266591835,5.28551046478285,18.93862658624135,25.944773656337695,39.58518564503997
6260513.819901567,0.21774595655596166,5.285274613075686,18.98895558166533,25.93860369524602,57.441732483153885
6262507.793731438,0.21776246589852505,5.285477011276574,19.0097315037474,25.963276520274892,73.64629473825461
6264413.13112423,0.21776099076090688,5.285117770537283,19.03024191826411,25.984632594408854,88.23338908241537
6266240.72116673,0.21774527572048633,5.285147536042542,19.07009738529233,25.98375300658616,101.37623788293897
6267379.404205283,0.21772556135184648,5.285536769238215,19.099785805070816,25.977975387872558,113.31174098251772
6268362.648311982,0.2176863768884287,5.286249186720593,19.12682074029105,25.97096604740273,124.25285961145873
6268317.400717426,0.21769727461792665,5.286640379735565,19.129325380356004,25.968338572578748,134.41814090246416
6267917.220106987,0.21774394076831335,5.287109198273906,19.127823744236714,25.966301709260122,143.96613743343474
6267293.291813506,0.21780222556436019,5.287648661521322,19.1230460798112,25.965007747732603,153.04673142898142
6266982.99757015,0.21783749558220997,5.287965547087813,-340.87663285219395,25.964789344733944,161.78211027951812
6266463.765877357,0.21789043663731228,5.287283275024342,-340.87598337148563,25.96410696771168,170.2945960479812
6265581.46430726,0.21797694208340002,5.287547384116299,-340.87514930314416,25.96479137185469,178.6885103899757
6264771.100398941,0.2180546502153503,5.2862749554631225,19.131930552236735,25.959200958527973,-172.933661520632
6264159.241329849,0.21811233120161178,5.284961080449099,19.14324309474196,25.95081521009663,-164.47292739660182
6263496.32339556,0.21817531033328244,5.2835825851413505,19.159440991830994,25.938691447380556,-155.82479553893924
6262892.355114564,0.2182271759306747,5.281451457384106,19.191603509519343,25.913161537016464,-146.8781176376538
6262129.634392101,0.2182955941191716,5.280540242191998,19.21611792211078,25.89791551758973,-137.50692375571958
6261783.934004517,0.21834918771158796,5.279942297571439,19.233991027109475,25.882841089621714,-127.55744704317537
6261129.194828903,0.21841491682579897,5.279586071170514,19.26228455583185,25.86605987189882,-116.87641693896703
6260253.249215098,0.2184769482360081,5.279575403975487,19.285624278232618,25.86175266767325,-105.26714457018785
6260375.417880742,0.2185486506832044,5.279762884062996,19.299731507685646,25.850664430694405,-92.48529332984288
6260744.592270078,0.21863034073993154,5.280219511503866,19.314940550388204,25.83942823720348,-78.31649909337898
6262499.632703569,0.21879394096120955,5.280205761754551,19.311153322722117,25.8396100784749,-62.551335941374354
6265585.482925409,0.2190437098488964,5.279128558597175,19.303960433829605,25.847650478882773,-45.112453449542265
6267927.676821541,0.21925758918693458,5.277887838941206,19.33268569641818,25.8514847098977,-26.16984481470126
6268635.283657273,0.21933555291467627,5.277815200353287,19.38078956033328,25.85121785602341,-6.185300051221165
6267568.936773973,0.2192611693186644,5.277969454608344,19.432314958067014,25.851716015788192,14.066048427084304
6268478.174375942,0.21927263642256728,5.277142823915515,19.485857701188852,25.843043544466738,33.72042702470122
6270206.748884359,0.21930575658682924,5.278108781936566,19.510473201735817,25.863296728679853,52.08958950482055
6271954.334069742,0.21932182799319494,5.278514476337998,19.525845233368507,25.88917151569805,68.83556575297818
6273559.587927898,0.21930645530525894,5.278337409512348,19.547516559957533,25.906411062411646,83.91866719827966
6275060.785577023,0.21929525315579698,5.278693507367104,19.590280582531328,25.895835134137197,97.4876774858678
6276257.654408891,0.21927609168887158,5.2790942809905435,19.622126163316455,25.889127552230757,109.76248896449779
6277107.58694776,0.21926150503335998,5.279494743865476,19.644071469944425,25.884738656273907,120.97371344807655
6277308.4391020555,0.21926689044677702,5.2804293640648,19.6557957455819,25.877828272560926,131.33821234449223
6276961.283489896,0.2192965353639411,5.280341412629757,19.650467642674368,25.87823248876904,141.03773656236072
6276055.1603148505,0.2193601090385789,5.281052032037917,19.63861241542134,25.876195201896483,150.22999299171735
6275500.398678359,0.21941107536591162,5.28099323983468,19.633786365419052,25.87624597690994,159.03373539291738
6274887.761444757,0.2194685495600284,5.281435020064345,-340.3701180728725,25.876483478896404,167.57719318326073
6273844.012436271,0.21957000452967115,5.280441736377105,-340.3691879420506,25.87429438690573,175.9675728020337
6273095.21120641,0.21964207305848607,5.279472689055547,19.635562136430437,25.8704990717938,-175.69299814876285
6272711.231957711,0.21967482426611087,5.278513851887924,19.64673290764441,25.864916457001243,-167.3069166051362
6271656.079779608,0.2197680000100741,5.277831305468281,19.661766475307775,25.85939442068865,-158.7713898655468
6270712.512236329,0.21985167123031757,5.2766845932608595,19.683535056566857,25.846794699376698,-149.97326876104776
6269709.5864893235,0.21992470399621653,5.275860506993036,19.710836840037206,25.834317234868617,-140.797626244809
6268946.830956737,0.22000791610400136,5.274537278029428,19.74861787115026,25.805142143654038,-131.09471074405414
6268506.010569138,0.22006518397275154,5.2739743832877455,19.77602280694462,25.784029819223257,-120.707777430399
6267966.647925269,0.2201439926432301,5.2738442539620225,19.802196078957074,25.76879965202806,-109.45647612145297
6267435.109356362,0.22022702351559226,5.273937121151845,19.826250540659366,25.760027323887314,-97.12568014276856
6267643.665646713,0.22030329754960137,5.274205417867138,19.83929257588754,25.75179829385298,-83.46702131255886
6268451.191350551,0.2204118238042624,5.274927282239967,19.854356109309194,25.7400681834481,-68.26741828663047
6270469.273490179,0.22060354970006496,5.274588147540783,19.856895766673595,25.743125375093275,-51.386818462260464
6272912.966024727,0.22082891544963532,5.273926570871359,19.879191773833877,25.745959747171824,-32.88852121188868
6273733.299661446,0.22092698855139395,5.273916349875716,19.924199555133576,25.745756926177126,-13.13193405947667
6272780.553396797,0.22087598351903018,5.274061673212012,19.982741739459094,25.746015585667987,7.183209245278361
6271475.194761571,0.22076758492858115,5.273657768649999,20.0215474696,25.742495561981364,27.20322000559279
6272794.794720868,0.22078472633597157,5.272938235577133,20.076908310382542,25.73044012380605,46.112072559525906
6274725.406895885,0.22080769980193432,5.273400527120655,20.10452475105267,25.749509692885017,63.45005022330713
6276635.969936667,0.22080954528166571,5.273339063524315,20.127221249869514,25.770781775516806,79.0952755799284
6278359.634984536,0.22080258967023747,5.273082693029285,20.154996783226604,25.779975606546543,93.15212496846105
6280059.951019511,0.22078470413256762,5.272920504659434,20.187429614799367,25.782939810137556,105.82250875820539
6280974.13249331,0.22074992588408715,5.273044867363028,20.208095030488227,25.781368267559767,117.35533574943133
6281298.59344499,0.22075492931385707,5.273155730466729,20.216245360205452,25.78041906363664,127.96788705423033
6281121.353584968,0.220786458753651,5.273511268604917,20.217257172131934,25.778439554818572,137.8518367633978
6280501.408197042,0.22084346345911102,5.274370520794075,20.212982261131963,25.775525470149816,147.17307107007136
6280157.34662197,0.2208685089179644,5.274133084096987,20.20763119355704,25.775880169048968,156.06732511642943
6279030.38167152,0.2209794251678326,5.273386322692186,-339.7974433301813,25.775783494133268,164.66227199805812
6278419.897601061,0.22104065878407994,5.27300930002994,-339.7966557843794,25.77511726037568,173.06439923366625
6277866.465394782,0.2210948007881277,5.2725124944930135,20.20743034903713,25.77340955308682,-178.61944006740654
6277024.9824879505,0.22117560542904752,5.271067602388866,20.216793974147265,25.765813003839344,-170.28649811551904
6275925.56132661,0.22127815331012035,5.2698520438507,20.23228220022658,25.75682720937985,-161.8414910061641
6275187.265957894,0.22134199842979468,5.268384688219135,20.25444668062968,25.742065864894393,-153.17450904523912
6274185.944686547,0.22142396418255422,5.267162425251834,20.283630673935022,25.725278995069047,-144.17343912641314
6273482.514702069,0.22148572320807333,5.2661142478036,20.31325117625703,25.70481511370083,-134.69858548133567
6272675.853531517,0.22153133128860625,5.265542114790299,20.345679948660603,25.687059048273003,-124.60635202723704
6272545.220095048,0.2215736355008618,5.2652978066951786,20.364613081524922,25.66991109400381,-113.70010276007183
6272480.960841859,0.2216218079288844,5.2654078558321205,20.39435243041244,25.643079844094387,-101.78699680734667
6272642.431694694,0.22169616040069465,5.265692552003321,20.4096197350835,25.63163085220345,-88.63570875385174
6272904.655558679,0.2217789506376824,5.2657420977912235,20.418735929692303,25.63068676228997,-74.01520881907054
6274367.870968863,0.22192623202805123,5.266395637863971,20.428755781125805,25.623368518493418,-57.729729210854536
6275745.958585069,0.22208521990949842,5.266377057889905,20.451330791784727,25.623367372277325,-39.76466154118968
6276709.300968006,0.2222064388170233,5.266168373100561,20.49347384861166,25.623563620475416,-20.35594782272034
6275969.795812422,0.22218487431645956,5.265566728796442,20.549471975186613,25.622140603840133,-0.09037257071349261
6274779.270428507,0.2220921130816745,5.265086832893861,20.597203595587438,25.6188222723291,20.18890509855591
6276275.938403662,0.22213101859869405,5.263637939721594,20.660829931669095,25.599439975590872,39.605967975954236
6278055.182142412,0.22215881043570193,5.2642027097871615,20.688369262175858,25.61598742198092,57.56436576469694
6279989.146557253,0.22217414683404804,5.264360219165174,20.701394639719965,25.646273212976403,73.82501995942708
6281677.894557683,0.22216801401334235,5.264362035916624,20.738899545397718,25.645802804474574,88.43029104384627
6283561.456697561,0.22215309716309556,5.2648695077687835,20.78956540538672,25.634281295220653,101.55643068275249
6284616.155466374,0.22213564177837564,5.265296952107628,20.817165691332708,25.628338467961544,113.45707512986468
6285187.097961536,0.22211626290456915,5.265853855773559,20.8338170870667,25.623173336985975,124.35569995941589
6285353.004292654,0.22212417739496895,5.266240122435864,20.840649115822796,25.62074705027872,134.4560885443698
6285088.420484023,0.22214596297943737,5.266828452876602,20.83933191136319,25.618407638490634,143.9374982776873
6284279.793329289,0.2222158359362808,5.267909556217728,20.83241201755773,25.616174291439133,152.9497042188037
6283426.872557465,0.22229566846328733,5.268587905396681,-339.1736562623963,25.615923672111446,161.61593088286577
6282698.593941582,0.22236740922216086,5.268968606566807,-339.1760204197211,25.616399083273205,170.05089619053481
6282328.540921355,0.22240517046688194,5.268455769340266,-339.1717329940528,25.61488871939523,178.36056036580445
6281614.007480856,0.22247262988095026,5.267250314524797,20.83982104693306,25.609214792121104,-173.35285865523247
6280798.451717969,0.22254764759561665,5.2666595032549735,20.849338987299596,25.605234543128304,-164.98621898943182
6279839.348057607,0.2226386466992332,5.265928738527247,20.86192307825711,25.59851212628731,-156.43681569521252
6279130.887521783,0.22269944658184154,5.265649555235051,20.87315272430214,25.59501634253534,-147.59430017770637
6278531.771051524,0.22275451562039508,5.264635237853142,20.897607637926015,25.57739144594626,-138.3306036472571
6277734.082969049,0.22282462691410707,5.263996451161808,20.926004709993514,25.560603530520407,-128.5071844480975
6276854.429300055,0.2229084162631724,5.263523327090118,20.96472558197441,25.537009495499266,-117.95429215602162
6276306.978961607,0.22296385888621534,5.263499688921662,20.988549716730382,25.52493913045552,-106.46770460065753
6276166.295770682,0.2230256798873792,5.263688411787359,21.00648589489772,25.51421834817106,-93.82109174643632
6276853.818580171,0.22312302779495596,5.264081075753496,21.01522655770051,25.504678492895245,-79.77079205371749
6278109.352388397,0.22326183915585773,5.26479947882167,21.02685864602301,25.49495731398194,-64.11084128870552
6279729.277143752,0.22342738623821878,5.264548144831188,21.03696000968712,25.496763615331858,-46.73604370834104
6281305.234622318,0.2235863709377416,5.264448341505683,21.065942189239838,25.4969156484792,-27.77041755047352
6281564.012722606,0.22364257106276117,5.263867539498561,21.11790884059376,25.496326194273735,-7.682177031101835
6280714.241390958,0.22358511167109435,5.264056985358919,21.16802385330436,25.496998908684294,12.753217972269006
6281487.708564844,0.22359285802254378,5.263446274955055,21.215989504202312,25.49041183724345,32.62993329436179
6283330.8467534,0.22363137695300356,5.2636379945969916,21.257841118544178,25.4945879319695,51.20725728000922
6285313.899906924,0.2236549535120753,5.2640021169691025,21.276543285274236,25.52052188744238,68.12026851929022
6287321.720336268,0.22366248905682684,5.263738060466918,21.29728369979211,25.542603353933213,83.32149021750455
6288921.186759703,0.22365150134506273,5.26430929964536,21.346754619354538,25.52672182053164,96.96590756107358
6290208.54470953,0.22363368364733222,5.264356673343344,21.37401766345302,25.52587699838443,109.27919094728526
