Episode: 252
11875.805982489894,0.15298543734134604,0.12852617362260743,0.04100563264131809,0.014893274024853034,1.2374871521258584,3194.004189314585,9169.888395796674,658.1484257381742
11877.602548055109,0.15287302160801763,0.12870629832937186,0.041005964725549855,0.014895284157521147,1.580724733747663,-88.06142955145367,10082.035261939616,831.0523553338352
11879.240871928385,0.15273612057873936,0.12884455695335764,0.041005134836705495,0.014899764032184506,1.894848481145936,-3369.0062453254977,10033.111257179948,924.9735729667758
11880.772654770693,0.15261134317002586,0.12894725132886284,0.041001036081875594,0.014907675854605996,2.1784301873759437,-6378.462143265321,9153.887910222638,942.6079572789909
11882.312929255258,0.1524809231564197,0.12902917249005633,0.04099277437278584,0.014916646891468282,2.4339181628582574,-8941.969280058765,7624.566421635541,893.5730511392177
11883.600164926762,0.15236658744645867,0.12908106888221796,0.040975737533494844,0.014927969213563696,2.6654346274041307,-10965.780057503422,5629.1657603252415,790.2149662038022
11885.256305362103,0.1522182678148997,0.12913028200116217,0.04102117308727333,0.014910407928405997,2.877413158481849,-12412.601093801228,3333.7779029273997,644.8934109495274
11886.370141835372,0.1520418177141089,0.12901949455314607,0.041067440303340634,0.014902711545644341,3.0739947357541384,-13280.523690285105,880.316942094846,469.0315599768459
11887.344864112356,0.15190946026840313,0.1288808267706703,0.041115812496060215,0.014903950971410996,3.258825048469533,-13588.761644342445,-1612.0856210902828,273.0102240422972
11888.608603663353,0.15178383601329626,0.1287216774612725,0.041160785876744134,0.014913342543220858,3.435070827193277,-13369.000907535414,-4043.189941076757,66.03779838040627
11887.50119292014,0.15188391200208703,0.1287746881366857,0.041205325374541864,0.01493107832839248,3.6054941093273944,-12660.53274346683,-6327.292344843086,-143.6413761192412
11886.299905287045,0.1519772508755141,0.12885665881970929,0.04124583858980418,0.014955774684609138,3.7725749431435447,-11507.644723949355,-8389.535135586531,-348.5262169703416
11885.383757478116,0.15203062837969603,0.12893577616987284,0.04128112568565921,0.01498633488676773,3.938649449534983,-9958.623056079325,-10162.913124832943,-541.6311234497846
11883.838473926005,0.1521094590432592,0.12906958133607827,0.041308578100088415,0.015019551865780613,4.106004072890596,-8066.560053275695,-11585.705476248448,-716.2495886880237
11882.62790497666,0.15214705467332507,0.12918329306081083,0.04133023884862597,0.015057223127900138,4.276988960838229,-5890.808396516338,-12599.881926817505,-865.7890488260073
11881.360717140653,0.15216397387789518,0.12930455749308972,0.04134467479870265,0.015096997425778844,4.454132155808731,-3499.3345287627612,-13150.348500063532,-983.6404838550092
11879.797586025514,0.15216578919464768,0.12945227108015153,0.041351337830698554,0.015136521480961073,4.6402485490093035,-972.108274435202,-13185.20749330019,-1063.0846348125033
11878.834212013582,0.15222876697636192,0.12957072448801416,0.041350415242390026,0.0151739798068827,4.838559363722222,1594.6503390274495,-12657.62133921498,-1097.319096718229
11880.788355020286,0.15242121400400782,0.12950372275527555,0.04134253232888887,0.015207612836678852,5.0527981505046355,4083.411627753535,-11530.355028177552,-1079.6811330384548
11883.514856817426,0.15266855905157622,0.12945102995117946,0.04134223390264448,0.015208291400539274,5.287195503643121,6349.858582792211,-9784.693564724774,-1004.1316692173386
11886.197624820807,0.15292139529922263,0.12948956776637244,0.04134287087083765,0.01520757411872462,5.546237167902326,8219.534399710346,-7435.434972516275,-866.4842285742176
11889.319367829756,0.15318716129311305,0.12961263602038775,0.04133666979960059,0.015211788974872877,5.83396211016287,9491.997111623843,-4553.403051609034,-666.5186762522693
11892.429806926635,0.15340500723636916,0.129842044115895,0.0413304514826517,0.01521361268071469,6.152472638169312,9961.147616450959,-1293.3579107422163,-410.7970227914288
11895.414011116596,0.15353142674184553,0.13016835624758682,0.0413239711631338,0.015213209775394688,6.499617399828704,9461.826737917268,2085.599415861005,-115.74344935839984
11897.755043713198,0.15351068279989633,0.13053383175024538,0.04131213528971281,0.015207991429942112,6.86685210235253,7940.136648963248,5234.014275089135,191.32032557002708
11895.34705390981,0.1532614231975028,0.13056575241504711,0.041283178962999094,0.015179607997092504,7.2395322305618945,5513.135033790053,7783.909474704067,476.2359823855833
11897.142506454935,0.15316459785578132,0.1307734367137986,0.04126489800134087,0.015139638117703103,7.601130091804322,2461.9587329155897,9457.745546232867,707.3661136712491
11898.738897385982,0.15303910458961364,0.13093375625387854,0.04126516654110718,0.01514303887475043,7.938866605276033,-853.0370119403029,10143.378238907831,864.6421270879241
11900.062428475765,0.15291668033087627,0.1310402095345683,0.041264138802674474,0.015146919963176686,8.24654283396194,-4096.334443660064,9888.873676805246,942.0255544519426
11901.78374937603,0.15279075598139574,0.13115170603709012,0.04125813511051275,0.015156902133779059,8.523764848622001,-7018.920792567957,8842.492363689209,944.2439269763746
11903.49239140738,0.15265191110305948,0.13123991469955787,0.04125137637124039,0.015163401705225702,8.773528083399887,-9466.899632636427,7189.278629785028,881.9396401008714
11905.212096795714,0.15251219018428513,0.13131334115502818,0.04127352712032101,0.015150204956943015,9.000139429927048,-11362.140044682443,5110.940375354391,767.6544744786877
11906.703089950483,0.1523801527164147,0.13135635446104107,0.04131606204971668,0.015136135406888282,9.208031888485444,-12677.824059018509,2768.4119500161355,613.7345465275508
11907.585039659733,0.15223040195084966,0.13123278841725403,0.041360691458870495,0.015130792942088718,9.401258419110373,-13418.586977948533,297.9615134104328,431.55257067118436
11908.794269379248,0.15208272721916616,0.1310896221359477,0.041408957771647735,0.015134094525583086,9.583369528560047,-13607.60882309827,-2186.4640046776126,231.2487732058823
11910.297251049511,0.15193860649485008,0.1310341059801897,0.04145449262853903,0.015145532947225475,9.757442816556127,-13279.104020228137,-4589.016417705821,21.810003255276143
11910.398988935105,0.15192322456577517,0.13105130895102052,0.04149549591661996,0.015163707989923962,9.926169064651047,-12473.782388153515,-6827.608001808297,-188.70068126427714
11909.813740817703,0.15196211620351788,0.13110138510193217,0.041535053394957416,0.015189865842346767,10.09197843498858,-11236.704893245795,-8830.215601279939,-392.92739712110506
11909.255291880721,0.15198594670193596,0.13115759905656615,0.04156604977717889,0.015218709643681903,10.257169074310845,-9616.929314673058,-10532.049228117656,-583.9810758972737
11908.25935984299,0.15202439413050148,0.1312509890855118,0.041593776999439426,0.015254760740572288,10.424011775851906,-7668.309887148245,-11873.257401817336,-755.2331098243552
11907.170247920336,0.15204982604329328,0.13135546087186592,0.04161422125533071,0.015293356410827389,10.594856592630434,-5451.127634679035,-12797.420435568716,-900.1466508967028
11906.228974809848,0.15205850033680884,0.1314456268572661,0.04162719470397231,0.015333385798351655,10.772249315310509,-3034.5560197230234,-13250.955352083907,-1012.1319715586948
11904.987667859767,0.15206024653008945,0.13156322390852315,0.04163242362428111,0.015372824906060423,10.959042800464657,-500.1530071728647,-13183.609147840167,-1084.4896644707746
11905.389757128654,0.152190510105242,0.13158330748016547,0.04163078173950751,0.01539993732102635,11.158516241962197,2053.801238225456,-12550.537892669077,-1110.4220705846271
11907.65482829926,0.15239516149311985,0.13150072716057976,0.04162174710976531,0.015432868304401647,11.374472367734855,4507.108069545842,-11317.438747362397,-1083.3531517356043
11910.373302959766,0.15264379691608043,0.131462069502565,0.041623388129074596,0.015429886035455379,11.611191411745974,6712.335459848872,-9470.150839126465,-997.4662652657112
11913.39317233857,0.15291530250360716,0.13149897434593041,0.041618327847589336,0.015435423821095131,11.873166116843992,8492.235080809822,-7030.3722412591005,-849.020024987593
11916.58240460713,0.1531777211830126,0.13162744501559623,0.04162465888475999,0.01543151851366288,12.164305081991328,9645.426881060313,-4079.1372592336625,-638.5309419107405
11919.869010070795,0.15339651420947864,0.13186795996074427,0.041621710195382584,0.015432177869255603,12.486329297851968,9969.628135137738,-784.5969857907703,-373.75517770075123
11922.873949575363,0.15350854433579172,0.13220307771395395,0.04161285574828609,0.015431198990506368,12.83637355972888,9311.926564551199,2580.519738044724,-72.76612356853741
11925.469748348476,0.15348725697060314,0.1325757973096195,0.0415995045705242,0.015424467187862511,13.20500455364911,7640.2384701602,5659.784130860926,235.6590955920974
11924.223874371,0.15329570594965175,0.13264956677937573,0.041571451783520466,0.015393811879989238,13.57698631890122,5096.997159468417,8092.398522789947,516.9169010122031
11926.083261908714,0.15319945478210553,0.13285318302271898,0.041554652327547854,0.015351299219216512,13.935907254164158,1980.7325869179797,9621.967748692407,740.3142425865201
11927.733877258843,0.15307501836165416,0.13301067150755266,0.04155481441671441,0.015357122672922231,14.269706965689327,-1346.0618143057338,10161.709353590082,887.6212498640824
11929.314137282634,0.15294002112371152,0.13313180267448999,0.04155254475953477,0.015364545656389162,14.573022901150086,-4558.055453855499,9778.77702495547,954.6046288012082
11930.812983626955,0.15280760780030916,0.13322158789257416,0.041549044466833766,0.015369798475860626,14.846045482467646,-7420.712365210706,8630.700614952812,947.163293384318
11932.526351223882,0.15267773007310753,0.133311410900524,0.04153770204032631,0.015379982579148799,15.09205370339888,-9793.167347661392,6904.2635570035045,876.5316602682825
11934.25806088134,0.1525402116872242,0.13338624236909424,0.041524564546672714,0.015387132682039277,15.31543343907218,-11606.883580753673,4778.866357673433,755.5556894101942
11935.885146786008,0.15239943430421996,0.1334351238666379,0.04157127055549583,0.015373262400785835,15.520588263083468,-12841.348631064902,2411.649418071117,596.5093522929958
11937.083346131638,0.15223145334568342,0.13332804227363532,0.04161268475034626,0.015369483056720316,15.711512852608692,-13505.11377450999,-65.04330786527032,410.52783301332056
11938.358026593343,0.1520852302713692,0.13319932874698875,0.04165584494365798,0.015373565758402446,15.891687059154437,-13623.68385466934,-2540.7845082311,207.62148557623857
11939.769746481907,0.15194930324500627,0.1331785529713884,0.041692587629155134,0.01538374693418939,16.06412323608794,-13232.630836541184,-4922.71148121212,-3.3528932157060796
11941.046256485723,0.15182531371435282,0.13315123089865227,0.04173131291497093,0.01540197771025443,16.231465889116542,-12373.352953210007,-7131.315352245522,-214.47447781376474
11942.215895898365,0.15171453354237774,0.1331075857041788,0.041770317807189594,0.015428993320446813,16.39611456036939,-11091.201269276258,-9096.758259249662,-418.5266866835952
11943.38706540647,0.15161219797162132,0.13304327372682487,0.04180158647152661,0.015459307130572258,16.56033835741856,-9435.414207237027,-10756.020163023046,-608.7166136427511
11944.05620139091,0.15155263322946852,0.13300111860313274,0.04182857856801129,0.015495860546733502,16.726382688029435,-7459.976667526609,-12050.74439393473,-778.4824879632629
11944.477435421037,0.15152890263296634,0.13296550054640652,0.04184839756150292,0.015535043580896144,16.896577250349996,-5225.2958871238325,-12925.847387990036,-921.3374829489155
11944.690617544335,0.1515134025081889,0.1329463535908023,0.041860614096860725,0.015575225042521968,17.073450528924397,-2800.72407911039,-13329.0504801586,-1030.7368768283927
11944.666410433168,0.15153039094087428,0.1329528200736909,0.0418650131611974,0.015613638332134585,17.25984107627253,-268.0179800851668,-13211.47004836937,-1100.0234215846037
11946.801978304973,0.1517034985107738,0.13282738549005482,0.041862302998630946,0.01564824986523925,17.45901956116651,2274.404909217196,-12529.795996530353,-1122.4750877590457
11948.756720099305,0.15190366375391703,0.13277894863178502,0.04185297364346907,0.015680099264334342,17.674762646261257,4706.172099898094,-11251.62162405867,-1091.5946385063548
11951.470614782838,0.15214404788235805,0.13273610586890408,0.041850434828266635,0.015684683353581204,17.911313267809764,6879.981318674781,-9365.145127374697,-1001.6922970415643
11954.497959075083,0.1524147869962215,0.13277922341700238,0.0418437760341711,0.015691719358335098,18.17311143177095,8619.469964130267,-6894.853433004611,-849.218013238949
11957.60711226832,0.15266889665523675,0.1329175741649781,0.041839446248586154,0.01569427264625708,18.463980107620383,9725.259188594351,-3924.888652061467,-634.9599936198779
11960.942064433575,0.1528862440575432,0.13316422057566182,0.041831434075122055,0.015696057865062993,18.78551592181161,9998.824767068356,-626.2184598607842,-367.008131210557
11963.867295748953,0.1529894652308009,0.13349356940339516,0.04182418793401625,0.01569511008233056,19.13471996675518,9292.931644785725,2727.215266580183,-63.707176602220606
11966.481651770167,0.15296505094719182,0.13386475435802334,0.04181027529652833,0.015687838410194714,19.50208656608202,7581.973454599798,5780.948870339114,246.0071680293195
11967.325284851506,0.15286368396100306,0.1340419843583918,0.04178442461319064,0.015658802939225377,19.872460372549558,5013.076406506956,8179.76528879281,527.6265974332472
11968.631503944838,0.15274732278218425,0.13421168591547972,0.04176840141587445,0.015616886853534061,20.229621468247718,1885.6760044440452,9674.325163108411,750.7582888040953
11970.357493468846,0.15262829527319674,0.134371100919093,0.041768480687613616,0.015622067175286003,20.561707026566687,-1440.465584016857,10183.50377748981,897.489859621529
11972.063465802461,0.1525035536745559,0.13449935701544835,0.04176582225364529,0.015630534916344602,20.863484437753034,-4644.473320266289,9777.307048082645,963.822492791028
11973.754253442481,0.15237634589338736,0.13460377567912096,0.04175883926074247,0.01564099755782325,21.1351766335484,-7495.907953502117,8613.625242974673,955.7774474400817
11975.496959586962,0.1522442926074114,0.13469402727100133,0.04175150478095869,0.015647483637079684,21.380036151934128,-9856.857335872537,6878.241847556147,884.5825007436598
11977.024037301117,0.15211548736180766,0.13475321935832976,0.041739939852746155,0.015653708817056675,21.60240418226727,-11660.624031619469,4749.093865192972,763.0341591711871
11978.622017086154,0.15197907898051854,0.13480247198908657,0.04178668166491518,0.015639997867442593,21.80663834942105,-12887.771164428736,2381.830548695656,603.388203690525
11980.222039417762,0.15182235001611785,0.13480620518158892,0.04182858721996288,0.01563627766075324,21.996691675005113,-13547.583364863009,-92.56476763152585,416.75490424761824
11981.630477984221,0.1516794182566564,0.13476021082934383,0.04187671455037713,0.01564090946069633,22.17600187110906,-13665.924080020923,-2564.911061267869,213.1007043007766
11983.267808165685,0.15152197576856727,0.13474389744565038,0.04191977018268112,0.015652875577102602,22.347547285724335,-13278.242413273621,-4943.506820197965,1.2264688904220011
11984.761163827483,0.1513789927005552,0.13470734723168606,0.041959661488793806,0.015671645472273493,22.51394489476108,-12425.668498047282,-7149.9165018044605,-210.97807636254004
11986.336836827582,0.1512339146443106,0.13464303903303226,0.041997053327292186,0.015697477085713656,22.6775661858204,-11153.227308914451,-9115.348508099572,-416.31736042482544
11987.720037749177,0.15111682776639895,0.13456421140419925,0.042030850110775335,0.015730094138655438,22.84064807134763,-9509.668241801777,-10777.811860741293,-608.0498659308204
11989.168168440292,0.15101044049217546,0.13446033910640598,0.042058210732593505,0.01576687730165398,23.005399579410746,-7548.236877496743,-12080.004578581453,-779.6754926188366
11990.573169485302,0.1509291522215141,0.13434198452081916,0.0420784197659695,0.015806352563633445,23.17410792954824,-5328.288554222983,-12967.938380476342,-924.7675263775374
11991.880291338925,0.15087832045377664,0.13422068745004237,0.04209083388136734,0.015846252191335276,23.34924420885715,-2917.736897728359,-13390.357362876626,-1036.8495043729438
11993.01941186251,0.15093963240143604,0.1341266423975856,0.042095293255651534,0.015882493262041254,23.533573710458267,-396.35835075556383,-13299.163422967367,-1109.3196104387016
11995.196088879648,0.1511066686456045,0.13399299984685592,0.04209283177770942,0.01591888605067389,23.73027488950006,2140.035987210575,-12651.604926929256,-1135.5174034904833
11997.582272886772,0.15130729335956733,0.13389626306857685,0.04208474992677743,0.015947920676329098,23.94301761661025,4574.618079910337,-11415.259778043006,-1108.9741841996517
12000.389220568451,0.1515580898012427,0.13385117780425015,0.04208616527110363,0.01594536101703258,24.17594132030128,6764.637021047803,-9576.876137517793,-1023.9110744312559
12003.2774031712,0.1518197581529801,0.1338933676139596,0.04207830551568946,0.01595401176305994,24.433423454135724,8538.92224803787,-7157.161075026626,-876.5576821430105
12006.515095673685,0.15208434259209322,0.13401781535176116,0.04207312113530832,0.015957254171545,24.719352541309945,9702.817440834348,-4232.895361995598,-667.1938084724463
12009.87062042763,0.1523085501771669,0.13425296463120723,0.04206952606685167,0.015958137474016136,25.035651639497306,10059.267986881,-963.4057495864965,-402.93014440402254
12012.897377162764,0.1524274407747182,0.13457542037073666,0.042058464232158456,0.015957191335604283,25.380013376554682,9455.209445095808,2391.501657165908,-100.7953627393653
12015.38633824312,0.15240677258249408,0.1349387919417463,0.04204124940525643,0.015949111858371,25.74387201160515,7849.373822187363,5488.042846486403,211.49488288283175
12017.601289628206,0.15238145948852344,0.13517469333494717,0.042013647570382215,0.015920632882405552,26.11280922003493,5367.129832459037,7970.475598924944,499.8503025591051
12019.514107462692,0.15229573444447667,0.13537829016568248,0.04199506363843409,0.01587758098507961,26.470642367427388,2290.2657929355373,9575.598695037812,733.0054986233724
12021.1704225451,0.1521766469168667,0.13553638903628856,0.04199525202885338,0.015880764589262183,26.804867255923323,-1027.0012941078182,10202.31275597362,891.3132316003287
12022.65378715508,0.1520455267253136,0.1356520207505155,0.041991880703524116,0.015893314372591703,27.109421734510555,-4258.350630347256,9904.126333683222,969.098013199984
12024.393784447986,0.15192094134209183,0.1357623786392929,0.04198721327504827,0.015900833929165574,27.383896248715025,-7163.226055235269,8829.936210535145,971.2491733135008
12026.102347388609,0.1517817235952594,0.13584793417540897,0.04197801544562614,0.01590954683336295,27.631196955274504,-9593.989341966795,7162.730593327245,908.4572608263422
12027.86869035634,0.15164052845495443,0.13592303960252625,0.041966766384733796,0.015916054085827372,27.855526005804354,-11476.620652434018,5081.067324666341,793.3952796498489
12029.650800879705,0.15149324113805057,0.13598379938851932,0.04200973712783636,0.015902065643382004,28.061214252539823,-12786.814944641917,2742.521620021042,638.3868349864146
12031.31789480697,0.15134201577021347,0.1360133942142403,0.04205175057143097,0.01589714271970604,28.252231573789715,-13530.805549766517,280.1503214487436,454.68286213423795
12032.977807151468,0.15118377674628958,0.13601129672510687,0.042100283242314206,0.015900476966727903,28.432044181022995,-13732.586959376724,-2195.170640739926,252.38590062255074
12034.645776047946,0.15102438189618705,0.135999321113652,0.042147414215053844,0.015912212944060658,28.6036532113039,-13426.29492825502,-4590.553930182863,40.40618045931907
12036.27961084732,0.150868044921326,0.13596460114747524,0.04219171109464606,0.015931603349605236,28.769687086784295,-12651.996577502076,-6826.869495523238,-173.29390101653541
12037.652074800033,0.15073919061136765,0.1359160970570106,0.04222941610122242,0.015956132559767577,28.932511103282213,-11453.728504781884,-8835.074063314622,-381.46300892078233
12039.172191912041,0.15061422956042722,0.13582800921241714,0.04226322392145783,0.015986929866767873,29.09433861439701,-9879.035071399532,-10553.305667297825,-577.3413530303966
12040.57691775637,0.15050703393811685,0.13573200117020953,0.0422855083616673,0.016015063392034845,29.257334526852226,-7979.574284942921,-11924.695740585043,-754.4393531866115
12042.11913599419,0.15041474914768102,0.13560526819524488,0.04230722433802544,0.016054303460970566,29.42371785116824,-5812.535642377953,-12895.854476877703,-906.3991755283058
12043.675526671635,0.15035103460708654,0.13546308847905647,0.042321461525976455,0.016094995367801092,29.59586344270521,-3442.81360269365,-13416.12864497348,-1026.8614316559842
12045.27851858361,0.15032329380104315,0.13531055590675511,0.04232801862952386,0.016135457238702387,29.776409636709257,-946.0450423522998,-13437.85257741819,-1109.341995283956
12047.530116254688,0.15048858609703886,0.1351619825101797,0.04232705381782172,0.016173942881620853,29.96836690081013,1587.5163956775466,-12917.815081440138,-1147.2544224828155
12049.991028807217,0.1506922717571402,0.13505096345870557,0.04231967865531985,0.016206346233501222,30.175213130519502,4048.2885086651227,-11821.41615428875,-1134.1019890694504
12052.57686602027,0.1509160396512221,0.13498927263185656,0.04231368472396586,0.01621913378435744,30.400908132997646,6302.527398948578,-10130.399457764413,-1063.9369309221718
12055.548505257286,0.15117941715002378,0.13499814794139814,0.042308007826751044,0.01622623679106769,30.64973728542235,8189.006384364266,-7855.40665433326,-932.361103943045
12058.742870206937,0.15144690932317065,0.13509699508107936,0.0423000952388593,0.01623203750045719,30.925766382313174,9521.263363041868,-5055.651570764917,-738.3237077956793
12062.002287636646,0.15167932491519337,0.13529884057421684,0.04229485501760996,0.01623385673380641,31.231623009547004,10103.00799380356,-1864.2805808385951,-486.7194620125368
12065.39774214931,0.1518477902149599,0.13559926370493813,0.04228810687812151,0.016233872911940544,31.566466368856233,9766.113998389947,1489.9646934042523,-191.4609785534726
12068.412322605547,0.15189301760146054,0.13595657250018747,0.04227597339660157,0.01622954059683064,31.923761013632447,8432.786076538649,4686.70561153688,122.80141901114683
12070.801562298437,0.1517921382668394,0.13631766834450368,0.04224569249646647,0.016204216134510632,32.290748075253795,6177.646909842965,7368.476593479752,423.23141236690975
12072.648732659984,0.15171350602177341,0.13652486879902664,0.04222341964463528,0.01616450401861598,32.65144624808953,3240.2131869639247,9239.45094902101,676.8731533184674
12074.339768512813,0.15160351237363567,0.13669253685098137,0.042223303349915524,0.016163695021632434,32.99197540753072,-39.60267789265256,10150.419577851255,860.2070666522658
12076.030139480043,0.151482183458877,0.1368295563166285,0.04222250703656019,0.016168152995728467,33.30433949060939,-3322.6595290771065,10113.765064973868,963.4690430242667
12077.765648116289,0.15136076004757845,0.13694529347322412,0.0422163375681466,0.016180361679303795,33.58660054329756,-6342.903640323518,9255.479997585982,988.7469075404383
12079.546524133311,0.15123410711283222,0.13704565090848897,0.04220888594666586,0.01618858051799826,33.840818347446096,-8927.677624729977,7751.649479768908,945.361832056795
12081.33993037444,0.15109778140403748,0.13712938048974596,0.04219576925034883,0.0161974679026033,34.07087582246859,-10984.01086609226,5783.03308931361,845.5927980586698
12083.144399599882,0.15095389563376382,0.1371976269447957,0.04223790662460948,0.016180627463186253,34.28106913497528,-12475.025565932552,3512.924119662572,701.9005901952713
12084.909775820044,0.15080056880862036,0.13724170626781507,0.04228608441222538,0.01617195418744876,34.47545295217578,-13399.22952826671,1080.5630837937906,525.8468150192674
12086.540408613855,0.15065146148061007,0.13726225132459294,0.04232887707411892,0.016172374421204307,34.65760570627274,-13776.02756280063,-1397.8300484554643,327.9183069284496
12087.98351590233,0.1505145490839643,0.13725294854300707,0.04237689218980667,0.016181469878466997,34.830625774334244,-13636.736838299246,-3825.231244948713,117.36356071212444
12089.451886923021,0.1503735855514996,0.13723407808785032,0.04242231641536201,0.01619839980932006,34.997213078207494,-13019.519045366456,-6119.582684621863,-97.62430163118991
12090.880419165465,0.15023805863224654,0.1371926974917328,0.042464243997605504,0.016222466182028304,35.15977186613246,-11966.8296696632,-8209.982753608105,-309.63827295306487
12092.385050163872,0.15010522331762502,0.13712037041572772,0.04250128647067796,0.016252573028069185,35.320517702161105,-10524.494642170272,-10033.551162950114,-511.8371907879652
12093.921422708327,0.14998264738324543,0.13702349719744514,0.04253243289791553,0.016287539074451664,35.48158005524516,-8741.97039172508,-11533.029849789851,-697.7325686357316
12095.234439597014,0.14989851354006156,0.1369208953570568,0.04255686594565334,0.016326021606922914,35.64509962519356,-6673.446191512428,-12655.035673821647,-861.0045051776708
12096.597767492807,0.1498287298927961,0.1368016118530434,0.0425739985945259,0.016366525726393157,35.81332982661094,-4379.676329086469,-13349.077410217613,-995.3577859942136
12098.205914450025,0.1497876115286013,0.1366502569576833,0.04258352108077554,0.01640742637813056,35.98874117497649,-1930.557979283544,-13567.397556239812,-1094.4233460500395
12100.127665507202,0.14992276665197685,0.13651047591147566,0.0425854556281912,0.01644701348683084,36.17412450712289,591.4217120533671,-13265.739550622427,-1151.709559607134
12102.534316705674,0.15011192556290934,0.13638054448702924,0.04258116027432004,0.01647696657338512,36.37269569300732,3086.8973080303745,-12406.341832434086,-1160.6979113271466
12105.061823357559,0.15033055604154474,0.13630169051635407,0.04256953887430268,0.016508907659748866,36.58815307382137,5434.886038911804,-10963.804723101619,-1115.2211986753791
12107.92535122251,0.15058463789206905,0.136280067319251,0.042559740322708546,0.016524070543504597,36.824610292171414,7488.617650033169,-8934.929141493698,-1010.1269054589534
12111.023153176791,0.15085205281628872,0.1363385343109134,0.042553074493758475,0.016530264078838418,37.08627312388529,9074.712972549829,-6354.8470172198895,-842.6073661538906
12114.310037462452,0.15110612299795692,0.13649284037043058,0.0425406570321978,0.016536572428139478,37.37658055114703,10001.422924696019,-3319.740581348155,-614.5065190918341
12117.60669843676,0.15130353147045467,0.13674749000521477,0.042529269914063236,0.016538397874932016,37.696568191226305,10084.827431917178,-11.40883983100627,-335.2422570671174
12120.757639775074,0.15140555758659724,0.13707515336226941,0.04251851678615152,0.016536413358992124,38.04262784768648,9199.827885697354,3291.938761109096,-24.378344646323406
12123.583593529906,0.15137924026403463,0.13744375090831903,0.04250234666009823,0.016526841420527637,38.40492809300957,7345.808414020521,6244.354915296208,288.59360824457536
12125.898214453235,0.15134515709885696,0.13767853706581074,0.04247556757234008,0.01649361158556701,38.76862474843284,4687.518107485958,8512.982617752645,569.7422371904593
12127.437654921763,0.1512346585089653,0.13785407850404308,0.042460468483996164,0.016448406511273196,39.11837312950542,1526.2723960945098,9876.20683900883,790.1255198344636
12129.198217100953,0.15111844476858344,0.13800888040748374,0.042460334882390385,0.016456073256868816,39.44324852334717,-1790.560218593977,10274.158411627095,933.3550758208802
12130.92871278833,0.15099757336679584,0.13813408658420281,0.042456791562326984,0.016466382357245655,39.73859968963144,-4960.018655326474,9786.29667124318,996.4029047576137
12132.693012356305,0.15087390429878386,0.13824097677656147,0.0424498203284618,0.016476328173855286,40.00481358430343,-7767.417814697722,8570.395675259973,985.6242121373125
12134.016367911903,0.1507684272497463,0.13830455204099074,0.04244034916592414,0.016484433877378073,40.24504784719437,-10085.637725268965,6807.315172591799,912.212665695677
12135.75496503399,0.15062847538509386,0.13837341680899606,0.042436192855216506,0.016486566671373944,40.46345431972097,-11854.32396791854,4668.6924498078815,788.752068238095
12137.314363256357,0.15050078403837097,0.13842480697160098,0.042475443612161344,0.016475460458175783,40.66419605050741,-13057.304819689076,2304.160265799972,627.2926886621128
12138.815469664984,0.1503700205113696,0.13845887687000807,0.04251526595972148,0.016472180198689002,40.85104720005395,-13705.25402413442,-160.48390672048853,438.77696084988736
12140.437225664642,0.15021790013881248,0.13845943071487796,0.04256405830769857,0.01647703734542368,41.027297152708236,-13824.332670923955,-2620.5197192355845,232.9735116502991
12141.970878615606,0.15007275921741467,0.13844082678095723,0.04261123644972431,0.016490162516403964,41.19579717019827,-13449.487412224416,-4988.113555984651,18.5077315705389
12143.628806206234,0.1499152994597819,0.13840461601203422,0.04264842676645236,0.016507531442117786,41.35905169869855,-12620.85284640341,-7188.296728587906,-196.87257956659678
12145.058695637246,0.1497822067649014,0.13835310402727785,0.04268630290320097,0.016533359169498947,41.5193224016546,-11382.101827927238,-9155.52703930617,-406.1134451507757
12146.650678907048,0.14964681271112423,0.13826669169357914,0.042720885796664866,0.016566101740348033,41.67873157826837,-9780.125985938526,-10830.969541269202,-602.6453612945392
12148.01458370153,0.14954213102704514,0.13817438080073363,0.04274771747130268,0.016601178420834344,41.83935956768998,-7865.690285006941,-12160.464278100453,-780.1453464197084
12149.60207458895,0.14945844396913005,0.13804064299718435,0.042766237004923977,0.01663581310189486,42.00334141645003,-5694.810115711244,-13093.133964538372,-932.3758521064763
12151.020376316457,0.1494041848156491,0.1379113225203128,0.04278011563732518,0.016677065006924403,42.172965654144896,-3330.876979286092,-13580.751966272454,-1053.093974131976
12152.689303452746,0.14945895572292195,0.1377657687041826,0.042786355707082696,0.016718006530575848,42.35077271175915,-847.5215429140254,-13577.900277787048,-1135.957056362718
12154.698797083427,0.14960850272829085,0.13763624500678542,0.04278512630757817,0.01675691578539743,42.53966370569627,1667.7132138087736,-13043.59732604079,-1174.5152038561257
12156.93327985557,0.14980414576781695,0.13754524361321874,0.04277752097884811,0.016789836461055765,42.74298520693361,4108.942612606881,-11945.185519334349,-1162.4025763777993
12159.476082128662,0.15002633894787773,0.13748889442088355,0.04277652004507507,0.016792030910482845,42.964550730426936,6347.408919251222,-10265.343625555162,-1093.7128342943565
12162.102062709942,0.15025869042887696,0.1374985418344316,0.04276566624866844,0.01680571721739849,43.20851165225617,8228.252847043912,-8013.935862491164,-964.0414076784771
12165.15108966019,0.15051486102643474,0.13759774752722365,0.04276132493987851,0.016808974903219524,43.47886184378706,9572.261626223331,-5246.260349662015,-772.103865220678
12168.041766302182,0.15072189230255564,0.13779756313258987,0.04275440494199198,0.016811521698336995,43.77835069566462,10189.501346901128,-2086.9038930172114,-522.1527522680459
12171.3008219675,0.15088484049182427,0.1380874864828358,0.04274327862959514,0.016811893686445357,44.10660206215388,9913.672817801353,1248.8867079312454,-227.0511953190872
12174.342896792194,0.1509374391003071,0.13844078753062283,0.0427262482419716,0.016806473812134536,44.457944587768885,8659.783326698363,4455.958543617684,89.88140747799841
12176.808228330854,0.15086003707824153,0.1387886971252485,0.04269584992764394,0.016782790962754736,44.82060928579741,6485.235612474418,7186.2684541213985,396.8020803923674
12178.877503113814,0.15079298039596192,0.1390086029211659,0.04267710316996727,0.016752070309726582,45.17917630655441,3608.756848671642,9140.775540112629,660.684080770155
12180.729022654145,0.15068900032016125,0.13918792291977505,0.04267730554451474,0.016752912660109164,45.519573940394224,356.12104386669705,10155.724095533626,856.7065589011563
12182.590021443208,0.15057619183757456,0.13933722812115185,0.04267734087958866,0.016752281849900793,45.833098560258094,-2936.266705064791,10226.139613794632,973.2730416755667
12184.306252677885,0.15045818325936178,0.13945285242557345,0.04267499914425494,0.01675727469657555,46.11705459252455,-5996.8296282564725,9465.074758960196,1010.9501358309033
12186.148560371012,0.15033130548682688,0.1395583483122942,0.04267110242725967,0.016761840611744613,46.37296351890055,-8644.655196431933,8041.86319862594,978.1668954520474
12187.56952639977,0.15022213456391517,0.13962396366552002,0.04266607349239054,0.016765458627762436,46.60440845944919,-10779.30240932344,6135.061181254378,886.8214722869415
12189.37943300351,0.15007712764566125,0.13969099800238535,0.04269660034855578,0.016752087103344627,46.8155542853183,-12358.337199536574,3908.0497470554155,749.3531221075108
12190.89860585062,0.14995084397384312,0.13973587291151632,0.04274387532332403,0.016742024299248,47.01040851078034,-13376.497348099261,1500.9523863472605,577.4291668813285
12192.677287424262,0.14979288623609202,0.1397667911268549,0.04279299593719716,0.01674096880991343,47.192540669011585,-13850.669645837512,-969.1265341734286,381.609369785332
12194.414965922515,0.14963156975694214,0.1397738108526059,0.04284154392253802,0.016748583544097695,47.365049752032256,-13810.389930948293,-3404.6586098342345,171.24962561938673
12196.080292319573,0.1494752632634428,0.13974284570902465,0.042888042965855695,0.016764219088776487,47.530626590312636,-13292.33465612425,-5723.49353876395,-45.363843406630515
12197.596577358874,0.14933686897804455,0.13969148213243346,0.042931162056094645,0.016787076493015016,47.691651783827496,-12337.501785142793,-7855.0627070528535,-260.786911334542
12199.213465628927,0.1491913319234397,0.139622714783906,0.04296536909672906,0.01681291918075045,47.85029769771408,-10990.103047464663,-9737.260218786365,-468.17513302331827
12200.80246614676,0.14906049033702973,0.13953018809733847,0.04299463721430455,0.01684337185139304,48.00862620719279,-9297.527662773398,-11313.963622539071,-661.0856833867587
12202.253712688305,0.1489557579097933,0.13942599154710048,0.0430149831948906,0.016872688313787687,48.16868111296639,-7311.176500567215,-12533.189659463966,-833.2905361790308
12203.58953050994,0.14888504608488523,0.1393125625089861,0.04303436677293096,0.016913337733118823,48.3325838181121,-5088.0144518670795,-13345.942259474316,-978.6501058832662
12204.92124720181,0.14883280602967125,0.13918979386136432,0.04304414102506198,0.01694753228895784,48.502627170223434,-2692.7968019504747,-13705.818243296739,-1090.9725248296709
12206.40980119603,0.14894941913300244,0.13907775783210322,0.04304841949539946,0.016988373307782675,48.68137821253277,-201.03067416967284,-13569.344106551083,-1163.9401600442416
12208.770670813621,0.14912300302205125,0.13893405413181228,0.04304535224273077,0.01702678595472224,48.871782107397905,2297.2780982939753,-12898.092268616147,-1191.1888707782746
12211.30701905389,0.14932658536273477,0.13882811921665184,0.04303682170852133,0.01705680054679122,49.077235515767384,4693.226279429201,-11663.149918814632,-1166.492569474078
12214.112786370326,0.14956940158503182,0.13877835037493183,0.04302876844267883,0.017071878465558302,49.30158087033636,6854.655020643227,-9852.667028421973,-1084.263425148803
12217.093180422087,0.1498225681909214,0.13879042847028522,0.0430170355232692,0.01708508828065207,49.54892926734266,8623.737390364908,-7484.70605670611,-940.629534236244
12220.3510805059,0.1500841393830472,0.13889646398956326,0.04301099905907192,0.017089069326077986,49.82308707516808,9820.47932580694,-4626.390654856347,-735.1918401650667
12223.57709809036,0.15030134709739804,0.13910917903509176,0.043000171799957417,0.017092305645765256,50.12634258242622,10259.411403547907,-1417.5444153133656,-473.6374320182911
12226.64523568363,0.15043550784011062,0.1394016142474516,0.042990824654860184,0.017091973542680772,50.45750590969924,9787.872256554749,1910.851550523694,-170.65520066867714
12229.678542950161,0.15047404034220102,0.13974657942880667,0.04296801056925301,0.017083025481899456,50.80988178654857,8345.374790419388,5044.575851100647,148.7002094715623
12232.125889227535,0.15037143240036036,0.14009725537806691,0.04293877854296782,0.017056878233641343,51.17095713345441,6019.207432068161,7641.803470189746,451.8862679666942
12233.89341648582,0.15029097007338932,0.14029196126206214,0.04291888097427377,0.01701899073800292,51.525384791047486,3050.7329210871953,9426.791759222644,706.8406718820943
12235.68329253618,0.1501886176090955,0.1404586230628177,0.0429190660371396,0.017020171437797372,51.85997990035246,-229.11453880639226,10266.464089538315,890.9525103036179
12237.44347002554,0.15007449041308862,0.14059577628892522,0.04291718590657515,0.017030181126334254,52.167166505078676,-3494.9146955906617,10180.544896388836,994.9999888029893
12239.039565800955,0.14996472271864109,0.14069949469783558,0.04291523846060036,0.017033829367772476,52.44508434945764,-6492.915238515764,9294.74116800523,1021.1474404621345
12240.903390763156,0.14984142603519363,0.14080471572510894,0.04290784653920727,0.01704187170879762,52.69566914006849,-9058.849255502639,7780.900071400557,978.5686536694653
12242.782719055629,0.1497063272770494,0.1408941428133969,0.04289834046877962,0.017048246133184553,52.922608955114136,-11104.501636808192,5814.474540321598,879.3610105815566
12244.597376338665,0.14956685459102304,0.14096453199358858,0.04294033496985494,0.01703150062691394,53.13001182109883,-12595.245699473635,3553.772148042475,735.8023642610988
12246.300716014763,0.1494227678723387,0.1410088908714656,0.04298866067644559,0.017022705184774257,53.32177347690885,-13530.352393603087,1133.7385220835235,559.3179093220377
12248.103199690417,0.1492617590568122,0.14103517680438576,0.043030134354076065,0.017022925057759087,53.50134486921804,-13929.147490578987,-1333.0835600080154,360.27562260555845
12249.339187163714,0.14914650718838302,0.14103091479390426,0.04307452573718427,0.017031006403596612,53.67171608446708,-13822.354304031927,-3752.8681739436106,147.82833709039406
12250.857517812125,0.1490042393278512,0.14100457948620976,0.04311607790423556,0.017046028600985353,53.835490565445824,-13247.149109154137,-6046.474330453519,-69.92826659632509
12252.28557107982,0.14886927967426697,0.14096853112264113,0.04315875615032402,0.017069807538107534,53.99498035201355,-12244.665108304871,-8145.806446682481,-285.7130366669568
12253.79512033882,0.14873513777637215,0.14090170141027847,0.04318410948381515,0.017089745103545377,54.15230101104307,-10859.007668563874,-9990.75535140619,-492.79131431906444
12255.207675739355,0.14861784691204596,0.14082004347228638,0.043211822648251255,0.017119651858160684,54.30946923044191,-9137.359232340996,-11526.865741428606,-684.8163773141758
12256.351084010605,0.14853102554897915,0.14073998573466928,0.04323768308814246,0.01715831792767532,54.46849077382345,-7130.900415427515,-12703.61702997969,-855.6930601417341
12257.872879836503,0.1484483684351042,0.14061104725122855,0.04325642750863966,0.017199318484116145,54.631455357384624,-4896.313013340631,-13473.388438233113,-999.3603557291336
12259.274231857797,0.14840947376978633,0.14048156358929798,0.04326768319797655,0.017241108685593764,54.80062886088927,-2498.020722780609,-13791.076292714184,-1109.6858414488254
12260.715987657359,0.14852419868166208,0.14037587813114605,0.04327121945840579,0.01728029597357355,54.97854677157159,-11.168999019726755,-13614.517685542896,-1180.4102369262075
12262.583774018236,0.14869173612185047,0.1402795933662385,0.043268357008017726,0.01731094773441982,55.168119438559394,2474.712034695371,-12906.694806855923,-1205.1996550422962
12265.133054719885,0.1488970627927264,0.14017714673082116,0.04325887992960044,0.017342742061388656,55.37270718120064,4851.48585361556,-11640.16914073291,-1177.9160470748825
12267.929737067201,0.14913905068332736,0.14013173086258998,0.04325467677250401,0.017350418571093526,55.5961071173774,6988.193513060503,-9804.628873777452,-1093.062406648908
12270.983451235332,0.14940109804710586,0.14015597647401548,0.043249994294270074,0.017355594998789692,55.842375864034295,8728.764851592005,-7419.590791701012,-946.8366536834826
12274.066333035382,0.14964938724484259,0.140274178203522,0.04324215780713169,0.01736065423901011,56.11526077795787,9895.738817317997,-4553.245404896473,-738.9818466982059
12277.490240719771,0.14987736627667336,0.14048370087424442,0.043234896552597886,0.017362741098511793,56.41700245094201,10306.970561613352,-1345.5108830339782,-475.29229741817363
12280.608236602535,0.15001006177243179,0.14078333350725472,0.04321543030974798,0.01736203764086358,56.746414475803675,9813.347285261623,1974.2146951409466,-170.49614323251467
12283.646653171938,0.15004461999907281,0.1411309080347017,0.043198977379651386,0.017355431848818766,57.09689251686488,8356.959674682137,5095.21074585358,150.46461069389196
12285.552694497092,0.14991747701221136,0.14145357662185384,0.04316951585701534,0.01732894027540596,57.45610448750638,6025.359491922397,7680.222589275936,455.26193312449067
12287.676257821318,0.14984376128998064,0.14167023913647261,0.04315088175379281,0.01729337552054664,57.80890090964292,3057.472437271305,9457.2774655161,711.9702953745342
12289.540303753294,0.14974124007830172,0.14184126158476557,0.04315145378690652,0.01729731710869247,58.14220590496405,-219.51064089869197,10294.778330921254,898.0039998983526
12291.378200532525,0.14962883406750244,0.1419827030263721,0.043151427160909826,0.017297197729490246,58.44842572899622,-3483.372186061193,10211.79166742856,1003.9817678404016
12293.15390423231,0.14950146043950263,0.14209691813392863,0.043148302314516315,0.017303183061030066,58.72561740405442,-6482.2712900894,9332.346591052195,1031.907812135313
12294.989360336771,0.14937531711397334,0.14219820143184447,0.04314357095552643,0.01730832995097363,58.97561785886226,-9052.712600756407,7826.567833312212,990.8480116478096
12296.849999911181,0.14924201783600338,0.14228620717209284,0.04313615168025359,0.017313331276766,59.20203529079579,-11106.609990984258,5868.534275856624,892.8056935711336
12298.668541410907,0.1490961133413567,0.14234984177773788,0.043166813064258236,0.017300951999190864,59.40892194610084,-12609.172934586644,3615.474425380178,750.060562194856
12300.164951942828,0.1489743132354137,0.14239525496385996,0.04321214212225722,0.017292487817508723,59.600131924284184,-13559.416778987192,1201.5014984168977,574.0345481015551
12301.740446506246,0.14882853389238548,0.14240108934434403,0.04326150767167573,0.017292500787376475,59.7790869056242,-13976.352270441239,-1261.5478322397587,375.0332858231544
12303.279601367874,0.14868529869021613,0.1423919610274883,0.0432947472659137,0.01729834954606365,59.948758247340265,-13890.35489115465,-3680.56523685759,162.2147460098893
12304.577445971821,0.1485650941963282,0.14236393137903816,0.04334128382785913,0.017314832477263092,60.11172674440755,-13338.233647854588,-5977.084132959158,-56.333146248565214
12305.74704998401,0.1484577494062358,0.1423282833235299,0.04337366341146459,0.01733255741395688,60.27027884457056,-12360.651272600366,-8083.6738394107215,-273.35006647936797
12306.728300733801,0.14838356823699425,0.14226707525152738,0.04339986334801437,0.017352806609204914,60.42650264148013,-11001.105688417107,-9940.941602512028,-482.12417647983614
12307.847233688564,0.1482955615011424,0.14219912519367411,0.04343191766416011,0.017386740896395712,60.58238317154456,-9306.008619401984,-11495.229215941954,-676.397760972377
12309.132787042156,0.14819866714649996,0.142109955221079,0.04345640440204253,0.017422494390922142,60.73988855806194,-7325.506632590133,-12696.92966404693,-850.132115488968
12310.454518684784,0.14812256618450959,0.14200020164620614,0.0434758236622912,0.017463589097966727,60.90105782075517,-5114.896073448032,-13499.300286818405,-997.3267671663141
12311.946731390435,0.14809005286321236,0.14186289482833692,0.043487154284877136,0.017503334788182747,61.06809074971285,-2736.729691022884,-13858.015465099817,-1111.93098880044
12313.196821868572,0.14822500007981448,0.14177681531972064,0.04349122990086726,0.017541297985025718,61.24344192648548,-263.6476335426144,-13731.49029192312,-1187.76146519248
12315.423895029844,0.1483941245123713,0.14164392300508447,0.043488833344961175,0.01757388469857609,61.42992569419819,2218.155328623987,-13082.880048826302,-1218.5625761634951
12317.812906603489,0.14859432156108882,0.14155045395300525,0.04348221588850531,0.017598141291129462,61.63078973458952,4604.841037750132,-11884.050658751086,-1198.1995145851843
12320.477793759877,0.14882755735815395,0.14150537564281382,0.043473237608770046,0.01761558265469486,61.849721799857065,6770.717012319914,-10122.355607365673,-1121.110092620748
12323.471753478141,0.14908542758305418,0.14152176769089908,0.043462358086510326,0.017628372216796372,62.09071200321352,8565.645249097817,-7812.271513593621,-983.239115998185
12326.701951926734,0.1493440430202972,0.14161363447001382,0.04345074892246783,0.01763651142831551,62.35757500322674,9817.440577557618,-5012.922316535528,-783.6445091115172
12330.123466865289,0.1495787278083209,0.14180826536116073,0.04344461361233453,0.01763857694859464,62.65288809919036,10345.68827829993,-1850.329793288342,-526.8985783127619
12333.524002394055,0.1497425713931505,0.14209529307156413,0.04342779597341866,0.017638818345913472,62.976209546189736,9995.041227996811,1463.3496487499503,-225.9978734323646
12336.00198234435,0.14975767660931041,0.1424227219772526,0.043410842398625686,0.017633103798988994,63.32203413298328,8689.806079045245,4631.994698638846,95.9116456107017
12338.444287792981,0.14968264092057185,0.14275474883792438,0.0433804275631455,0.017608847796276098,63.67905894803999,6490.5647390128115,7321.119020852398,407.49701969971494
12339.629529776137,0.14958289403686242,0.14292324093461956,0.043359751261902835,0.017574526641959017,64.03245775915845,3610.894834307635,9244.478918269175,676.2373154607582
12341.543010408217,0.14947419776503731,0.14310582864215507,0.043358061739639825,0.017565993238022444,64.36857365061273,365.9541814764167,10245.066942922283,877.4761366426536
12343.361128372799,0.14935416993656547,0.1432511463225066,0.043358200905470726,0.017564529652285797,64.67877772493415,-2918.4255242410536,10317.712134147234,999.4235993772393
12345.002213115426,0.14924527206565052,0.14336019506060377,0.04335708394059819,0.017566852265520065,64.96018573450807,-5977.729769886312,9571.201965172157,1042.259518602382
12346.886641580799,0.14911935447280547,0.14346738920801472,0.043346666908141956,0.017579425870691688,65.21405137537873,-8634.47070795757,8169.664332136944,1014.0522281954778
12348.572530934718,0.14900124265126313,0.14354974121979885,0.043336675730977034,0.017586825699883516,65.44371677494718,-10789.255280463754,6287.071953905161,926.4455748327395
12350.471747805786,0.14885839638932263,0.14362604125414374,0.043353609758295095,0.01757916444245044,65.65316574676608,-12399.49053965645,4083.205543871583,791.7214978040703
12351.95513752815,0.1487352450490433,0.14366717467546206,0.043379449160027284,0.01757330465373349,65.8462745434648,-13459.21726799237,1695.348141020202,621.4938308090055
12353.227506736379,0.14862397347665054,0.1436888937741954,0.04342062086947057,0.017571815173208043,66.02651485943132,-13984.416637938382,-761.7441658948036,426.2475976351587
12354.49992488356,0.14850674509397999,0.1436871829421599,0.043467115933903795,0.017578318865816674,66.19690945901942,-14003.603537275385,-3192.6634296352295,215.24105687031073
12355.708370415457,0.1483941770724379,0.14367398681003954,0.043506381961036227,0.017590701726998552,66.36008174934634,-13552.309486657095,-5517.356938049325,-3.2984729634743113
12356.270400893542,0.14834197731948873,0.14366018845398734,0.04354151921284492,0.01760837229278689,66.51833925402512,-12670.167549405252,-7667.367747688581,-221.98530728587366
12356.965182745507,0.14828411345438974,0.1436254048702894,0.04357274864097245,0.017630789149027343,66.67377325111815,-11399.627732999248,-9582.793303954322,-434.0875075402365
12357.912020588985,0.1482068350960069,0.1435722429851319,0.04359080878090508,0.01764855638825802,66.8283525954415,-9785.807895096255,-11209.9095810886,-633.2878836973686
12358.681238969893,0.14815659763912603,0.14351578575822382,0.04361909460426696,0.01768666409584064,66.98400712132064,-7877.1402046201665,-12499.250234337589,-813.5737178437663
12359.5474626029,0.1481147793301987,0.1434426970469667,0.04363449366000465,0.01771611869836659,67.14270992254895,-5726.623526062594,-13404.374495674941,-969.0282434495521
12360.637278873573,0.1480603449460725,0.14334574854533083,0.04364516156576719,0.017748227883293843,67.30657285043817,-3393.69719475927,-13881.340543352135,-1093.670317602131
12361.414772389851,0.14812724309828856,0.1432848226024019,0.043650375961510564,0.017781922758594755,67.47792900122698,-946.7863205580746,-13888.679913514172,-1181.4454799110786
12362.936232295091,0.1482724052482825,0.14319970617278333,0.04364972140545001,0.01781120215638826,67.65943522677257,1533.5019531622288,-13388.73318378469,-1226.18120670267
12365.115586205924,0.14845578487908764,0.14310539854735368,0.04364321806544717,0.01784171809455843,67.8541627238713,3950.536412370917,-12350.919641692424,-1221.75249836341
12367.766881236223,0.14867007972435445,0.1430265192439214,0.04363770937361405,0.017854342673274955,68.06562766411896,6187.479024844409,-10757.421411378858,-1162.3892228011214
12370.590072945826,0.14890658466289805,0.14300868346011383,0.043629102183807104,0.01786607782083285,68.2977196911611,8103.947918264281,-8612.906810551842,-1043.437554744302
12373.517925475353,0.14915178424358563,0.14308722813907576,0.04361857109236994,0.01787483013156167,68.55436116641133,9536.22418683349,-5959.782828070959,-862.7483005990991
12376.852138966591,0.1493943619291418,0.14325103155376306,0.043603889973696734,0.017881404417577216,68.83868863070178,10306.379257380144,-2898.9574755917506,-622.7799383212066
12380.153767530477,0.14957757649122966,0.14349726397865542,0.043590499226495674,0.017882983798560226,69.15152192324881,10247.98504154089,388.79830112298873,-333.3733432395496
12383.4478715033,0.1496706393611702,0.1438319853442313,0.043575710884047714,0.017879782931332078,69.48931563869624,9253.519944009706,3635.4229261757287,-14.100862329806413
12386.243220203656,0.14963424412373383,0.14418806256652422,0.04355463204918772,0.01786663491792221,69.84275691754546,7333.285801801976,6514.413531657194,306.1018783416518
12387.228702631175,0.1495280898971939,0.14436307099698248,0.04352835712575613,0.017832857443135924,70.19787217756057,4650.301185593477,8715.532133662147,594.2040867130731
12388.930761742042,0.14944082253177673,0.14453282821787156,0.043526730638213475,0.017827639743175604,70.54012772639868,1492.3130435417615,10033.642427686777,822.0732195199832
12390.804598229477,0.1493388471690012,0.14468728460599053,0.04352664482310145,0.017831511845385974,70.85893698472422,-1810.9938029375526,10414.176710462707,973.3273740965892
12392.681406653388,0.14922841254731056,0.14481872952395208,0.043525798326011486,0.017833851589041234,71.14951515586064,-4970.969515822141,9932.913640100354,1044.2895909101494
12394.595188651529,0.14911058418556966,0.14493445195810492,0.04352145680080895,0.017840100671857127,71.41188459517507,-7781.440405217085,8740.190950107626,1040.7175154052484
12396.496944903529,0.14897958899218047,0.14503143316705985,0.04351764855527194,0.01784338615403097,71.64882254115986,-10119.157888171207,7009.236772384881,973.3242493192421
12398.393505456332,0.14884432318948718,0.1451158103753547,0.04351128214813299,0.017846794233573462,71.86417218815278,-11924.882266056307,4905.227803659258,854.3970459546332
12400.018330278737,0.1487092515480464,0.14516258358316195,0.043510950955960255,0.01784685903173559,72.0618671290083,-13182.132085992524,2572.5364997879456,695.9255127661877
12401.356221266835,0.14859917870024916,0.14519923801121512,0.043548587371133714,0.017843005164933333,72.24550864745736,-13900.625623531521,132.56096558618583,508.7303176884585
12401.86147552918,0.14855627121568454,0.14521373018966516,0.043577868850910494,0.01784522909851062,72.41825110312959,-14105.236101777366,-2313.8074010055343,302.4313849259667
12402.498297676339,0.14849739894788228,0.14521027847723353,0.04360408492081854,0.01785176256221422,72.58282632353843,-13829.266304488392,-4682.403809777913,85.5997217678961
12402.962812709642,0.14845700832478403,0.14518905952413963,0.043634510272974054,0.017864835536479252,72.74162553340986,-13110.771048476441,-6901.938799691492,-134.1802009109407
12403.218148293367,0.14844519518111193,0.1451570134679179,0.04365616744419962,0.017878489057789635,72.89678642890847,-11990.800515253466,-8910.63106877832,-350.0322094786071
12403.36513267855,0.14844112285099653,0.14513941634050587,0.04368416757383246,0.01790288568819048,73.05028657655298,-10512.91902074424,-10653.603370728604,-555.6027532934003
12403.957946060389,0.14841752641362171,0.14508516551297218,0.04370539640687144,0.0179280529648916,73.20403157099871,-8723.492346565712,-12080.876180696827,-744.8707354042452
12404.488537378616,0.1483865898058303,0.14504329967768254,0.04371752238463893,0.017947996888949883,73.35993770428891,-6672.69680607947,-13145.896830531081,-911.9256461671135
12404.782785367777,0.14837038385706672,0.1450185137933122,0.04373191486197297,0.01798316878599114,73.5200142325858,-4416.147860132611,-13804.623546272414,-1050.9223091907822
12404.873398432861,0.14838123764239983,0.14501112230387322,0.04373829669314045,0.018010972446665496,73.6864494798262,-2017.0379887515198,-14015.307693762501,-1155.9400803534386
12405.386776362257,0.1484961110652441,0.1449965403768826,0.04373908321724976,0.01802505368233871,73.86171102503266,451.0379581689766,-13739.139613448662,-1220.8670211439235
12407.016831580826,0.1486527369308784,0.14492482460774075,0.04373730250106047,0.01803925894621983,74.04864516322361,2900.5717628128664,-12942.460710623354,-1239.559557239693
12409.496837689847,0.14885664141560323,0.14483715725914575,0.04373204306549495,0.01805519920065609,74.25053875090785,5226.068479365422,-11601.11341321844,-1206.0960216557567
12412.05527953956,0.14907377523351897,0.14480125795258422,0.043721170843278395,0.018073767906023153,74.47110764557416,7300.089761230596,-9707.925944853727,-1115.2602110987355
12415.154631982141,0.1493329528857858,0.144829074818607,0.04371136458008493,0.018084066624402605,74.7143158753831,8971.323884741421,-7285.018152152524,-963.5082652130449
12418.265754294081,0.1495754301739465,0.14494640543178536,0.04369633952077909,0.018093331476692082,74.9838335689372,10068.487287299327,-4401.902306604898,-750.7181517357333
12421.730722326345,0.14979877331627425,0.14514799286287072,0.04368316911304998,0.018096915988028903,75.28186997068575,10416.731227721471,-1197.4590869134752,-482.71825711384037
12425.059136825601,0.14994051594321112,0.14543899267384156,0.04366709600096764,0.018096109960718886,75.60731481013724,9874.02314166286,2103.461751205416,-174.04755635593784
12428.26802097357,0.14997831589247848,0.14578901727873275,0.04365022852924727,0.01808917567769217,75.95379279031162,8386.85118088539,5198.2358111263675,150.72241035586688
12430.879876178655,0.14988104992474208,0.14613792090825262,0.04363486936827986,0.0180750905939662,76.30930923807777,6042.168584703129,7759.123744647134,459.7367526195791
12431.222241792777,0.14974675555172134,0.14625474428786459,0.043625474284454055,0.01805692921033002,76.65898229295432,3073.4637489363427,9521.3809162803,721.362969303018
12432.9614420824,0.1496348995662725,0.1464181785230878,0.04362552163495942,0.018057131054738586,76.98980609120414,-199.63954000944605,10356.149803492697,912.8296312030631
12434.724794771979,0.14951466032222596,0.14655379908969426,0.0436245077941373,0.01806253922186813,77.29407870319878,-3461.506049205245,10281.346136960294,1024.3681852234406
12436.397080920906,0.14939642042746626,0.14666021220477313,0.04361811947700715,0.01807507535011334,77.56965394558217,-6464.429199327942,9417.961181070392,1057.6353339868733
12438.275319960654,0.14927005999315818,0.14676309249268357,0.04360975972760617,0.018084357113554755,77.81817998731951,-9047.027395219668,7932.798596195928,1021.3907619827071
12440.19050184988,0.1491367137423375,0.14685384670765853,0.043604871226992595,0.01808768645609265,78.0431268981903,-11122.078971976642,5996.949069654277,927.404504807854
12442.111076121455,0.1489952549624219,0.14693140062726143,0.04360326280126949,0.018088310038144425,78.24845696731774,-12654.992140603516,3765.0724930497177,787.9095359183008
12442.961283429462,0.1489263914586606,0.14695656042862362,0.04360421842044558,0.018088093091057165,78.43795490718792,-13644.569423243203,1369.0291877537525,614.3685037799315
12443.481992352752,0.14887800900232456,0.14695689424517813,0.04362496767890015,0.01808782392117455,78.61498877950275,-14109.361658364083,-1081.3968991212446,416.9935127139486
12443.813182258174,0.14884679654484279,0.14694993196974998,0.04363660648478429,0.01808968563960177,78.78248645622662,-14079.083687947808,-3495.111047571131,204.7998134972538
12443.45682253312,0.14887957375224933,0.14695567160089074,0.04364566078849905,0.018092709633215614,78.94298362932079,-13589.625415869028,-5795.67670441543,-14.197678949049818
12443.369371060735,0.14889043178560063,0.1469494933441045,0.04366038514296544,0.018100391409447816,79.09871742083169,-12680.40347402323,-7917.771300716281,-232.86554419494226
12443.596752936104,0.14888118447079235,0.14692282498630627,0.043671399328721834,0.018108505328412308,79.25172061267028,-11393.255043942418,-9804.2470198203,-444.69467520603047
12443.563664110066,0.1488864190900176,0.14692217581817224,0.043681115799738796,0.01811825888008564,79.40390258517382,-9772.438943762023,-11403.722914821266,-643.5747584640986
12443.63641652526,0.14889447197323738,0.1469091275617224,0.04368725039760472,0.018126650053221303,79.557134648392,-7865.252133699579,-12668.842863673037,-823.6350711119127
12443.791107428673,0.14890769578691676,0.1468895040122106,0.043694478486409005,0.018140651419311208,79.71333717404762,-5723.234565475068,-13555.101059877421,-979.1112724371645
12444.051840966378,0.14892307001438587,0.14686413629522535,0.043700187696790786,0.018157989074683033,79.87456174445633,-3404.022059313864,-14020.256493949677,-1104.2281193593767
12444.232715362303,0.1490087748669455,0.14686042002560742,0.04370183695622118,0.01816859606865775,80.04307885692253,-973.7653753772021,-14024.381415979147,-1193.070978036042
12445.507444022986,0.14914522251387954,0.14679523091416882,0.04370152870487833,0.018184712021066134,80.2214808810243,1489.8310910715566,-13531.068882848616,-1239.6184633791315
12447.880660540362,0.14933436887034193,0.14668585973383996,0.04369582076777666,0.018212314192486187,80.41276866564965,3893.783406831753,-12510.319435299047,-1237.9011178624985
12450.537506678464,0.14954480641215107,0.14660309852421693,0.04368665675935319,0.018233831619868638,80.62039027374735,6125.662071369238,-10943.852074732178,-1182.2385926268319
12453.11308523962,0.14977225243026626,0.14660717353397432,0.04367901574586328,0.018244556725477864,80.84818785495659,8050.122822621666,-8834.201577162028,-1067.8731094693348
12456.082430763383,0.15001390048907237,0.14666307617070506,0.04366750287917147,0.018254482525086355,81.10011597151333,9508.618648995394,-6219.071787342015,-892.2912974498018
12459.488985830463,0.15026098041606184,0.14680789647390174,0.0436561665407304,0.018259876769312615,81.37949213523373,10326.99974104111,-3191.2625839053953,-657.2478315505061
12462.725567974117,0.15044294059021207,0.1470453977326977,0.04364857215809924,0.018260965630127322,81.68755564165602,10338.481387207903,79.80260365737503,-371.4463094121675
12466.001834451967,0.15054983504709013,0.1473500683980471,0.04363234859435572,0.018258030482640374,82.02143704249404,9428.114399579898,3338.029368883288,-53.104279696708495
12468.682440848452,0.15052221701642904,0.14768835902061872,0.04361213078038711,0.01824638886908202,82.37254999508772,7591.0634920648445,6263.906132747124,269.9489160703502
12468.460389694534,0.15036995052306676,0.1478070224619625,0.04359664844484907,0.018227818047524484,82.7272850827227,4972.3832945531885,8543.785239482335,564.9508978204939
12469.009483627904,0.15024495236964125,0.14791610767866015,0.04359551317335886,0.01822449611451383,83.07084131983466,1847.3909588951183,9959.380396027354,802.8255291861594
12471.012496958736,0.1501450827508505,0.1480805068509288,0.043595554818779,0.01822755687079332,83.39192704622155,-1456.6201269665683,10440.270290116665,965.5559128307476
12472.87377290146,0.1500181681458991,0.14821276611056688,0.04359630812739914,0.018224829529773053,83.68502152397507,-4645.622944309166,10050.370515192857,1047.9894043847469
12474.284081928834,0.14991541147637893,0.148295727135704,0.043594079422226914,0.01822819357164515,83.94964487412199,-7505.420037816256,8934.1550163974,1054.9283752605818
12476.11949518937,0.1497794626187619,0.1483856217718545,0.043589196895905034,0.018232671502142157,84.18833605860387,-9905.733307387038,7263.379388815561,996.6506825981849
12477.614644663357,0.14966283993238402,0.14844490523705514,0.04357458754431295,0.018241059359724907,84.40487281550459,-11782.35194180225,5203.851148158846,885.3320988732197
12478.936194226595,0.1495540917266677,0.14848439805730212,0.043560042957671144,0.018245794389681286,84.60320330844787,-13115.645606590722,2901.194488614578,732.9979277333233
12479.419175664181,0.14950945061782603,0.14848873711868785,0.043549611920980724,0.018247094101060218,84.78697116687677,-13913.378030753653,477.90602548343463,550.6102797324627
12479.314956378003,0.14951738364292888,0.1484834015341014,0.04355378109326878,0.01824729024426604,84.95937135872444,-14199.137788768841,-1964.446551133188,347.84909389635993
12478.857591294507,0.14955932398907276,0.14848743543401713,0.04354905708829003,0.01824622339152454,85.1231681086722,-14005.296238507066,-4341.45591966238,133.25198225229343
12478.807733367716,0.14956686732177102,0.14847137639425828,0.04355646667530205,0.018249167101233223,85.28076904906017,-13369.000652344203,-6582.022343196577,-85.62397834859132
12478.674755451699,0.14958486388493755,0.14846163809011628,0.04355380576223312,0.018247578875398168,85.43431415268343,-12330.241558418518,-8624.935194538606,-301.97677403350417
12478.543237484539,0.149606898056844,0.14845322602716732,0.043545781775141776,0.018240982489835376,85.58576200017845,-10931.22444383384,-10416.112722563641,-509.498652252666
12478.309508963903,0.1496288504840599,0.14846430389663204,0.04354747081529352,0.018242846753829485,85.73697903420491,-9216.563989648195,-11906.524323662776,-702.2908473625442
12478.196869711675,0.14963828581474997,0.14847174595205972,0.04355851133947927,0.018259654236448722,85.88982172697521,-7234.114881226486,-13050.653874243304,-874.7004825331323
12478.132224770547,0.14965247697400988,0.14847463567811714,0.043560613667088535,0.018264256670390437,86.04621700424181,-5036.344953058728,-13805.482829670624,-1021.0585082411676
12478.255843571626,0.14968472893614854,0.14846305638438234,0.043562970704108354,0.018272812201214638,86.20825249823271,-2682.3136249094723,-14130.068806871726,-1135.602964161291
12478.483411159987,0.1497911427462829,0.14846579744806992,0.043563529406897686,0.018278137956076145,86.37826255658894,-240.27614289233406,-13985.870048025417,-1212.4701988479922
12479.986121410451,0.1499088060072129,0.1483795813662839,0.04356212669178103,0.01829749493502091,86.55893233778671,2209.121872546907,-13338.4086448292,-1245.7227096890824
12482.303684672685,0.15008996982478082,0.1482810008870684,0.043557258086207334,0.018315849948208028,86.75337115123506,4568.972566312574,-12160.601413983064,-1229.4792049093019
12485.109199648808,0.15031905328838344,0.14821609956089665,0.04354718786005215,0.018336074335066014,86.96514353169621,6721.968360458437,-10438.806834908704,-1158.256274896186
12488.075226651126,0.1505636861170148,0.14821329904790626,0.04353567770504408,0.018350200102018228,87.19817297373963,8527.485030352433,-8183.237951969429,-1027.781829954191
12491.400028500839,0.15082610300405702,0.14829437431231943,0.04352735610641153,0.01835641816829505,87.45636267573946,9822.66558871499,-5443.757625677119,-836.38914426873
12494.759103474022,0.15105671710548854,0.14846516414775845,0.04350768579683422,0.01836399580247662,87.74268809463626,10433.146642265518,-2330.826047226956,-587.3160227129728
12498.282229052447,0.15123510466238566,0.14873396170361472,0.04348539497237875,0.01836543095713466,88.05755706931487,10201.200508585129,964.2476958445317,-291.48701480178045
12501.455653462775,0.1513042552810519,0.14906302504503263,0.04346516440731028,0.01835988787091175,88.39672751913946,9035.31376059074,4165.556968439592,30.40623550110473
12504.254924205294,0.151249691075393,0.1494163000053166,0.0434438368995,0.018344815410062502,88.75008850029461,6967.7596135687,6947.545737160279,348.78722749091224
12503.699019808093,0.15106105045935245,0.14952197748669613,0.043437904769470626,0.018336028428906286,89.10318871466673,4182.24143911289,9013.926451274401,631.1237887330321
12505.707910013085,0.1509786412327303,0.1497032528841187,0.043437546855964446,0.018334474548498368,89.44165672466977,976.3978978412508,10183.296758173576,850.7625980022137
12507.602178124927,0.1508740187283475,0.14985360875030856,0.043436988394725776,0.018342444960257845,89.75555702359826,-2324.434472619487,10424.74388396114,993.1184991432424
12509.24449204822,0.15075890359903998,0.14996451929690788,0.043432662313327694,0.018353542848594504,90.0408099696307,-5445.249042494371,9829.493315792557,1056.0692556271183
12510.866885830115,0.1506384195834234,0.15005456919091129,0.0434279238028556,0.018359831999834895,90.29793182796465,-8195.592686568174,8553.749817283733,1046.2083927122255
12512.701479523676,0.15051940822770948,0.15014855913423797,0.043420618335372925,0.018365782511916128,90.52994753792338,-10465.444025437624,6769.834224204684,974.4788412171722
12514.644394526922,0.15037452589214784,0.15022691213156789,0.04341242190255411,0.018369883469198076,90.74077090125027,-12204.92013049226,4638.552257483476,853.0430355808187
12514.818852135293,0.15034078086650204,0.15020836904885734,0.043383827302976734,0.018377664931066504,90.93430908641788,-13403.369569845463,2298.819374526569,693.6482616294793
12514.648992979843,0.1503503152994683,0.1501952825095523,0.04337728201751099,0.018378170593800553,91.11409486252676,-14073.814153017442,-133.35651967127075,506.85752017694756
12514.166110388907,0.15039219479214344,0.15018687916883727,0.04336637715178762,0.01837713001826192,91.28321171291469,-14242.753283871441,-2562.0783614448364,301.9355470173869
12513.35888881706,0.15046615246554002,0.1501742686724387,0.04335590087449826,0.018374347400211773,91.44431919394367,-13943.952418863906,-4907.544396730567,87.07310656979034
12512.894623145583,0.15051028099630073,0.1501772565115158,0.04335535439881115,0.018374094119484548,91.59973922152905,-13215.170780612458,-7102.281861596545,-130.49966698378063
12512.619038731928,0.15053206374317585,0.15019280100218818,0.04334445423181738,0.018367099719047087,91.75154557413548,-12096.62644667503,-9087.947080359623,-344.2271632362843
12511.8358650958,0.1506044706577801,0.15022390013441267,0.043339661369573304,0.018362880094810807,91.90164817529319,-10630.532823262893,-10812.646802662735,-548.0326809666659
12511.575272308119,0.15063230148569035,0.15023429690972454,0.043333499262337816,0.018355555625812814,92.05188368330651,-8861.463435410416,-12229.061507633358,-736.1723000822162
12511.087881986181,0.15066605010684522,0.15027022615511498,0.04332833608357042,0.018347103868365664,92.20409661984199,-6837.3532091141315,-13293.062823188215,-903.0406248014104
12510.98727582022,0.15068230423818565,0.1502767562960145,0.04333056284522909,0.018352410260792595,92.36022006997264,-4610.966739104446,-13962.762981563737,-1043.0938245321054
12510.824744973113,0.15070816414734717,0.15029257719182046,0.043330817314668785,0.01835341125536721,92.52235967045222,-2241.9417701588604,-14198.257346801976,-1150.6977455671545
12511.116812797982,0.1508181290257933,0.15029518895922225,0.043330801418508674,0.018352967878963365,92.6928874458909,200.52296591036927,-13962.044669290779,-1220.0351864775184
12512.72925424116,0.15097169128545926,0.1502217508926574,0.04332972111893887,0.01836338143922737,92.87454437749821,2634.382867183877,-13220.864463635196,-1245.2228635315137
12514.784863197001,0.1511456241622057,0.15015205629080336,0.043321092080319916,0.018392005059116978,93.07051276715124,4960.766195932015,-11949.4684926327,-1220.508328745599
12517.604469850978,0.15137596571645473,0.1500968485089666,0.04331407373798218,0.018404963728997758,93.28443098017853,7059.934848851855,-10137.126722442352,-1140.562374823461
12520.637337991668,0.15162097524943727,0.1500988571786565,0.0433011955464948,0.01841960871140357,93.52028319128301,8788.648704254956,-7798.64261294419,-1001.3653367820186
12523.933987653363,0.1518734888658235,0.15018169794448233,0.04328384840996687,0.018431486809853004,93.78194973370711,9982.115634794476,-4991.0414093971485,-801.8079953256448
12527.495290211093,0.15210845789636862,0.150370167157109,0.04326578241936024,0.01843752805031285,94.07220000725137,10466.620091557088,-1835.0101394887333,-545.9510749305261
12531.063015629801,0.15227625143728485,0.15064991461515023,0.04324645790025991,0.01843780879906516,94.39093755334511,10090.732637558875,1465.804718995945,-245.863683993521
12534.343510357463,0.15233532088251328,0.15098847390090492,0.043225124560710905,0.018430756979664616,94.73309141179588,8777.66325104622,4625.126022174834,76.4541591258311
12536.773721929605,0.15225495563806726,0.15131751470630253,0.04320169751476255,0.01841227409042806,95.08765614263251,6581.620754447586,7315.948034811292,390.61900806354004
12535.663834362955,0.15205225849811618,0.1513811135884101,0.04320349209124869,0.018414937566848706,95.43972505305098,3707.5957768291855,9254.22222810028,664.5448987332942
12537.621516661535,0.15195545875545785,0.15155911854022688,0.0432033886953163,0.018414268623070582,95.77521243108173,463.80677544998827,10280.796968983437,873.1751007850817
12539.380751879533,0.1518504560879015,0.15169603461315856,0.043202646004210574,0.018420399312278568,96.08496790775995,-2827.701092332444,10386.920880752028,1003.8740232573795
12541.115517632932,0.15173106675602524,0.15180959779073405,0.04319779570870614,0.018431389536811057,96.36570915959247,-5903.9809652306,9678.213248236714,1056.1216603276985
12542.776889109487,0.15161637636999523,0.15190136144803812,0.04319189345405107,0.01843863610020525,96.61848647443558,-8588.39208288012,8316.438387659948,1037.4099455735263
12544.494752390083,0.15150168638068276,0.15198617443748577,0.04318058064649073,0.018447243414087808,96.84658047152135,-10782.299309948865,6473.478517017882,958.9789397059475
12546.355110546505,0.15136821216640986,0.15206412132386618,0.043167047434282124,0.018453518440246893,97.053978678249,-12443.761711126992,4306.830796310734,832.9244150028262
12546.439539685936,0.15136079866068403,0.15206665453313803,0.04313945428534985,0.018460189796415064,97.24456861681377,-13567.14982148791,1951.2903921277991,670.736348076719
12546.290886443936,0.1513696352852197,0.15205596135081867,0.0431243805090418,0.018460994225136276,97.42182930279392,-14168.357251880228,-481.1295092908839,482.6892663744655
12545.938385013153,0.15139846842446567,0.1520412610526464,0.043108696853415694,0.018459134019196924,97.58878330140388,-14275.348410301574,-2898.014998795965,277.7726885788074
12545.512361449948,0.15143746014736126,0.15204489382912983,0.04309490388689552,0.01845515701994973,97.7480343429178,-13922.590086652488,-5222.443078814955,63.90625811996544
12544.885376817847,0.15149688157827013,0.15205100934758228,0.04308625278865434,0.01845111375780817,97.9018532429169,-13148.038794302223,-7389.234797615573,-151.89064164642554
12544.102511078248,0.151568031115124,0.1520769019427314,0.04307543768072826,0.018443892789080676,98.05227090916418,-11991.79901189549,-9341.838877700988,-363.2542728478872
12543.237336955204,0.15165167964250334,0.15210788942600403,0.043064564087987686,0.01843400374645147,98.20116794258047,-10495.84734063884,-11029.870020797223,-564.2703277998005
12543.06307224574,0.1516762860163723,0.1521107433367633,0.04305443279985838,0.018421577379010554,98.350362250125,-8704.450676257882,-12407.283048845495,-749.3209349684946
12542.599793445455,0.15170012094260157,0.15214866748207442,0.04304902292917475,0.018412420636596993,98.50168449122066,-6665.234947802175,-13430.988864317163,-912.9370492696526
12542.180673668994,0.15170822777822532,0.15218708336896164,0.04304646314034335,0.018406009218518562,98.65705676890606,-4430.695902271905,-14059.973433993902,-1049.6620244726507
12541.807284267998,0.1517368020580074,0.15222275273512467,0.0430461893365707,0.018404745675524848,98.81858347799178,-2060.2187464932304,-14255.06373310109,-1153.9458543962462
12542.535254569564,0.15184839858821844,0.1521882503127419,0.04304608590433173,0.018402691642851157,98.98864608208021,377.24982861660703,-13979.420291160923,-1220.0774297027708
12544.562871698998,0.15200754534106573,0.15208116025467758,0.04304316555548538,0.018427577862064188,99.17000540520718,2799.8189334096946,-13200.445109467484,-1242.2891089473742
12546.982372228078,0.15220620062931067,0.15199714247744803,0.04303747148176847,0.018445691028828606,99.36586365927374,5108.612207796484,-11893.585958394047,-1214.8670542385926
12549.671947893388,0.1524353172949719,0.1519621573860521,0.04302961376156756,0.018459781518009918,99.57989287990657,7183.7530603934165,-10048.99943046763,-1132.5129731835084
12552.764482760029,0.15268538390327688,0.15197218817455577,0.043019487696540674,0.01847101951533283,99.81610971517756,8881.833135178782,-7682.735190002319,-991.3004770996582
12555.858831695832,0.15292534373502709,0.15208264936979038,0.04300450647865611,0.018480997106035242,100.07841761390932,10038.028338278558,-4853.613543023091,-790.2113570380968
12559.420007451681,0.15315606999480405,0.15227675332184157,0.04299044712979596,0.01848547775990683,100.36956442527479,10479.199413945575,-1684.861077211271,-533.4600972345218
12562.960525922375,0.15331730799496285,0.15255695911788505,0.04297345174312556,0.01848546145101434,100.68934064586024,10055.92251030865,1616.780702391282,-233.330067332406
12566.185362429864,0.1533646479411404,0.1529002056063466,0.04295239464562469,0.018478126102144506,101.03243670917401,8695.622351522077,4762.402777182225,87.94787918629373
12568.807418955657,0.1532976333026181,0.15322531947876253,0.04293059029042876,0.018460308218209813,101.38754066629004,6458.799214429582,7424.820625305603,399.9143564489389
12567.855055564776,0.15310507811484614,0.15329137656046232,0.04292977890046775,0.0184586875688897,101.73952114155524,3556.650739741503,9323.770096007402,670.6971619449482
12569.79488396238,0.15300629657252515,0.1534666424697821,0.04292898758852733,0.018454459978126295,102.07427915897881,300.5222019880667,10306.92918794266,875.7522950165792
12571.450790720924,0.15290316846621413,0.15359480953675644,0.042927387839727514,0.0184663172941611,102.38283505211167,-2988.6305073663916,10372.505898154388,1003.0976957101198
12572.90487337645,0.15280313359104594,0.15368885846936267,0.04292586324050005,0.018469526421395214,102.66212436667479,-6051.802512715144,9630.789915058249,1052.666558298163
12574.867911952504,0.1526790033469364,0.1537991856882781,0.04291907729429842,0.018477660398225747,102.91337457510716,-8717.022484284911,8245.359722450818,1032.1605174819733
12576.264284043253,0.15257949574948335,0.1538641044841623,0.04291291678995783,0.01848221370245449,103.1399663118731,-10889.607294038504,6387.859010240592,952.85160311669
12577.980550006107,0.1524392398074965,0.15392043683746107,0.042907643197398336,0.01848457398842358,103.34593220718241,-12530.414562822325,4214.490735065783,826.7109791430622
12577.981156329426,0.1524358335580583,0.15391692449168384,0.04287585950980693,0.018491992794960638,103.53517453263841,-13635.62724049266,1858.3625104595246,665.1077510632757
12577.831224015054,0.15244660395674614,0.1539104132011934,0.04285467872992768,0.01849298889383856,103.71116563144889,-14222.197144212261,-570.1988315159434,478.19224074622576
12577.558012404343,0.15246887211105417,0.15389904291221035,0.042833809873435366,0.01849040262578125,103.87691408890484,-14318.580598774719,-2980.3436478590606,274.7918144401312
12577.008753245136,0.15251932918549957,0.1538946427525123,0.042815157314155396,0.018484941677135006,104.03500605512887,-13959.338632727495,-5296.515153137042,62.66915676808334
12576.242386050937,0.15259208150465928,0.1539014219779926,0.042802281853231226,0.018478879912468348,104.18769394289265,-13182.28351018161,-7454.717496415865,-151.29901999789223
12575.531972618483,0.15265699578805791,0.15392413494402196,0.04278260298568088,0.01846569098913278,104.33699155197925,-12027.209356606181,-9399.463986888233,-360.8691762784096
12574.953371862648,0.1527244305596309,0.15393139928654798,0.042778888484325726,0.018462299289213127,104.48476386300237,-10535.607594087463,-11081.308365886996,-560.2853462383484
12574.325806606055,0.15277209574179887,0.15397152300054037,0.042774654990471075,0.01845710127656612,104.63280729216538,-8751.175051957374,-12454.997569514484,-744.0887217550286
12573.5745031598,0.1528158328789904,0.15403080236514663,0.042769560246097287,0.018448504137547502,104.78292927785415,-6720.826137118345,-13478.140373329998,-906.8974848008872
12573.02216602821,0.1528444630416086,0.15407820936217365,0.04276626807800568,0.01844032899268138,104.93703235129337,-4496.117192855508,-14110.33574113313,-1043.336036757328
12572.301271900622,0.15287347883743851,0.15414537198015849,0.04276439775314853,0.018432182585405806,105.09719789074721,-2135.329890855498,-14312.928475606195,-1147.9393030584617
12572.277569923757,0.1529644100239073,0.15417345465681187,0.04276487112094268,0.018439440527066257,105.26578139711008,293.90618799818907,-14049.439934586135,-1215.1193156840097
12573.729252227133,0.15308613543550526,0.15410068238429442,0.04276327940149125,0.018453925761847536,105.44551321662014,2711.3548650047974,-13287.34301425456,-1239.179090021539
12576.045026503747,0.15328111145391066,0.1540240438074742,0.042756729861577435,0.018475388420953334,105.63957740988302,5020.151269451101,-12001.626871832397,-1214.4338127359028
12578.918857170884,0.1535096160978365,0.1539635557575565,0.042746968003832826,0.018493320705594906,105.85163813351078,7102.6926413267165,-10181.2392671566,-1135.6024335455959
12582.023096219225,0.1537565451554102,0.15396303523683014,0.042735742299220114,0.01850609600862266,106.08573263672154,8817.845334087964,-7839.9603955954935,-998.6266796639073
12585.209093135287,0.15399851250766186,0.15404627225125048,0.042717983731591476,0.01851830468984641,106.3458454753372,10002.502313207344,-5032.862774827486,-802.1852112646
12588.800770337852,0.1542327371452951,0.15422781995923143,0.042698615484303835,0.018524853912206367,106.63490653495616,10483.60775780036,-1877.8698289596512,-549.9709129596305
12592.068014943858,0.15437895626836265,0.15450253401195538,0.04268263898714101,0.01852513653009439,106.95301159118696,10108.706625029783,1424.2774785566928,-253.49531227214666
12595.378860089382,0.15443732190495382,0.15484124725487533,0.04265465980797593,0.018516078778120334,107.29522799543425,8798.260198534284,4589.085625875737,65.81552512794798
12598.138913828267,0.15436310395582464,0.15519212197167206,0.04263470502882366,0.01850042006433356,107.65050388262848,6603.244038815375,7289.10328514264,378.02849531865223
12597.047805396212,0.15416096874951188,0.15525802059537314,0.04263479479736295,0.018500306039927493,108.00364330148734,3726.92989546683,9238.02042484995,651.2301717217974
12598.677668119744,0.15406683505653182,0.1554114627049893,0.04263622775434742,0.01850683594689953,108.34015929372099,478.0451316851488,10274.613889062532,860.3059127170343
12600.262640835137,0.1539472427178468,0.15553891133910666,0.04263547370754788,0.01851309757905057,108.65059779393333,-2819.971240292675,10389.637212186492,992.4913096020574
12601.834472180975,0.15383342813813047,0.15564104755830116,0.042633295895382485,0.01851794836927894,108.93156157662406,-5903.4230583005055,9689.503799702854,1047.0917866520158
12603.636939473767,0.15371797720461722,0.15574231892512855,0.042627709030543554,0.01852480821165827,109.18412182161933,-8595.988929538475,8336.956458291852,1031.477090570725
12605.488291074858,0.15359097272456723,0.1558310896783049,0.0426185157792358,0.01853180381333143,109.41163348991292,-10799.993012068537,6504.265171135924,956.7573306351226
12607.06247066006,0.1534695099987278,0.15588897968200185,0.04261794275484989,0.018532029313592564,109.6181598128477,-12474.538952213097,4348.662720769488,834.8221472512214
12607.17665903391,0.15344799825614203,0.15587711843342367,0.042594372035885314,0.018537791635184698,109.80765139037473,-13614.840289380385,2004.148914446086,676.9699277000298
12606.669351958319,0.15348839700700587,0.15586253371729641,0.0425728765647697,0.018539032331734012,109.98362746282987,-14237.333799993403,-418.3628768153603,493.33466237506326
12606.175047138431,0.15353183923223607,0.1558574686613059,0.04255584018399728,0.018537104698282587,110.14913071634074,-14370.196912650452,-2827.7113786734776,292.7231305942901
12605.33508721562,0.15360855403259002,0.15585511106891395,0.04253402313719884,0.018530982770041744,110.30677268044411,-14047.729343232832,-5148.308247939051,82.8582923904842
12604.5923896762,0.1536813047155045,0.15585028361116596,0.04252543542774972,0.01852705828652505,110.45882134327483,-13307.398884149552,-7316.323161305319,-129.44426743298112
12603.925430677804,0.15374035216234383,0.155874712341077,0.04251351128314719,0.01851927594622494,110.60729691331457,-12188.571871669057,-9276.58360832319,-338.040140788017
12603.511163913941,0.1537757915488665,0.15589454095182043,0.042498669625751044,0.018506115357288355,110.75405900490172,-10732.189446641796,-10980.077540706978,-537.209358997263
12603.092562782484,0.15381834830807653,0.15591276338234844,0.042490692711573186,0.018496616729083443,110.9008908876722,-8981.129247657243,-12382.000921731147,-721.5481668150238
12602.367086086493,0.15386816024281647,0.15596622959207937,0.042484532329124816,0.018486589678728436,111.04957669504653,-6981.224843317677,-13440.386145067056,-885.8004997440895
12601.493398891602,0.15389511946367476,0.1560443456725306,0.042481234227554156,0.01847879330171118,111.20198428275341,-4782.699122385054,-14115.2809631124,-1024.711250949319
12601.014782360116,0.15392077684784453,0.15608879213438565,0.04248122942266334,0.01847872731426009,111.36015281456964,-2442.027434513426,-14368.365013756507,-1132.95195186551
12601.132599041974,0.1540119218773336,0.15610127675660757,0.042480450013619976,0.01846935454646765,111.52638263632656,-24.481087811611385,-14163.219263652709,-1205.001133932532
12602.121735693665,0.154124920578165,0.1560652682898365,0.042479336375379505,0.018482347233220897,111.70333917157032,2392.61320683672,-13466.891352891538,-1235.222331335755
12604.346427359145,0.15429814006740702,0.15597560478281422,0.042474434429854,0.01850011764175094,111.89413435087887,4716.049157547496,-12253.104724907776,-1217.9965397056026
12606.835428331116,0.15451264331780024,0.15594006214385747,0.0424623000686023,0.01852409833443004,112.1023738482412,6832.536610873992,-10508.049218760927,-1147.9888394193265
12609.800411401799,0.15475253792821494,0.15594016034097943,0.04244333446351064,0.01854721790273895,112.33208185427898,8605.471241454841,-8240.423200602563,-1020.9074681558762
12612.88067064585,0.15499323439901194,0.15602966400741033,0.04243271831315785,0.018555153652126365,112.58734780078808,9875.405503575947,-5496.977192507779,-834.7731484753501
12616.0852945507,0.15520755057821345,0.1562069486702528,0.042414523589019835,0.018562226684963868,112.87143670115502,10469.689861996792,-2383.5700646220494,-592.1467856432806
12619.751753845205,0.15539268814855783,0.15645903208300826,0.04239658959934674,0.01856345732411518,113.18511156737509,10229.526723514475,913.5605729544429,-302.9760569420706
12623.268056726467,0.1554787136931133,0.15678957036394495,0.04237477024596099,0.01855762248348949,113.52439079910454,9059.315104841724,4121.880876239199,13.116881085315667
12625.911908162067,0.15541031944775988,0.15713753684896445,0.04235040322081285,0.01854059785539921,113.8790787083734,6986.233090789572,6915.458997739951,327.38680473145877
12624.506859501395,0.15518754615733601,0.15720434630900992,0.042350864155223676,0.018540989791269592,114.23418030319115,4191.370554556709,8994.526826826277,607.7265831588868
12626.2468502459,0.155082342205927,0.15737538099515774,0.04235050236249388,0.018539432323214738,114.57455966398288,973.4795766745435,10174.620111162629,827.4735677179025
12628.145809796295,0.15496806959919893,0.1575262898659374,0.04235043927414809,0.018539919211950355,114.8896955813287,-2339.563456386112,10424.797118625045,971.8171630436462
12630.050881131961,0.15485211494692142,0.15765341442656347,0.042347649167775114,0.018546976510754386,115.17527741173535,-5471.659639543437,9838.584145487728,1038.466834441449
12631.959760650474,0.1547383498734857,0.15776433426674918,0.042343606531986634,0.018552310056205445,115.43185929659174,-8233.511391099155,8574.57940151071,1033.8680961428963
12633.956890120022,0.15461159604385413,0.15786602028685576,0.042342078984534195,0.018553498501285258,115.66261537275489,-10517.554594178224,6806.140196688363,968.7173486835613
12635.67146918724,0.1544845364574445,0.15793413097313871,0.04234259102418729,0.018553193980418402,115.87161720132616,-12276.52234764162,4693.578561889451,854.8408500900034
12635.68732943181,0.15447743975733486,0.15792855564540695,0.04231285136713369,0.01856138471473471,116.06289544051695,-13501.914395548009,2374.187152700808,703.647930833948
12635.298712297785,0.15450682174269553,0.15791517104570854,0.0422814797233663,0.018564064768951463,116.24006475498118,-14208.123519426117,-38.37418498080819,525.396343729094
12634.690634553339,0.15455823315825418,0.1579020076643737,0.04226008542119933,0.018562217009454617,116.40625309339453,-14422.200905387976,-2450.903336500666,328.9661299079654
12633.777235590853,0.15464085720846024,0.15789463008762747,0.04224796925583916,0.018559147564373865,116.56413763278486,-14177.791650291694,-4786.403762085255,122.08373368255931
12632.96906732566,0.1547135476050231,0.15791607317342343,0.04224135231167396,0.018556325533550817,116.7160322230302,-13511.915748229667,-6980.205260849134,-88.43184698734864
12632.32249480826,0.1547741058577664,0.15793140673140188,0.042224206348753575,0.018545769049914604,116.8639830092709,-12463.408022172754,-8976.711649508112,-296.41249527183714
12631.902898737331,0.1548144738848283,0.15794494731357636,0.04220910710206635,0.01853308884221086,117.00985940853658,-11072.4834683831,-10726.784055228043,-496.17572960477185
12631.225551517919,0.15487164311629648,0.15798224759682417,0.042197224802381715,0.018519723140154654,117.15543568501678,-9381.10436263459,-12185.730020282599,-682.3861726767506
12630.355955150979,0.15493694571643452,0.1580423816505867,0.042190196304305615,0.018509005106092997,117.30247147491876,-7433.813743804366,-13311.834558466846,-849.8767782948634
12629.612290923835,0.15496906588450957,0.1581065151156037,0.04218679313349282,0.018501613358941633,117.45279500310308,-5279.0368941928855,-14065.450153778203,-993.5193559427896
12628.895816977596,0.15498781464932126,0.15817192304368652,0.04218483248587362,0.018494753130951204,117.60838459006824,-2970.8876455164595,-14408.500684334866,-1108.0996702890038
12628.349161057336,0.1550606306088853,0.15823656678207873,0.0421843996396769,0.018491079036205824,117.77145784691074,-571.544564110821,-14304.522477305918,-1188.2392167135515
12629.091366998256,0.1551721984045773,0.15821771383094835,0.042184144752868476,0.01849686598111527,117.94457657184026,1845.7565746979035,-13719.852726427507,-1228.4081659257156
12631.56951738937,0.1553395145393224,0.15809061007284464,0.04218321306077302,0.018501005860946333,118.13074295813323,4193.045517584288,-12626.35761805377,-1222.9866103148813
12634.298732718162,0.1555557937584054,0.1580177254894893,0.0421732774891693,0.018523307593759517,118.33345727454216,6363.30890171875,-11006.382473778849,-1166.5645987158955
12637.379385593493,0.15580397459223613,0.157999480657945,0.04216315545419079,0.01853715753802591,118.55668222745689,8226.761451447674,-8861.514296342046,-1054.4973219901885
12640.387409513616,0.15603493716904218,0.15804041233194432,0.042149325450331274,0.018548904325740162,118.80459860260291,9629.967795068444,-6226.662487189627,-884.024636809754
12643.96047179288,0.15628329940167426,0.15818909395279898,0.042136908021116394,0.018554763492872633,119.0808709897158,10402.235997849742,-3189.908230646561,-656.2388909584498
12647.398090109535,0.15646962636905376,0.15841762405716803,0.04211390491485871,0.018558183051154604,119.38717143976992,10377.318516633637,85.01636668866674,-378.80992541032526
12650.886058923666,0.15657575632702922,0.15873315424716097,0.04209427522018858,0.01855466561926271,119.72096191093533,9437.420979822478,3346.388247340056,-68.63404904659087
12653.171750018862,0.15651668938624505,0.1590594591227481,0.042070420154085256,0.018540944257184024,120.07357815063287,7573.402094421602,6275.392084350438,247.70428038473784
12652.22369287064,0.15633119062774467,0.15914695498473833,0.04206620373436796,0.01853567089996696,120.43073057467001,4928.369941128807,8555.835413821384,538.2591597936739
12651.41326866901,0.15615396736850878,0.15918714208394835,0.042070259785433564,0.018546721362123,120.77658472691013,1779.7124999069035,9967.565616389284,774.297263547454
12653.180570297063,0.1560501620926606,0.15933337985577936,0.042070218879510415,0.01854381507381358,121.09901091254478,-1542.0497923012686,10442.267172761589,937.7901822286856
12654.586354738045,0.15592859382547622,0.15943278317127813,0.04206945809735295,0.018546097757112034,121.39214897523154,-4742.3397041284215,10048.82588740785,1023.5647187757731
12656.481740186091,0.1558088355985589,0.15954495860041734,0.0420616028416598,0.018558068981965447,121.65558000704449,-7609.988220466423,8936.169502121431,1036.3830766568221
12657.94334753769,0.1556963303145617,0.15961317834424935,0.0420563111805582,0.018562874441041512,121.89207207746666,-10019.686174546005,7278.007953057787,986.244932135626
12659.836428096083,0.15556184219421557,0.15969452749805915,0.04205063980943538,0.01856607705252308,122.10564228359704,-11912.252273346865,5239.4038402441365,884.8377774276491
12661.018603291977,0.15546965241080135,0.15973382335446623,0.04202957742068857,0.018572953411623933,122.30042570146759,-13272.06531444447,2963.278310371055,743.663773272019
12660.611890763215,0.15549602121785777,0.15971296402966792,0.04200597299059965,0.018576020187195303,122.48017865481948,-14109.465442013781,568.3959204146354,573.1565912426285
12659.730683883896,0.1555727434081111,0.1597028043780976,0.04198842862113609,0.018575242750291748,122.64815819218967,-14449.316444697397,-1847.9238840851558,382.4224533163527
12659.106173456306,0.155627046217452,0.15968311001523985,0.04196049861888306,0.01856937876891609,122.8071536850796,-14324.086685870414,-4205.737305426078,179.4068556664759
12658.198984565053,0.1557106499658587,0.15969145438548069,0.04194761142980819,0.018564488899201443,122.95956117782882,-13770.045749485354,-6438.320843844909,-28.93753069812741
12657.628118046483,0.15576668001902674,0.15969575181932877,0.041931968357737416,0.01855569118135085,123.10748030915565,-12825.42523934641,-8488.71772170168,-236.4251341356283
12656.94457054996,0.15581832305135512,0.15973676929677033,0.04192248443962961,0.01854834768568299,123.252807675274,-11529.775012183174,-10307.013398876457,-437.3938652513365
12656.057215182756,0.15588034122356842,0.15979594527253393,0.041911989775164867,0.018537467425854378,123.39731930534775,-9924.116097623375,-11848.150941593629,-626.5390948109633
12655.399995306587,0.15593506785275207,0.15983680365849443,0.04190810169318154,0.018532043456086278,123.54275742914777,-8051.570347587084,-13070.344856123138,-798.7597559738704
12654.822063374779,0.1559659964290844,0.15988430421074357,0.04190249558283243,0.018521164602988676,123.69090788223193,-5958.600241162624,-13934.016105872603,-949.0115002401632
12653.96543997497,0.15599599824783897,0.15996126084917547,0.04189974550952237,0.01851300723572308,123.84367914647655,-3696.696451027767,-14401.129802613797,-1072.183194825963
12653.789394697658,0.15601877225752572,0.1599803208128913,0.041898240978595,0.01850419596099732,124.00319289762764,-1324.4643754171743,-14435.112125108308,-1163.0352102432332
12653.969887962367,0.15612271992803223,0.16000267322108438,0.041898221907624975,0.018499147317301318,124.17188058090673,1089.549446498317,-14001.516212166725,-1216.1398095290224
12655.853243796319,0.1562759232125087,0.15991732820311577,0.041894342015849066,0.01852218440646331,124.35258882932074,3463.379455847414,-13070.12060777995,-1225.9993123573336
12658.513814590655,0.15647130640442594,0.15981796488369504,0.04188515680096202,0.018546981267474012,124.54865466483416,5697.5783731459205,-11619.10612197619,-1187.173035024505
12661.131074452329,0.15668532426186588,0.15979118753474167,0.041873342450518714,0.018565840044239893,124.76391796696893,7671.025305620485,-9642.264119003403,-1094.6423457338533
12664.416951552725,0.15694413034033686,0.15982104038390027,0.04185783638929491,0.01858132166588133,125.00257417686208,9238.609209140272,-7161.011228675083,-944.801585624223
12667.91803646928,0.15719696759613683,0.15992871188193922,0.041841264983813825,0.018591076557131436,125.26864205229289,10234.360959966185,-4242.46907865506,-737.101321987319
12671.60130385826,0.15741812379284856,0.1601306890796087,0.041814192113386446,0.018597977768632982,125.5647508538554,10486.851131857953,-1022.083593480188,-476.54167457426337
12675.28300695974,0.15756363270303414,0.1604285692406819,0.041792069575225556,0.01859653720598778,125.89009691664101,9855.286958731233,2278.1937160963816,-176.49686412867075
12678.311379617626,0.1575729219728666,0.16077335095020298,0.041766889472305335,0.01858575415729593,126.23817786658677,8286.842131996198,5356.520673829066,139.7079688156578
12680.030285852343,0.15743464025410694,0.16106680760583594,0.04175273934828866,0.018572235221813903,126.59619862156322,5871.646666262175,7884.753806862726,441.24234571872677
