Episode: 252
5497668.982489893,0.19980871188362,4.996060659618551,20.073244279222358,19.961056422790485,30.868490316462502
5499465.548055109,0.1998386148000797,4.996174849598351,20.13118558229749,19.963388843170396,50.47428139021398
5501103.8719283845,0.19982302766685878,4.996260598763973,20.1808916860479,19.96929072099853,68.41663837939004
5502635.654770693,0.1997939330646161,4.996129136499901,20.21487042697173,19.98089500110886,84.61909027245409
5504175.929255258,0.19974723847929082,4.9955918659518685,20.242182182212748,19.995676711205405,99.21537951859497
5505463.164926762,0.19969351344962435,4.994203930434254,20.253106957210377,20.017309354487594,112.44773840658385
5507119.3053621035,0.1996122009955008,4.99840044769208,20.3334805724157,19.97523285092466,124.55491647307747
5508233.141835373,0.19940597861789258,5.003073825466018,20.37221892205262,19.945017756262764,135.80968792582948
5509207.864112357,0.19921533984141168,5.008323127688433,20.386531296923508,19.9249265655316,146.40546358636507
5510471.603663353,0.19901659007066466,5.013525054997304,20.383493727553944,19.916423622753097,156.51514337638028
5509364.192920139,0.1991272031384927,5.019005459828374,-339.62546223543313,19.918388095007177,166.28666966416543
5508162.905287046,0.1992514072870201,5.024324228848282,-339.6371385730722,19.930685882486983,175.85907482951683
5507246.757478116,0.19934328767744539,5.029310152887846,20.34849587207907,19.95247459358695,-174.63298002578657
5505701.473926006,0.19948996054113494,5.033558458490014,20.33467177263928,19.980963592617076,-165.05893132509874
5504490.90497666,0.1995922078935026,5.037359947116125,20.31610494082713,20.017437480026857,-155.28012594077975
5503223.717140652,0.19968360857816198,5.040469760636248,20.29727113432931,20.059652836334802,-145.15395004931702
5501660.586025514,0.1997806744633696,5.042737634746144,20.28388247531506,20.10498626592803,-134.52221099130588
5500697.212013582,0.19990540297723902,5.044112805915727,20.2518760999221,20.151155375737172,-123.17400101087092
5502651.3550202865,0.20000860152986144,5.044593099037358,20.156927146266973,20.195755360919694,-110.8486737517629
5505377.856817426,0.2001630787091011,5.044587859459665,20.098627138788185,20.196717691687088,-97.36135701117881
5508060.624820806,0.20038089055741584,5.044627908763633,20.061438475133954,20.195556083559598,-82.48101265929975
5511182.367829755,0.20066325473587757,5.044128761792574,20.03128736182826,20.20348636450613,-65.97336697476611
5514292.806926636,0.2009777417163013,5.0435333850891855,20.036079545715474,20.208506754613794,-47.73387056350846
5517277.011116596,0.20128512107352933,5.042821943280555,20.081308794309344,20.21092743460754,-27.891590768938006
5519618.043713197,0.2015058583890106,5.041345438053873,20.165439328902412,20.209875795420054,-6.933671118986109
5517210.05390981,0.2013367317312754,5.0371165142720224,20.239975635463466,20.188209906495853,14.366456918168064
5519005.506454935,0.20139782964635178,5.033577826013983,20.343492103747995,20.147532864693204,35.0216488218344
5520601.897385981,0.2014065938849589,5.033740640438128,20.39731699468219,20.15157387353856,54.31465973144714
5521925.4284757655,0.20138283848997401,5.033783233263418,20.437763674910013,20.156784584606193,71.89755170035612
5523646.749376031,0.20135983986337913,5.033532219789405,20.47025744108768,20.171696523656486,87.73379742326351
5525355.39140738,0.20131199957718265,5.033063060510228,20.504053836580045,20.182688386151693,101.99938839558392
5527075.0967957135,0.20125397317843025,5.034920681352547,20.5719380786673,20.15658738250783,114.9414789029234
5528566.089950483,0.20118201410457323,5.038933991283546,20.642040585788774,20.12030355752013,126.8190206887841
5529448.039659733,0.2009879101684601,5.0435171059479575,20.669731837115343,20.093804980642886,137.88889270909857
5530657.269379249,0.20078258129171722,5.048831256469971,20.683824254415004,20.076284469144987,148.32651877720812
5532160.251049511,0.2006371776955218,5.054171688610783,20.70503149876785,20.069939602924215,158.2853211272167
5532261.9889351055,0.20063676567428698,5.0592897405962765,-339.292270643363,20.073830767375856,167.94603401381218
5531676.740817703,0.20069892360622313,5.0645659928928755,-339.30293774047226,20.088070607068538,177.44263839529097
5531118.291880721,0.2007536893438488,5.069028688903013,20.68348346243557,20.109354312854915,-173.10034006516958
5530122.35984299,0.20084381630179962,5.073424787627938,20.665034774842223,20.140807193462688,-163.55396161732045
5529033.247920336,0.20093134822783662,5.077140943407079,20.64511403558255,20.17853788600654,-153.78308461750908
5528091.974809848,0.2009968665043788,5.080114191701096,20.6201998868398,20.22128532687792,-143.6370635837348
5526850.667859767,0.2010751114882091,5.082235985373121,20.599779387360336,20.266730675274534,-132.95961009277966
5527252.757128654,0.2011867743503871,5.083134775749763,20.546267631870155,20.300294842789388,-121.51067618204564
5529517.828299262,0.20128767098427902,5.083473833140999,20.44647626473695,20.34420493159576,-109.08142033694907
5532236.302959766,0.2014507494522043,5.08353124139361,20.396299020028792,20.339859468820055,-95.4638954772565
5535256.17233857,0.20168061382741112,5.083208803355986,20.34493568768843,20.348832177334916,-80.41145991213024
5538445.40460713,0.2019633594198578,5.083732407384599,20.331596347430423,20.341264969878218,-63.70951940966677
5541732.010070795,0.20228605843168537,5.083442423235715,20.340754318678822,20.343385926789026,-45.270169868001496
5544736.949575363,0.20258955289238204,5.082454023295158,20.389181681803073,20.346174928636458,-25.265327384653958
5547332.748348476,0.2028168634128848,5.08075468289839,20.475046398800995,20.34401865823874,-4.228035681912433
5546086.874371,0.20272020380159034,5.076528109844917,20.550758939316648,20.31947395928228,17.033781681300475
5547946.261908714,0.2027807712402795,5.073039496831052,20.6560775683254,20.275456068310948,37.53713571271768
5549596.877258843,0.20279003915703295,5.073287719140776,20.70573605620303,20.282448270025043,56.6057996962026
5551177.137282634,0.20276766740454608,5.073338602789636,20.746570488732015,20.292470652170284,73.93366584249229
5552675.983626954,0.2027268025749728,5.073171526543504,20.782339489921426,20.300412708342197,89.5329964063945
5554389.351223882,0.20268799060764564,5.072359227341706,20.808159110711077,20.317858360939695,103.58496391788894
5556121.060881341,0.20263367399060292,5.071234318169152,20.835094659990457,20.33243588236597,116.34216693001132
5557748.146786008,0.20255991670997306,5.075693039080227,20.909506894062602,20.29464418443175,128.06005195646938
5558946.346131638,0.2023629962326593,5.0799859090713255,20.941158359565417,20.271512711635413,138.9907051488258
5560221.026593342,0.20216819345620024,5.0847781805794,20.955374274335178,20.257158693572844,149.31406486430816
5561632.746481907,0.20205226484302485,5.089123542782191,-339.01957512053605,20.253071518848262,159.1729666075649
5562909.256485723,0.20194102152432464,5.094000322623212,-339.0069807634041,20.257834941331904,168.74363657901026
5564078.895898366,0.20182895991402366,5.09925514507606,-339.0107939235508,20.273068685413907,178.16588996030018
5565250.06540647,0.20170962113329408,5.103811279755024,20.972017187264857,20.29569652050025,-172.43021851907153
5565919.201390909,0.2016370456748224,5.1081573893295245,20.942166697404307,20.327707227416553,-162.91873938004923
5566340.435421037,0.20159571589869513,5.1118406407954655,20.900683036477172,20.36603100780472,-153.16414938246575
5566553.617544334,0.2015714366488942,5.114751097711177,20.85662911212382,20.40890007782466,-143.0288721571775
5566529.410433168,0.2015884712582579,5.116756071122584,20.81062747622794,20.453098581220548,-132.3476773204962
5568664.978304973,0.20163597346835688,5.117850278130608,20.7086039123096,20.495888463219217,-120.87635708434122
5570619.720099306,0.20175473293488144,5.118127634857896,20.618375926026893,20.538321196811054,-108.46739359658946
5573333.614782838,0.20190761527805273,5.118039702375488,20.557683992428,20.544966255058732,-94.85999446531254
5576360.959075082,0.20214002440468298,5.117609107807456,20.505000574281368,20.556409373872103,-79.81882428672938
5579470.112268321,0.2024225124037093,5.1172480187336715,20.48226721983332,20.561424026039187,-63.13555806571697
5582805.064433575,0.2027483989173431,5.11646182261456,20.488753006704677,20.56717609065236,-44.72515080174167
5585730.295748953,0.2030426298678816,5.1156478750780465,20.537576690616046,20.569302918479625,-24.768183349316782
5588344.651770167,0.20326849059953064,5.113866039734452,20.623399323954914,20.566839470827354,-3.8029868595021252
5589188.284851506,0.2033090245042379,5.109931984110045,20.703043567910846,20.54359419941292,17.36147012074131
5590494.503944838,0.2033335222077266,5.106535290961095,20.803822394337907,20.50038690078114,37.76772198271877
5592220.493468845,0.2033494265549107,5.1067512941791176,20.85350247250724,20.50658550969084,56.73894422456228
5593926.465802461,0.20334062781681664,5.106805878292467,20.89246677226629,20.51797205222421,73.97916539563153
5595617.253442481,0.20331435565374217,5.106477520770804,20.922512496148126,20.533707419946737,89.50020044974379
5597359.959586963,0.20327519675064243,5.105952291176318,20.955108684496384,20.54481853073438,103.48591012771594
5598887.037301116,0.20321799040132824,5.104963770787063,20.978962730920838,20.55752709975425,116.19009714899799
5600485.017086154,0.20314858331313826,5.109419432136913,21.052434515399746,20.519964276276337,127.85594399827767
5602085.039417762,0.20303383688409496,5.113759110399516,21.105888901201325,20.4966466438094,138.71506068333574
5603493.477984222,0.20289642763106197,5.119100344529859,21.139014208421447,20.480608073368046,148.9716914069764
5605130.808165684,0.20276791422622645,5.12419190323586,21.170052595409004,20.47567196059916,158.77441738503467
5606624.163827483,0.20263679041386545,5.129216646636473,-338.8154474104491,20.48031498102147,168.28915508934392
5608199.836827582,0.20248566590920258,5.134256332889908,-338.81595673783096,20.494520443402216,177.65026837052557
5609583.037749177,0.20234579962285704,5.139183179127018,21.16551855126882,20.518419969626674,-173.01120268905277
5611031.168440292,0.20219726983876532,5.143588885636198,21.13187372192394,20.55013093645844,-163.56970274610757
5612436.169485303,0.2020578575440634,5.14733875353538,21.084063446800755,20.588204734216077,-153.89368983724842
5613743.291338924,0.20193924958391432,5.1502736989897455,21.02592315028294,20.63022713282509,-143.84300229531453
5614882.411862509,0.20192258127889143,5.15221256691918,20.953230436512627,20.67141863309197,-133.25019860031716
5617059.088879647,0.20195878123303265,5.153419921595414,20.84895381953133,20.715876186216708,-121.9202321521186
5619445.272886772,0.20204481257267598,5.153731119881124,20.752468415648597,20.75408970095329,-109.67269987745536
5622252.220568452,0.20220284959363585,5.153778757701239,20.699491677721213,20.750403998628613,-96.27049226715133
5625140.4031712,0.20242695684279893,5.153288878383737,20.645569548421502,20.764249181981356,-81.4777757524682
5628378.095673686,0.20270772578599008,5.152865990493887,20.616284229098937,20.77044992538668,-65.07216124143982
5631733.620427629,0.20303140882469115,5.1525174062516275,20.62156488095186,20.77312506729969,-46.9575136452758
5634760.377162764,0.20333388421286497,5.151296247323726,20.66370442158086,20.776995388138094,-27.273049347561976
5637249.338243119,0.203559086998616,5.149127824107149,20.74607099925952,20.775151047857975,-6.5060074571777236
5639464.289628206,0.20369660506265086,5.145021648491133,20.821942286379045,20.753679818100263,14.57813743382498
5641377.107462691,0.20376769169366943,5.141291090871549,20.923736973305836,20.71070688155347,35.02164479891565
5643033.4225451,0.20378381834644504,5.141440010797984,20.97548947970516,20.7144220479963,54.11585264512106
5644516.787155081,0.20376288408558696,5.141587246446521,21.00779028903575,20.730923332930903,71.51673680571182
5646256.784447987,0.2037434560226805,5.141392533427741,21.043188760304293,20.742006552602675,87.19648636259105
5647965.347388608,0.20369671778718965,5.140761894765367,21.07266893090762,20.756563743345577,101.32173575770621
5649731.69035634,0.20364165233293455,5.139822801401213,21.102051729626307,20.76942050999591,114.13260400987481
5651513.800879704,0.20357258117597432,5.143851373811161,21.178574708266567,20.73330074332738,125.87726923129077
5653180.89480697,0.2034798494767233,5.148146072648608,21.238044142951484,20.708476930994376,136.78710993045246
5654840.8071514685,0.20336078085048,5.153472773994492,21.285284422723606,20.690598012069632,147.06025206731545
5656508.776047947,0.20323429649175753,5.158989262902865,21.32004420516348,20.68338267729059,156.8651807810833
5658142.610847319,0.2030949032929569,5.164511739839241,-338.6608901772476,20.68655216932072,166.3559859926916
5659515.074800033,0.20296671900925273,5.169536679684986,-338.65893018426533,20.698772304783468,175.67093481294577
5661035.19191204,0.2028149260599166,5.174398528571546,21.324849640765397,20.720150640325507,-175.06218995164278
5662439.917756371,0.2026710226118162,5.177920818388413,21.30163626064898,20.743503397252223,-165.72335146688548
5663982.13599419,0.20251761781006664,5.181833652630033,21.255769921871906,20.780228805161133,-156.1811482713531
5665538.526671635,0.20237510209436824,5.185008199175769,21.196200975372097,20.82197916636134,-146.30011382920222
5667141.518583609,0.20225241456899787,5.1873554403944,21.124471742913457,20.866866066843226,-135.92873657364342
5669393.116254687,0.2022759898296582,5.18882166777641,21.015962631554043,20.912772835338917,-124.86779315092171
5671854.028807217,0.20235346179013713,5.189357872299084,20.91243998515087,20.95437135835291,-112.95445305699171
5674439.86602027,0.2024790229867946,5.189240977194212,20.839370969960342,20.972180561508893,-99.96782214576508
5677411.505257286,0.2026813166461786,5.188925612291669,20.780648281554146,20.983136124721288,-85.66319476681812
5680605.870206937,0.20294670340628324,5.1883183862240845,20.740731618680922,20.99356838749088,-69.81840809206273
5683865.287636645,0.20325450515906443,5.187833459124066,20.735056639455927,20.99809081817756,-52.29296166691989
5687260.742149308,0.2035802340859445,5.187113679848152,20.763514545064805,21.001168561918185,-33.139386029867886
5690275.322605547,0.20385209933203172,5.1856407462631315,20.829570245442266,21.00155313329064,-12.734351113314892
5692664.562298438,0.20401803827726006,5.181370226997722,20.940221829179176,20.985357606138113,8.198002596911525
5694511.732659984,0.20409808355300715,5.17736676733402,21.035127445048662,20.948477981203002,28.806459587544886
5696202.768512813,0.20412857368526344,5.177321271044712,21.09166688370368,20.947573208366595,48.26170855884394
5697893.139480043,0.20413030002249602,5.177418511950699,21.137397506559687,20.953210027026106,66.10748474921006
5699628.648116289,0.20411784117672827,5.177259147583957,21.167107342672978,20.97045494052294,82.2328970395516
5701409.524133312,0.20409131678527387,5.176799947161979,21.198747649333367,20.98356164192224,96.75375728628697
5703202.930374442,0.20404657933600295,5.175763590416945,21.225400831836108,21.000035097850713,109.89195301208069
5705007.399599882,0.20398594913937704,5.179573309489284,21.305800473867745,20.96099105259067,121.893787103817
5706772.775820045,0.2039021762814331,5.184364193353022,21.37600608515925,20.92892923210435,132.99301564424246
5708403.408613855,0.2038057616578578,5.188952416717171,21.4273239166531,20.910097350779463,143.39711373051406
5709846.515902329,0.20369830968787778,5.194452956783838,21.46223981283394,20.899183815387794,153.28643104071546
5711314.886923021,0.20358145156235685,5.199996372260435,-338.51446345886455,20.898694457951354,162.808373102251
5712743.419165466,0.20345346029656144,5.205457393822403,-338.5068301455237,20.908181485102094,172.10518523262186
5714248.050163873,0.20330660109839166,5.210643402094072,21.484593713076347,20.92694943923132,-178.69494860136427
5715784.422708327,0.20315076495131668,5.2153989597234665,21.460646695450162,20.954040618477762,-169.46989969282214
5717097.439597014,0.20301944721355653,5.219582884778142,21.42109358166601,20.988231145442395,-160.0955558801651
5718460.767492807,0.20288747942364274,5.22307234335038,21.369716758539763,21.028027016321282,-150.44509440006578
5720068.914450025,0.20275507711039986,5.225768540538285,21.302324134746236,21.07166888435253,-140.37101370425867
5721990.665507201,0.20276080980840624,5.227604202336122,21.201914016840835,21.117158528927785,-129.6944107068681
5724397.316705674,0.20281332084156364,5.228381118555927,21.1017896187082,21.154164207532613,-118.25400110325425
5726924.823357558,0.20292221888540443,5.228461306958893,21.001155942258016,21.19680804084855,-105.85121267453202
5729788.3512225095,0.20309601157488333,5.228043950627273,20.926302243593394,21.218995861267825,-92.25054614942628
5732886.153176792,0.20333356283933182,5.227589793525007,20.87768044809137,21.229270251041875,-77.22002283105084
5736173.037462452,0.20362552855637114,5.226527524443554,20.848931005927742,21.24229643166136,-60.57090922610795
5739469.698436761,0.20394272396473695,5.225389515619256,20.85752815788297,21.249613029796965,-42.25288170330543
5742620.639775075,0.20423819558887107,5.224161218154101,20.90396028524375,21.252184733526807,-22.47412775948046
5745446.593529906,0.20446627850739701,5.2220411090275505,20.989324095382916,21.248340412848993,-1.7973722753742245
5747761.214453235,0.2045989641856954,5.217810413566876,21.071158883816594,21.22160000707941,18.985816720738583
5749300.654921763,0.20463545365972674,5.214331348367424,21.174481057775267,21.175453782855666,38.96774689799556
5751061.217100954,0.20465394064274137,5.214633862651611,21.219372662635706,21.184509510213203,57.52778850056056
5752791.71278833,0.2046491950609943,5.2146822185836275,21.254371957018645,21.198214869580166,74.40145914916582
5754556.0123563055,0.20463016067651504,5.2143504036635075,21.284987497128558,21.21305444833213,89.6089366427492
5755879.367911903,0.20459537573127398,5.213676267816512,21.304247300641485,21.22687647455305,103.34026417110275
5757617.965033989,0.20453884735236472,5.213321541838533,21.340567987966207,21.23127241074063,115.81331664170426
5759177.363256358,0.20447961556421518,5.217046218768903,21.406272929617188,21.200377143253665,127.28016091375427
5760678.469664983,0.20440646675850024,5.221156597086308,21.460054619761078,21.17843731588085,137.95410131716795
5762300.225664642,0.20429496194473873,5.226560209156363,21.505510290974513,21.161994627429518,148.02346676087723
5763833.878615607,0.20417564883923597,5.232133221547892,21.535284202954134,21.1559860775549,157.65404124883182
5765491.806206234,0.2040353762109765,5.236816237010759,-338.44568668290685,21.15946402814358,166.98532965356824
5766921.695637247,0.20390265044218187,5.241921671769309,-338.44398841363545,21.17249923959581,176.15343103182093
5768513.678907048,0.20374456210285885,5.246962051481252,21.541435498786807,21.1950594848875,-174.7210800902683
5769877.5837015305,0.2036050305414286,5.2512735732152365,21.513606636837878,21.223799864773987,-165.5186857426754
5771465.074588949,0.2034528092525384,5.2546822271315605,21.469997504363306,21.255740672957774,-156.11154956768146
5772883.376316458,0.2033252156515032,5.257872810848684,21.411905440615055,21.297436334393133,-146.37640024232851
5774552.303452745,0.20326678644687796,5.260239667224066,21.32653498147445,21.342187645446536,-136.14818712530538
5776561.797083426,0.20328905535755987,5.261729659224608,21.225378467298096,21.38793546494773,-125.27012169000179
5778796.27985557,0.2033715224161068,5.262294105441192,21.127516191627564,21.429612091820626,-113.56447213604092
5781339.082128663,0.2034971706613642,5.262279249798389,21.070516094604013,21.432614928742417,-100.81570549416483
5783965.062709942,0.20367504279119744,5.261696163895936,21.007524621486528,21.453446141782404,-86.79561404715102
5787014.08966019,0.20393102636522129,5.261370402470409,20.97373828167934,21.459207080621052,-71.27766368090882
5789904.766302181,0.20421865053060978,5.2607405257457875,20.969809839058883,21.46532048514837,-54.12040141901308
5793163.821967499,0.20453456679346593,5.259572066595147,20.99343938445291,21.470831335678184,-35.34212389570033
5796205.896792194,0.2048120166744573,5.257532929379896,21.05493112007042,21.47231615835508,-15.274656572788263
5798671.228330854,0.2049903735226916,5.253306944397792,21.15484600934862,21.458688111730535,5.418213159979597
5800740.503113814,0.20509001590226533,5.250027281372459,21.239901751730624,21.431528117541568,25.904694373741876
5802592.022654144,0.20513520591115222,5.250084019284873,21.295524441243632,21.432415603555278,45.3515319734763
5804453.021443207,0.20515372940502938,5.250061422952842,21.34828225706539,21.43166565575824,63.263161597095
5806169.252677886,0.20514571153045455,5.250020812185012,21.38749206062258,21.438543151666508,79.48655651377807
5808011.5603710115,0.2051244353874725,5.249796924325982,21.42610357398964,21.44563465250246,94.10335492064372
5809432.526399769,0.20508910488519244,5.249412973147852,21.45378130434373,21.45214165254378,107.32998847334191
5811242.433003511,0.20502858133751625,5.252103409231582,21.524583779969806,21.42264815724825,119.38644417711551
5812761.60585062,0.20496675288156185,5.256716452759769,21.591060348441392,21.38940511277671,130.5175353923807
5814540.287424261,0.20487231308509374,5.261902960303614,21.65106552574227,21.365842311492482,140.91649699662347
5816277.965922516,0.2047591875061698,5.267390251963663,21.696494432056017,21.352644474215577,150.76830831234312
5817943.292319573,0.20462384331873915,5.272993402840742,-338.27701854105277,21.349697619357535,160.2316221588958
5819459.577358874,0.20448767839779908,5.27853724767136,-338.2679989612367,21.356646877132093,169.4417173049838
5821076.465628928,0.20433442197710552,5.283256490206376,-338.26862202471733,21.37106570869637,178.51766283959765
5822665.466146762,0.20417566742879628,5.287642440912502,21.71555499622868,21.393019645687552,-172.41691274861248
5824116.7126883045,0.2040280003660608,5.291031931317511,21.689646658475883,21.417665017862756,-163.2451791918439
5825452.530509939,0.2038988646866835,5.294793835213228,21.641834290932564,21.455785777044778,-153.84455432785595
5826784.24720181,0.20377684575494534,5.297265252244535,21.591676083394848,21.490774385699662,-144.08661831873678
5828272.801196031,0.2037855544037995,5.2994329834672875,21.50116753281888,21.53588151860035,-133.799536593172
5830633.670813622,0.20381447796419197,5.300720779203747,21.3927181768413,21.58150090767555,-122.82736704764477
5833170.019053889,0.2038913332668335,5.301077312276112,21.293512788771956,21.619927966787923,-110.99497553253904
5835975.786370326,0.20403538032236435,5.300856833658277,21.215828130739787,21.640949711379648,-98.0842706489302
5838956.180422088,0.2042292461286792,5.300167176436936,21.149447442030368,21.66150540824065,-83.86642643929447
5842214.0805059,0.20449321896618955,5.299693747060824,21.11409816700404,21.668844297210043,-68.13033074428186
5845440.09809036,0.2047971157782981,5.298679878435348,21.107825904995753,21.677518640911654,-50.75747214598537
5848508.235683631,0.20509425168421305,5.297672636783058,21.138430720457826,21.681412411866877,-31.817709750148552
5851541.542950161,0.20535711158603198,5.294870466008107,21.201579575360352,21.68155311232537,-11.691348759821814
5853988.889227534,0.2055208229027005,5.290659973960986,21.309419077901385,21.66481465351137,8.90564366037789
5855756.41648582,0.2055947715297164,5.286947021291534,21.398985460020697,21.630234474909102,29.157866379652166
5857546.2925361805,0.20563376583633783,5.2870164608723655,21.451114024174338,21.631511840785645,48.275348058515036
5859306.470025541,0.20564417079760305,5.2872386720520534,21.488336845863007,21.643918181202743,65.82621487017522
5860902.5658009555,0.20563503074210207,5.2871855746999445,21.525237404868623,21.64901748842441,81.7077345382363
5862766.390763156,0.20561717079730746,5.2867393440897805,21.557466590503868,21.661678470880577,96.02029528231584
5864645.719055628,0.2055800182554348,5.2859982757597,21.589705023826003,21.67338690112483,108.97904202434478
5866460.376338664,0.20552674588097697,5.289754798146226,21.669179640888267,21.634849306869224,120.82141388137835
5868163.716014763,0.20545235667529246,5.294521457032319,21.73795232845959,21.60263889491015,131.77198515612068
5869966.199690416,0.20535333893798305,5.29894027299426,21.79277124523777,21.58398623995154,142.02450179490532
5871202.187163714,0.20526665470577501,5.30400036832208,21.82490509917379,21.57308186603004,151.76482389917572
5872720.517812125,0.20514520412077525,5.30905044857488,-338.1515223179189,21.57146502438153,161.12645470994482
5874148.5710798185,0.20502241145204145,5.314588440813563,-338.1408441902649,21.57939341756282,170.24593983488248
5875658.12033882,0.20487906352203875,5.318122852392231,-338.13999019910244,21.590762350491048,179.24752670340013
5877070.675739355,0.20473775681175402,5.322328103595597,21.84428521525138,21.61247116323476,-171.75338187855778
5878214.084010605,0.2046196694729674,5.326706532720237,21.812189431731337,21.645015783908022,-162.64256742829252
5879735.879836503,0.2044709874288566,5.330429160897626,21.763497173157216,21.683412299889174,-153.29508883753707
5881137.231857797,0.20435371690556295,5.33339211217293,21.701984564253713,21.726066987983526,-143.5833031604701
5882578.987657359,0.20436444102416704,5.335427906579656,21.615199812695053,21.769222078796197,-133.3457281178417
5884446.7740182355,0.20442014750490536,5.336424845854828,21.527029048225177,21.805524570716816,-122.43214611585209
5886996.054719886,0.20449930995946006,5.3367705001701715,21.426055542705324,21.846142678508354,-110.64977652467196
5889792.7370672,0.20464446836714034,5.336651130964295,21.35967377689512,21.856825272159764,-97.79420386609249
5892846.451235332,0.2048521072360878,5.336374614376245,21.30637800558485,21.8648752480837,-83.63879826129005
5895929.3330353815,0.20511407600023518,5.335758534195365,21.27364435678481,21.874237151566494,-67.98027265536093
5899353.240719771,0.20542369662080454,5.3350769635437185,21.267086499431144,21.879945631147702,-50.69089891238097
5902471.2366025355,0.20572546178434895,5.332981538562395,21.294576264441034,21.88806716887385,-31.852591469684786
5905509.653171938,0.20598864336017592,5.330954282306544,21.35848862197847,21.88807203769123,-11.835596131220088
5907415.694497092,0.206117355535194,5.326699352020537,21.464787384750867,21.871322425313025,8.656184586721462
5909539.257821318,0.20621253466875897,5.323207932765397,21.55475209050849,21.83919927459703,28.81208904741937
5911403.303753294,0.20625562408852152,5.3234363231459465,21.604592629137652,21.843446197196194,47.8549711087192
5913241.200532524,0.20627136481604816,5.323428418300524,21.65471192086521,21.843321840624704,65.3500796938455
5915016.90423231,0.20625765638323473,5.3233514586662976,21.693801934915744,21.851601934736312,81.18462268267986
5916852.360336771,0.20623606341605613,5.32306842604565,21.730282115946846,21.859660424294184,95.46405494893081
5918712.999911182,0.20620025373209827,5.322494066376824,21.764405060479717,21.86878734548488,108.39356834118949
5920531.541410906,0.20613861469323433,5.325221128807765,21.833415372466472,21.840562196069836,120.20651536517492
5922027.951942828,0.20608191245275698,5.329672901774707,21.896362784824365,21.810131405685073,131.12952349389587
5923603.446506247,0.20598058827717888,5.334914457990994,21.948095436085836,21.787590629335266,141.35369677260954
5925142.601367874,0.20587080563268906,5.338691961524644,21.982306459364423,21.779103080999807,151.04942508231883
5926440.4459718205,0.20576461350596523,5.344332549889078,-337.9977736359569,21.776696902597703,160.3693184315879
5927610.04998401,0.20566245061407706,5.348522607478966,-337.98970892664954,21.782152519842096,169.44016427731236
5928591.300733801,0.20556654402739427,5.352163737571885,-337.9988470075848,21.793284514436156,178.3891345860803
5929710.233688565,0.20545599228736405,5.357007918708553,21.980445157204066,21.81729945077108,-172.68287603408902
5930995.787042156,0.20532433931937105,5.36112725881737,21.951715249813255,21.846782861548874,-163.65923563945339
5932317.518684784,0.2051934498970367,5.364937917581401,21.90649418619152,21.88459141426112,-154.41750458898645
5933809.731390435,0.20507497332952365,5.367835328521809,21.845171932495433,21.92450764205301,-144.8258166940989
5935059.821868572,0.20511293477219625,5.369889774173536,21.760562950107104,21.965676385561533,-134.73549409349505
5937286.895029845,0.20514340621639163,5.3710305256701885,21.663080079881837,22.003687079497542,-123.99128907956924
5939675.906603489,0.20522378861745574,5.3713688957479,21.575113712768545,22.034185299849863,-112.4251591624402
5942340.793759877,0.20536166430229483,5.371165926000605,21.497261685892568,22.05804793082963,-99.82728642663086
5945334.7534781415,0.2055599071997718,5.370562506991084,21.43157452897341,22.07751959900918,-85.97334938156665
5948564.951926734,0.20581074960617363,5.369682406845586,21.38600909061372,22.092066441676465,-70.65220717691727
5951986.466865288,0.20611496776677146,5.369121244120314,21.375221820697675,22.097224711644362,-53.72638414331188
5955387.002394056,0.2064313687415902,5.367349991845453,21.393741670140365,22.10523128171055,-35.22795622369387
5957864.982344352,0.20666783358527013,5.365308121806964,21.455379052151073,22.10655839196379,-15.476631440831994
5960307.287792981,0.206842479458973,5.3610425405768405,21.549843139364455,22.093063825028064,4.89841412307838
5961492.529776137,0.20688667184644463,5.357376700834449,21.632097208281255,22.063642606426495,25.093841634791833
5963406.010408217,0.20693432288738223,5.356831214608024,21.698348891970046,22.054733911170658,44.294520653966785
5965224.1283728,0.20694820366495761,5.356783127071893,21.75211639580394,22.05300852274856,62.01586278493505
5966865.213115426,0.20694515399439628,5.356764476249077,21.79162555875254,22.056158721588638,78.09669469290931
5968749.6415808,0.2069286680103803,5.356200715586779,21.818117353918986,22.07522456420842,92.59656684039459
5970435.5309347175,0.20690069723394322,5.355460183174633,21.8442277775666,22.088225382430586,105.71631369398322
5972334.747805787,0.20685082040431413,5.356925149716428,21.90339316682693,22.071732162749626,117.67418363298148
5973818.137528149,0.20679078847721596,5.359411644516718,21.95382095264844,22.053198312083627,128.70660873551293
5975090.506736379,0.20672586603045143,5.363711225673159,22.000173861590945,22.0326009160269,139.00786262561257
5976362.924883559,0.20664041202112907,5.368918369468934,22.03637238986935,22.01865406599121,148.74850235558972
5977571.370415457,0.20655034803867425,5.373611406490672,-337.94058796775386,22.014696439772607,158.0785039086472
5978133.400893541,0.20650324932477637,5.378093418094896,-337.9371814776242,22.018613769984565,167.13866718267164
5978828.182745507,0.20643748503386908,5.382364756507348,-337.94400420203993,22.029674026462196,176.0401416768895
5979775.020588985,0.2063449900650771,5.385041064375909,22.04850871277821,22.041486907048146,-175.10744008888753
5980544.238969894,0.20626962497130374,5.389674738549282,22.01687836463759,22.071562933228105,-166.18753837194257
5981410.4626029,0.20618873682173164,5.392572459857151,21.984206351105957,22.09773217405064,-157.08803489194727
5982500.278873574,0.20608219081611875,5.395084506693023,21.944074299657064,22.12903049536162,-147.69054697510035
5983277.7723898515,0.2060878951712136,5.3970890758618,21.883413088978433,22.164585409733828,-137.84745644498744
5984799.23229509,0.20613311719877145,5.398283667887031,21.805100510276954,22.19784043210205,-127.40285820954284
5986978.586205924,0.20619960028443995,5.3989145542052235,21.713532855337533,22.23516069874356,-116.1915470823419
5989629.8812362235,0.20629924336331854,5.3988779898294394,21.63972143629581,22.25189450516353,-104.01842087854321
5992453.072945826,0.2064573914902634,5.398475496575332,21.573489487644792,22.269055203002235,-90.67145601957995
5995380.925475353,0.20668867796657125,5.397740611984805,21.527415675053717,22.28375056875026,-75.93560419288787
5998715.138966592,0.20697713259544542,5.396472571403072,21.499486072507462,22.297914400838543,-59.63107471893056
6002016.767530477,0.20727980161691983,5.395124561380877,21.50560684383955,22.305869861316086,-41.721123596613886
6005310.871503301,0.2075787568486823,5.393421321146165,21.55126879701238,22.30909534494959,-22.415856792239538
6008106.220203657,0.20779943311079854,5.390620963915393,21.63407868709005,22.304029544432698,-2.24290729803344
6009091.7026311755,0.20784452346882556,5.386376315903588,21.715041667943957,22.278111712976795,18.04865319212575
6010793.761742042,0.20789973033082734,5.385978082271752,21.770534060737997,22.272981450665558,37.60808952500019
6012667.598229477,0.20793388757107684,5.386136821980774,21.81625718707627,22.27738571365802,55.82438710741904
6014544.4066533875,0.20794610727859705,5.3861486820130615,21.860413389028892,22.280413872252183,72.42610557161893
6016458.188651528,0.20794220754949705,5.385960306760279,21.896856856064407,22.28946280225551,87.4132747205111
6018359.944903528,0.2079159314308798,5.385699918834398,21.93571861833026,22.29492563434554,100.94449443758221
6020256.505456332,0.2078779232305162,5.3851742802347635,21.971604584765576,22.301709824685027,113.24045017313334
6021881.3302787375,0.20781390032555264,5.385142056366585,22.00660870770283,22.301935983697103,124.53230563329461
6023219.221266834,0.20776076296891563,5.388956615536121,22.056775458961138,22.280206819513456,135.02575199672398
6023724.475529181,0.20774020591379236,5.392151154080836,22.078908667637798,22.26920302224445,144.91203623806123
6024361.297676338,0.20769569680116703,5.395208180655719,22.094309019812275,22.264474283268164,154.3308301667244
6024825.812709643,0.20765198368002408,5.398993909328742,-337.90277870627926,22.26516776906735,163.42574892266177
6025081.148293367,0.20762113218861875,5.401877020832598,-337.91220193450204,22.270547843780694,172.31985653371257
6025228.13267855,0.207605917856229,5.405896971075545,22.070590163649733,22.285069193783787,-178.88254629977698
6025820.946060389,0.20755111996485265,5.409234396948404,22.04595502735044,22.30355004649207,-170.06745271318286
6026351.537378617,0.20749973208559538,5.4113827538607735,22.026868348435706,22.320341556559736,-161.1323941066037
6026645.785367778,0.20747081758337574,5.414433195897709,21.99230006290055,22.35314328972171,-151.95891808371238
6026736.39843286,0.20747341341993483,5.416317695220476,21.96053752478836,22.381350949988782,-142.4193259767754
6027249.776362257,0.20754539677566075,5.417014078531716,21.92008668735179,22.39675778018731,-132.35253511826645
6028879.831580825,0.20760742035058702,5.417444905082618,21.85899984976261,22.413484865297914,-121.59763820053155
6031359.837689847,0.2076923248857404,5.41758424255437,21.782141888808205,22.433758815139957,-109.97340370435674
6033918.279539559,0.20782298902437274,5.41724597725289,21.707491132459797,22.459569913608465,-97.28689729023198
6037017.63198214,0.20802834357462452,5.416659874470756,21.64718476546385,22.4756352497035,-83.30785114843174
6040128.754294081,0.20828410827357072,5.415477670117503,21.606586015109045,22.492965484796514,-67.84235628841935
6043593.722326346,0.20858478448626305,5.4142432513884735,21.5935392469796,22.50308414217612,-50.76320021621139
6046922.136825601,0.20888910673201222,5.412510206366119,21.61725337154572,22.509638262159,-32.14685269587774
6050131.020973571,0.20916006501491333,5.410425041267405,21.678806392594687,22.509700745085023,-12.356742241643097
6052742.876178654,0.20933375517085204,5.408186241683362,21.774490514875403,22.501048938651422,7.9258174469935385
6053085.241792778,0.2093192323341923,5.406399345169277,21.839046435618712,22.485050819502863,27.9120498992713
6054824.4420823995,0.20935349572010328,5.40641317362342,21.89223049288968,22.485255164062913,46.813468899642245
6056587.794771979,0.20936248393371054,5.406542587927534,21.935237643054972,22.4917894792496,64.19746392300462
6058260.080920907,0.20935259320220842,5.406416292397482,21.96166658203902,22.508810677258168,79.94331211287529
6060138.319960654,0.20933455550476374,5.405939720444934,21.991699177524524,22.52310103197854,94.13848245331143
6062053.50184988,0.20930315735482907,5.4055692639964565,22.029000969690443,22.529106381223578,106.98368391930178
6063974.076121455,0.20925683379905635,5.40542671618186,22.069860265864506,22.53055347333738,118.70592389914518
6064824.283429462,0.20922547819496023,5.40551813486478,22.088695031980382,22.529865833840468,129.54520895351206
6065344.992352752,0.20919127689912126,5.407697762994015,22.10801501668683,22.51991860737645,139.67912990976683
6065676.182258174,0.20916417319315442,5.409008565874618,22.11598500857208,22.516597659741674,149.27139082004123
6065319.822533121,0.20919153160756873,5.410097291520841,-337.88838622160023,22.515780451186618,158.47238990084537
6065232.371060735,0.20919491932499581,5.411988829402649,-337.89344675688943,22.517547576316325,167.3985722921494
6065459.752936104,0.20916960484588257,5.413507436728881,-337.90083840222553,22.52151935873478,176.1684292994482
6065426.664110066,0.20917287476294344,5.414960835596677,22.09162098389863,22.52792625955553,-175.11105224506787
6065499.41652526,0.20916944218775266,5.415976335934635,22.08098557811398,22.534468230328752,-166.32740830157294
6065654.107428674,0.2091650741723441,5.417353301578507,22.06230795637594,22.546775304910554,-157.3712922850648
6065914.840966377,0.20915820641861527,5.418716497715565,22.03766651318228,22.563511953579404,-148.12590005231183
6066095.715362303,0.20921662925648582,5.419356077202176,22.009369397301892,22.574603844310833,-138.45337550711733
6067370.444022985,0.20926809890152584,5.42003116304046,21.952277543753066,22.592760084363842,-128.19275685599948
6069743.660540363,0.20932628877367312,5.4206419828872,21.861127307127443,22.626257905392595,-117.17512170896205
6072400.506678464,0.2094185226329061,5.42062200110272,21.776322418421106,22.65456363353047,-105.22278066867719
6074976.085239621,0.20958385178647776,5.420288292222147,21.718047277821512,22.670106037268443,-92.12820794523724
6077945.430763382,0.20979568215718714,5.4195112946849875,21.6663338154606,22.686565319524743,-77.65853594575151
6081351.9858304635,0.21007360782042103,5.418553414702656,21.63614726112925,22.69788520853803,-61.632594202698186
6084588.567974117,0.21036973966756034,5.417800413147536,21.643016801758165,22.70265031048261,-43.993490105273885
6087864.834451966,0.21065919274889308,5.415959694473315,21.67764993489812,22.706955187979517,-24.90243298997596
6090545.440848451,0.21087624144446476,5.413313442933402,21.752143458062424,22.70339826755116,-4.8560792767173355
6090323.389694534,0.2108507479459831,5.410861049218605,21.81766513411848,22.689871133675467,15.416749547789534
6090872.483627904,0.21083813844596663,5.41059478888238,21.86580350698118,22.68668581349936,35.056118907014685
6092875.496958736,0.21088238993213224,5.410734166492456,21.913264835854736,22.690090476433554,53.40210989906832
6094736.772901459,0.21088498005310155,5.410693351569291,21.966465462648355,22.686687039419475,70.14538928315548
6096147.081928834,0.2108702285407764,5.4106066142379206,21.99731766040514,22.69149287568992,85.27153237315974
6097982.495189371,0.210836856766043,5.410289129067291,22.03337301347752,22.698786718525746,98.90418065504184
6099477.644663358,0.21079576738507982,5.409118422118809,22.05090622483542,22.715010190837305,111.27706625123433
6100799.194226595,0.21074639455665156,5.407793606683149,22.0672369474742,22.72712293703654,122.61212297679494
6101282.175664181,0.21071777541334014,5.406751005760718,22.07028163521213,22.73346768511708,133.1318562391102
6101177.956378002,0.21071964441542707,5.407199331084339,22.069467628321433,22.73173231431452,143.01220899692018
6100720.591294507,0.2107522476127834,5.406654024652635,22.061190277212056,22.73275337895701,152.40432775335395
6100670.733367715,0.2107462868210342,5.407565463318129,-337.94317304484855,22.732573481556233,161.43873970433904
6100537.755451698,0.21075219924801708,5.4072146848240505,-337.947969092576,22.73204375077119,170.2415518853627
6100406.237484539,0.21076191369425337,5.406077081488607,-337.9501912362433,22.728423200842663,178.9247170567644
6100172.508963903,0.2107852993657115,5.4063375606258015,22.046448465787172,22.729717930238134,-172.4091195344592
6100059.869711675,0.2107972388994448,5.4082445326159165,22.032447308982984,22.743348663994816,-163.65150788625837
6099995.224770546,0.21080934823723135,5.40866967070204,22.026125418355583,22.747511459313017,-154.6885594677955
6100118.843571626,0.21082409062457844,5.409296507815049,22.00925392770895,22.755975623308487,-145.39620220414787
6100346.411159987,0.2109015871375292,5.409590979701482,21.983730268106687,22.761669815027282,-135.63551391768033
6101849.121410452,0.21092451323860353,5.410299784593344,21.92229340398167,22.78397290084212,-125.2447641911847
6104166.684672685,0.21098401424296198,5.410599705595781,21.845851191330194,22.806779172653634,-114.05060486622313
6106972.199648809,0.21110146837613777,5.410435283356942,21.762281950387976,22.8341194146066,-101.86071224937152
6109938.2266511265,0.21127376929426653,5.409849517153214,21.693956250254356,22.85532469132998,-88.46198829458473
6113263.028500838,0.21151769382269836,5.409248990916299,21.648870775699724,22.86619450335767,-73.63459239372705
6116622.103474021,0.21180188088897717,5.407513622515277,21.620332879943728,22.883939258379264,-57.21856118289032
6120145.229052447,0.21211753403784187,5.4052294874609785,21.626213393251557,22.89606529898692,-39.195904388110286
6123318.653462775,0.21239765323969553,5.402852062299778,21.67306555222132,22.89942233591242,-19.813078273502434
6126117.924205294,0.2126069137109159,5.399935177918191,21.75799220164914,22.89263583179605,0.35487444597733414
6125562.019808093,0.21254708353072144,5.398919551696696,21.82102823972766,22.88560318363279,20.530023084749622
6127570.910013085,0.21261611893872942,5.39881275893713,21.872939962388525,22.884032662807936,39.87247035627908
6129465.178124927,0.21264776881672703,5.399108381774938,21.91236877987395,22.89321954857728,57.80901696952124
6131107.492048219,0.2126443134963575,5.399146504753517,21.94096124347677,22.9076878523628,74.10974610346511
6132729.8858301155,0.2126224522237985,5.398927417897322,21.97178088124946,22.916969031228508,88.8016425899231
6134564.4795236755,0.21260452032660937,5.398423075317385,22.00224325764809,22.927087168524082,102.05458303759511
6136507.394526921,0.21255734088916808,5.397742670955963,22.036305330593162,22.935558926427674,114.09133814813065
6136681.852135293,0.21252036260995658,5.3950788265133856,22.016932991250105,22.957824422570503,125.17736617605624
6136511.992979843,0.21251785854081454,5.394412292667275,22.008948958411903,22.96149571346088,135.4826451055273
6136029.110388907,0.2125415510644283,5.393217842876731,21.995357913933347,22.96550524031434,145.18190839492604
6135221.888817059,0.21258498067616402,5.39199081173187,21.97701161753242,22.96736145068265,154.42917719190305
6134757.623145582,0.21261832719432056,5.391921981732066,-338.0307946929981,22.967337158944787,163.34191942662008
6134482.038731927,0.21264472645156815,5.390462422489448,-338.02931400884785,22.964675805503454,172.04096340353462
6133698.8650958,0.21271795117879522,5.389769612177053,21.965293791044225,22.962222775607287,-179.3509458261885
6133438.272308119,0.2127449981053262,5.388794182221955,21.967266951307657,22.9569387622898,-170.739774430967
6132950.88198618,0.21279426572045554,5.387873711524859,21.974723958177165,22.94991447668511,-162.0190483014571
6132850.27582022,0.21281038577424002,5.388344760366966,21.96798606024755,22.954806855934272,-153.07198800726886
6132687.744973114,0.21283986820993628,5.38841618968809,21.96508438718733,22.95580828790709,-143.78017296676379
6132979.812797982,0.21291959014409426,5.388394744191077,21.945176427720387,22.955318745224886,-133.98925364222322
6134592.254241159,0.21297658559298863,5.388745504575323,21.889833595903102,22.967506157950368,-123.53792272273658
6136647.863197001,0.21305079138961047,5.389115228613423,21.80737083853552,23.00368964072906,-112.26348180305393
6139467.469850978,0.21317539006394004,5.3889558603311984,21.73535085109635,23.021550686098408,-99.95271209354003
6142500.337991668,0.21335085437356271,5.388255928848307,21.666861696014248,23.044094654304928,-86.39343062154911
6145796.9876533635,0.2135886209931728,5.386962760062131,21.61341693932349,23.06567658312569,-71.36917927299757
6149358.290211093,0.21388821878370975,5.385333074155052,21.589664030527306,23.081070962715458,-54.73070506718746
6152926.015629802,0.21420423321060517,5.383313063281722,21.60177725053635,23.090618616337828,-36.49004977729105
6156206.510357464,0.21448442656589864,5.380753033799344,21.652680892677772,23.092910643919954,-16.939273413668115
6158636.721929604,0.21465917584217598,5.377460222887011,21.739691380153996,23.08337808940767,3.298311294498512
6157526.834362954,0.21456031987682322,5.377768389993928,21.787762383550632,23.085508945191094,23.420172100066043
6159484.516661534,0.2146173987780857,5.377727524145173,21.840373507269625,23.08480765246653,42.59027311014363
6161243.751879534,0.21463980975452898,5.377924297108007,21.87880910195479,23.092043145471084,60.29228351717842
6162978.5176329315,0.21463566945013082,5.377907184495629,21.908126188651796,23.10669718519819,76.33360125597788
6164639.889109487,0.21461954522674656,5.377611729710927,21.936142491346562,23.117654817222654,90.77770061841856
6166357.752390083,0.21459859784335195,5.376808682675671,21.95873308955906,23.132733821912126,103.80885438080044
6168218.110546505,0.2145596249261606,5.375667737647018,21.98513989462349,23.1462653095583,115.65195801216548
6168302.539685937,0.2145561902907978,5.373066901511704,21.96628594691016,23.166999584963243,126.57007678189318
6168153.886443935,0.21455484582899087,5.371518589539024,21.95445247538525,23.17514608288072,136.73005293575685
6167801.385013152,0.2145647718143702,5.369786344912059,21.94077466260075,23.180597873787157,146.30403845081875
6167375.361449948,0.21459486031914873,5.368157582919185,21.93191466872846,23.18276527680135,155.43514360348692
6166748.376817847,0.21464112972950683,5.3670662907663,-338.07779138981533,23.18238492570895,164.25840379241626
6165965.511078248,0.21470969274956875,5.365604517072452,-338.08345376544554,23.179474216536576,172.8852743173956
6165100.336955205,0.21479069338317686,5.364016550291805,21.912461128037858,23.17359007223894,-178.57358483501832
6164926.072245741,0.2148100881666944,5.362392537482695,21.917449713725528,23.16449109171017,-170.02127029049885
6164462.793445455,0.21485377285626367,5.361412029407328,21.92778747865433,23.15679342453699,-161.3537846270127
6164043.673668994,0.2148867020547368,5.360854665586264,21.93947132767306,23.15081101835759,-152.45731030514358
6163670.284267997,0.21493213707831102,5.3607690803909085,21.942079779456563,23.149520891387986,-143.20382992070785
6164398.254569564,0.2149865104769608,5.360665879265061,21.916785935022425,23.147259177420132,-133.43240489503475
6166425.871698998,0.21502319210965368,5.361478109003823,21.8372047989973,23.176665574019353,-122.99110636508428
6168845.372228079,0.21510429756590094,5.3616951312487835,21.76084138778039,23.199783147878918,-111.71600918691202
6171534.947893389,0.21524177855667811,5.361504320886229,21.69151951885732,23.21941915101881,-99.40335228639327
6174627.482760029,0.21542602543855646,5.360947130418617,21.62892807303345,23.23694419037854,-85.82405816896417
6177721.831695832,0.21567404339839022,5.359823498497786,21.58629838845041,23.25540180044441,-70.77075056417196
6181283.007451681,0.2159745155764771,5.358548939857693,21.567811909430787,23.267238578986035,-54.08261735376118
6184823.525922375,0.21628643671325867,5.3567630261353205,21.582130420689182,23.275442783188982,-35.78331224103182
6188048.362429863,0.2165622037950596,5.354219851300905,21.635730804730194,23.277381767920645,-16.18089521437229
6190670.418955658,0.2167444645326677,5.351124596600794,21.718604269135717,23.26787871103621,4.091692409249556
6189718.055564776,0.2166550508812441,5.350966165730691,21.76839135186696,23.2664462357923,24.21033350546709
6191657.88396238,0.21670933792014474,5.350692116286391,21.82399527245763,23.262067325025562,43.33933005218087
6193313.790720925,0.21672735047436897,5.351059681547458,21.85309482863987,23.276198184232452,60.97505005719433
6194767.87337645,0.21672347093210476,5.351044560196516,21.885026143688606,23.280551285345346,76.94086462860015
6196730.911952505,0.21671425329541955,5.350699532039723,21.91641453854997,23.29300145560029,91.29260260844144
6198127.2840432525,0.2166902516770882,5.350258470257634,21.939064773003153,23.301117197305683,104.24458682151096
6199843.5500061065,0.2166315367376649,5.349811434944505,21.970679261900123,23.306333947267145,116.00873210750892
6199844.156329427,0.21662664424654388,5.346809843541204,21.946874765541793,23.330124857268324,126.85153224773617
6199694.224015053,0.21662959712307814,5.34463121078973,21.932219124171787,23.341544650667107,136.93831528941726
6199421.012404343,0.21663719064858486,5.342323174933307,21.91868038416712,23.34878285743657,146.4413028956821
6198871.753245136,0.2166695798747903,5.340117577003664,21.9054601903907,23.351705412215374,155.50960297424274
6198105.386050938,0.2167256122953005,5.338491214855365,-338.10637182324075,23.351137946668185,164.27037400505293
6197394.972618483,0.2167874481636353,5.335827652778782,-338.10903063355784,23.345840094436955,172.8324535596566
6196816.371862648,0.21684009632924942,5.33528401572502,21.881688815996796,23.343820860427726,-178.68951690536872
6196188.806606056,0.21690215105537158,5.334604066773156,21.884022107363833,23.340014401687988,-170.20578006231264
6195437.503159801,0.21697503740234814,5.333679766584301,21.894075903762594,23.332787460564713,-161.60725072549758
6194885.166028209,0.2170288563365054,5.332963923687549,21.90515567131834,23.32515666069283,-152.7812439751198
6194164.271900622,0.2170969742644106,5.332398776009505,21.920495197346913,23.316863818192605,-143.611481224507
6194140.569923757,0.2171809495668947,5.332777020738988,21.900709579062372,23.324833425757827,-133.9405418036787
6195592.252227133,0.21721506663646303,5.3332659288989985,21.84725841988804,23.341971858098436,-123.60635437471133
6197908.026503747,0.21729819419257254,5.333551299780931,21.769111642692284,23.36940476246664,-112.43658127330973
6200781.857170884,0.21741660179483843,5.333340491445838,21.690170791349825,23.394418077337995,-100.23246927247764
6203886.096219225,0.21759065098819197,5.332742757988817,21.624120151216516,23.414327218254655,-86.77370073207248
6207072.093135286,0.21782055883015028,5.3314345286194404,21.572084950235695,23.436798276657534,-71.84076873964956
6210663.770337852,0.21811455168490396,5.329700680842017,21.545408385926436,23.4536782590206,-55.268993419957944
6213931.014943857,0.21841221384030782,5.3280377086432935,21.56109534897396,23.461827626324435,-37.06675258651183
6217241.860089382,0.2186931600407743,5.324690607552234,21.609514172155013,23.465315469915797,-17.511103609772835
6220001.913828267,0.2188893843587382,5.321884674301053,21.696039710371817,23.457403410314413,2.7660918106073313
6218910.805396212,0.2187936407782025,5.321888900542131,21.745912194095816,23.45723040366858,22.9497906138449
6220540.6681197435,0.21883626848500404,5.322336464947384,21.78502681019078,23.463911500034087,42.18494099502955
6222125.640835136,0.21884265233491856,5.322542502363437,21.82330430840297,23.471361831456015,59.926029025933246
6223697.472180976,0.21883523321845305,5.322535036817302,21.85674126080377,23.477915695087724,75.9840771541105
6225499.939473767,0.21882615570369038,5.322261680472696,21.886380612123332,23.48841571542246,90.41457389347579
6227351.291074859,0.2188001723326714,5.32161652335476,21.913952745335664,23.500843160780235,103.41003269810824
6228925.470660059,0.2187561758797801,5.321566718124499,21.94671705126271,23.50137983248766,115.20981838299159
6229039.659033909,0.21873263181318983,5.319358107703874,21.930442000439655,23.51949066161721,126.06505025026117
6228532.35195832,0.21875058270220826,5.317161131270753,21.908233208695375,23.531478876930166,136.15795707366067
6228038.047138432,0.21877745815221253,5.315287130534721,21.892981824036216,23.53769318003633,145.64963207706936
6227198.087215621,0.21882962212252413,5.312720476593384,21.874410783643683,23.54152165052405,154.69659386425127
6226455.3896762,0.21887725857370519,5.311641003457553,-338.13983256827436,23.541314379148186,163.42279114835233
6225788.430677803,0.21893611358205592,5.310035589944786,-338.14341608334536,23.538383599918102,171.9363289667294
6225374.163913941,0.21897511722809795,5.3078787800553995,21.861212628288193,23.530796200720616,-179.65186390525022
6224955.562782483,0.21901797657211788,5.3066089089921205,21.863464179557983,23.523966436220967,-171.2344385113117
6224230.086086493,0.21909102106128886,5.305505464388365,21.872339347838054,23.51563786012079,-162.71591586744856
6223356.398891602,0.21916556666389647,5.304803998889867,21.888878429964713,23.508423724605088,-153.99292927268414
6222877.782360116,0.21921522888571274,5.304800485331321,21.89233347509851,23.50835125616468,-144.93392252452725
6222995.599041974,0.2192881225360665,5.304291345907532,21.887913650289867,23.4981047640647,-135.39498899173537
6223984.735693665,0.21934187723643736,5.304767116184908,21.845009708214988,23.513390681730183,-125.22850834060071
6226209.427359145,0.2193998753774164,5.305064234995764,21.77379934521246,23.53596167603018,-114.2481104460763
6228698.428331116,0.21952553365493463,5.3048880219806085,21.69429048008458,23.569145774706367,-102.2705413528374
6231663.411401799,0.21969451882646956,5.3039583833584,21.614272666791777,23.6047393050755,-89.06481780358317
6234743.670645852,0.21992762163887544,5.303209553828028,21.571932712124482,23.61899478171955,-74.41107193717649
6237948.2945507,0.2202044381236665,5.3016276090655525,21.547838271290267,23.636035942295564,-58.126923659380786
6241614.7538452055,0.22051375524077133,5.299805453677962,21.549583324696297,23.646332762568083,-40.16671955931759
6245131.056726467,0.220808966725936,5.2972523720645865,21.589965904352983,23.650552001079955,-20.772053322948267
6247774.908162067,0.22100808328614222,5.293919201686234,21.673288106069805,23.64333943751482,-0.5260427156746541
6246369.859501395,0.22089902892674362,5.293985457462419,21.726340758539568,23.643555305386677,19.76651144540592
6248109.8502459,0.22094692441273597,5.293876139174635,21.778503044188785,23.641966915777974,39.21823835609138
6250008.809796294,0.2209742849162081,5.293891857483825,21.82648765963785,23.6425510466555,57.225627646663646
6251913.881131962,0.22098365682531457,5.293923290097875,21.861635610494027,23.651949985552896,73.5437143448323
6253822.760650475,0.22098312625220937,5.293744578795394,21.894766488803576,23.660015037963205,88.2035775158954
6255819.890120022,0.22096702467209414,5.29363912992759,21.93458448404445,23.662123960352748,101.38299985941245
6257534.469187241,0.22092682438018252,5.293678782893006,21.97108643525279,23.661523571210953,113.32202098499721
6257550.3294318095,0.2209178763301541,5.290940368982524,21.94728772331759,23.685626929620103,124.28115215684883
6257161.712297784,0.220928855542739,5.287778667189944,21.92073101267082,23.70430911871553,134.44008065642583
6256553.634553339,0.22095540604710515,5.285453789461906,21.90023852316477,23.71288541664842,143.9738872433764
6255640.235590853,0.2210079386100783,5.284044156781125,21.881032529243125,23.715446034216864,153.03665037716294
6254832.067325659,0.22107412326874823,5.283221630624646,-338.1286345155533,23.715542373212525,161.7491400348902
6254185.49480826,0.22112745889244645,5.280941098680498,-338.13362228058975,23.712102226076365,170.2345235742971
6253765.898737332,0.22116538541581193,5.278777233140637,-338.13175336016695,23.705219461495115,178.5976394269451
6253088.551517919,0.2212320419769375,5.276918774102093,21.873711492534646,23.695943036965954,-173.0576427616828
6252218.955150979,0.22132069841234248,5.275690348235781,21.88122975843526,23.68725038824419,-164.63193818010555
6251475.290923834,0.22138898234356197,5.2749944514066485,21.89363184424073,23.68053168978812,-156.02471784097835
6250758.816977596,0.22144882011225578,5.274474100837222,21.90884890193311,23.6736962470494,-147.11847278664396
6250212.161057336,0.2215459551239981,5.27426008989639,21.911068561764896,23.66972663057277,-137.77331346147173
6250954.366998257,0.22161059570246489,5.274499093173929,21.88033468464803,23.676446758592757,-127.83032741922663
6253432.517389368,0.22163710377668389,5.274591644460168,21.821265730921457,23.68162822518322,-117.10989171030147
6256161.732718162,0.221736795639964,5.274576223643092,21.737835014395202,23.711996973131146,-105.4421549646117
6259242.385593493,0.22189798193520952,5.274153720121636,21.66802454886304,23.73283521505777,-92.60333505698591
6262250.409513617,0.2220893368610881,5.2732469576069745,21.612707511819465,23.753140050928774,-78.36376088776372
6265823.47179288,0.2223696452249743,5.272217321504854,21.581186772637455,23.766038134671327,-62.51589645475099
6269261.090109535,0.22266317070406944,5.2699677683461825,21.572970600001273,23.781475704468214,-44.97339480085336
6272749.058923667,0.22296228767806045,5.267751549621832,21.604695791139285,23.787325691662378,-25.886184739724484
6275034.750018863,0.22315327824804934,5.264622612929247,21.677984176272574,23.783669285365004,-5.752394396117801
6274086.692870641,0.2230856213295758,5.26393824075243,21.731599244070416,23.77977414957051,14.661212212073696
6273276.268669009,0.22299015164302818,5.264872281980723,21.76075669453499,23.790337803478792,34.437474358134615
6275043.570297062,0.2230219249881317,5.264733950160072,21.809396897169933,23.787044264006617,52.86578733633909
6276449.3547380455,0.22300793421340442,5.264759633346008,21.846595480234495,23.790029712983433,69.62117711089056
6278344.7401860915,0.2230044552590544,5.2644901565758335,21.87114385336846,23.80763049188658,84.67251427451153
6279806.347537691,0.2229746935743479,5.264158415896316,21.895932462699356,23.815772425685225,98.18958125488315
6281699.428096084,0.22293906983677478,5.263713029371654,21.928766537362822,23.822278918532806,110.38691212838201
6282881.603291977,0.2229029096808097,5.261827605680317,21.934337740797197,23.840730156341017,121.5231574502548
6282474.890763216,0.22290635588454316,5.259500682929477,21.91034007024589,23.856131140901063,131.83083971832113
6281593.683883896,0.22295260531726233,5.2576299752651305,21.88642436881246,23.864098561912332,141.47130653461522
6280969.173456306,0.22297639592232243,5.254437968532472,21.86548482614111,23.87151179496951,150.5946035484258
6280061.984565053,0.2230407297256266,5.252864086839965,-338.1493282845422,23.872440715279353,159.34079383949938
6279491.118046483,0.2230829257323172,5.250821181972206,-338.1567189668174,23.870298681258316,167.8254684900648
6278807.570549959,0.22314834810929304,5.249489644218363,-338.15526103465004,23.86670223452799,176.15425173096077
6277920.215182757,0.2232340137737051,5.247888821010668,21.851080875872455,23.85957143217084,-175.5650528834216
6277262.995306587,0.2233014760139453,5.247231339687945,21.852585750339674,23.85533550118951,-167.2293311528658
6276685.063374778,0.22335707460268794,5.246141998167974,21.865023353193983,23.845727855406633,-158.74376541526402
6275828.439974971,0.22343311402251412,5.245477306436911,21.881237864214356,23.837786239514315,-149.99888963829775
6275652.394697659,0.22346265984307367,5.244912793246346,21.889790766323248,23.828464847332498,-140.85865643296663
6275832.887962367,0.2235512449431224,5.244677587363946,21.880485260407912,23.822697058095116,-131.1784908300827
6277716.243796319,0.22359721830904997,5.245336382092297,21.808793744906264,23.851017663473804,-120.78129996263522
6280376.814590655,0.2236628078771115,5.245523193872033,21.722194245824838,23.88403008196963,-109.49396800042477
6282994.074452329,0.2237934638295075,5.2451616500327,21.65069255460373,23.911583437332496,-97.11634096819421
6286279.9515527245,0.2239960379062028,5.244258782105995,21.58320175953869,23.93715302322,-83.40042617755104
6289781.036469281,0.22425003791669074,5.242979694425101,21.536813760199408,23.956724156373056,-68.12904298516729
6293464.30385826,0.2245491110727691,5.240471369970566,21.51103701405713,23.978383056799515,-51.15914053324279
6297146.00695974,0.22486356792328335,5.2380930588371655,21.528194351484522,23.987995448324302,-32.54495398338035
6300174.379617626,0.22511618359154942,5.234961047620231,21.587513833519054,23.988478132805184,-12.661186789099746
6301893.285852343,0.22522917764862369,5.232854256922192,21.673163759536727,23.98020482134848,7.7745148345764505
