Episode: 538
5501996.4600981325,0.2000851077427404,4.99606091711071,20.10215449863495,19.961058659651037,30.840823381532093
5503794.275958892,0.20011512470431153,4.997091545371264,20.141135297777126,19.98233948222166,50.4485297394597
5505478.895052182,0.20010881582861248,4.997498684569344,20.168820058845167,20.00872375760673,68.39281576361773
5507125.880547367,0.20007902228991117,4.997156946493453,20.185854072685963,20.040401910369194,84.59080236354951
5508816.094938075,0.20003995515408518,4.995895173684579,20.195574726214964,20.07555075202318,99.1814751944843
5510276.166756637,0.1999902734189394,4.993628772072885,20.196563307318794,20.11106866046161,112.40575696456902
5511869.508013058,0.19991634563932814,4.990387668693755,20.201218142896874,20.143627416325288,124.5089990461315
5513534.479331344,0.19982932565242673,4.995214955962084,20.26909299052766,20.112138666054022,135.72945091309242
5514967.484244846,0.19973863053175167,4.999801929105422,20.315567282547715,20.09435742967536,146.28270501979856
5516600.041232925,0.19961468294034543,5.004768714064966,20.351895166688717,20.08602234631929,156.34265730394
5518177.534448842,0.1994782622540705,5.0102552710379635,-339.62820727754706,20.087762116254673,166.07358488936043
5519731.826901153,0.19933038670985284,5.0155841657082325,-339.62561760885563,20.099858884549633,175.61878631602227
5521272.8787187375,0.19917509793677807,5.019626569494401,20.363741578327957,20.117337618263015,-174.88744495001586
5522800.572462944,0.19901880292354537,5.024139469321929,20.331961409474356,20.14735993767547,-165.31387483872152
5524351.992814487,0.1988719952440995,5.027541679901807,20.285264582168384,20.179756811185726,-155.522851210611
5525907.819205524,0.19873363430867816,5.030389021955781,20.226726348966306,20.218096249896153,-145.3776417470975
5527506.839458808,0.19863237790017343,5.0326848679357425,20.149415572295226,20.263510218635318,-134.7130682658074
5529323.676205816,0.19861557093652274,5.034089612303913,20.05547192408569,20.30985034032354,-123.34340263798474
5531762.6431175675,0.19869438152798635,5.03459913302998,19.94842974732501,20.354726065586057,-111.06061735814293
5534393.63293004,0.1988285049434258,5.034262238922741,19.85093859559392,20.39584236318348,-97.64861729015286
5537335.085822783,0.19904237253662777,5.033171313461063,19.76996017633472,20.43130903150036,-82.86168423003026
5540534.402196014,0.19932400468736194,5.031424706653856,19.716314912307677,20.459901081111326,-66.48279984629589
5543874.921982771,0.19964825117628976,5.029214980660643,19.70173486293782,20.479470632191372,-48.4006288462401
5547087.051325118,0.19996272954587035,5.026321149150864,19.730583929515983,20.490672074613624,-28.731830154115034
5549882.186536243,0.20021143077355824,5.022496818614265,19.80618854485118,20.48938216399014,-7.939543544306955
5551901.588906296,0.20034051162273542,5.018273723843827,19.88185719943532,20.46910777390804,13.223275200374477
5553725.96124622,0.20040606801132413,5.019581023975281,19.931166611272744,20.483115074063125,33.80279864126159
5555376.16419721,0.20042197336986528,5.020546774250743,19.966933653747965,20.505328536748696,53.07660567567584
5557026.229828397,0.20041214969374654,5.02087351273352,19.991654679233843,20.53271240518457,70.67372192979911
5558452.08957763,0.20038534431351682,5.020547292864449,20.009532088942542,20.55608533279343,86.5574354082225
5560220.2494583335,0.2003494131669431,5.019583548500623,20.030446616404127,20.58070885104531,100.86994275495235
5561785.646498045,0.20029814579761995,5.01748567419958,20.037845691343396,20.61179727787401,113.86089643913186
5563354.018953243,0.20023309788592078,5.014299393499248,20.04379276137905,20.642335936132312,125.77460278261259
5565002.453710504,0.20013275771379982,5.0191746375298,20.10821616090013,20.611995452229213,136.8412072989216
5566386.678448033,0.20004075776359456,5.024453405593176,20.154140506271894,20.592669293619018,147.26786082548014
5568032.7664641775,0.1999134834548111,5.029461540883961,20.18894553194817,20.585087941860092,157.22166573034607
5569644.252679214,0.19977330614697605,5.034956692833379,-339.79210596542936,20.587555052926263,166.86305017308973
5570976.008623501,0.19964716941661173,5.0397702557104305,-339.79048935545745,20.59901227272259,176.33345985152388
5572322.304778645,0.19951171866843553,5.044482216894828,20.193875662158884,20.61984220044433,-174.2371975239527
5573606.677298769,0.19937969633833408,5.0489827308080235,20.162861130585007,20.65017633542596,-164.72290406428175
5574967.0583152175,0.19924456463146445,5.052556776721161,20.11944134967962,20.684519849537203,-154.98950405076704
5576523.992319303,0.19910664081961002,5.055585194992079,20.058153083273357,20.72559196012992,-144.89275356156307
5578023.805332901,0.1990023775961759,5.0576627255340085,19.988788042638028,20.766970912671045,-134.2785648214932
5580151.931117255,0.19900381916994872,5.0590439068777915,19.88551684438689,20.81296139875518,-122.94570880534737
5582588.910999671,0.19908232283238497,5.059496467118428,19.783293196853915,20.85375423207311,-110.7125571269277
5584897.374193225,0.1992240926185727,5.059148817900032,19.69449948631027,20.89475477332169,-97.36364336012376
5587703.3795031365,0.19942634637931914,5.058048194831811,19.61612134403128,20.930161489824183,-82.64319068012789
5590911.872590926,0.19970635666932202,5.056350381856438,19.56354336110289,20.95778081876465,-66.34182275027787
5594091.269481629,0.2000213485509357,5.054605691544098,19.555710658120905,20.973156144108714,-48.35622592833643
5597235.755955366,0.20033478812795527,5.051810933763874,19.587866849601788,20.984005845903972,-28.800294988051792
5600087.460874857,0.20058808473806997,5.047931737882591,19.66461782397362,20.982933020247785,-8.127681657050916
5602262.371887913,0.20072493160252622,5.043971816617406,19.76353829608683,20.964378857393253,12.897046664543726
5603961.978804037,0.200786115345227,5.040175890900924,19.862930990268346,20.923806962067907,33.3862080119567
5605149.756812306,0.20077658453831795,5.041182726366351,19.892935042510974,20.946345370376395,52.59431828063963
5606782.368757008,0.20076598077740337,5.041539836845852,19.917189848598134,20.973990495354894,70.14129222007487
5608455.10994849,0.20074298003133967,5.041145176993806,19.933477659802904,21.004533253630953,85.98361039667017
5610165.46343182,0.20070966859992545,5.039804655815576,19.94205342309711,21.03984504475348,100.26993958437437
5611923.451610386,0.20066097458153223,5.0376819072846475,19.95273893427367,21.071987463627245,113.23162806850267
5613686.083086764,0.20059381611418978,5.0344237603511806,19.961869147696248,21.103903334721238,125.11540110772519
5615404.25406903,0.20050096284798033,5.0392813819244155,20.029593956795498,21.072841453450103,136.1511782096042
5617118.802039852,0.20039359471213156,5.044269214511506,20.082630663434156,21.05378975347851,146.53761576618544
5618798.276078239,0.20026864733630598,5.049758340431748,20.12078326644971,21.044604919952697,156.4507637866904
5620405.417819936,0.20013182325867837,5.055274888656171,-339.85837924634524,21.0461294509334,166.04466655610108
5622011.236615395,0.19998075661103304,5.060640470824466,-339.8545951676261,21.057843359379852,175.45695430981854
5623430.312503446,0.19983902365185857,5.065687081364704,20.131133986947766,21.0789513741314,-175.1821421720214
5624990.287065348,0.19968027126889282,5.070259059648557,20.10069562641678,21.108375880653853,-165.74787788057185
5626379.386777921,0.19954205837062122,5.073937166845771,20.058525170356507,21.142183624930905,-156.11226741292862
5627913.754369009,0.19941762649391184,5.077160795058351,19.993862079104574,21.183854888943614,-146.13063293534756
5629666.927044466,0.19934993266676523,5.079558974437451,19.906013036850993,21.22888187009083,-135.64527147333138
5631864.313442679,0.19936388763187798,5.0810546438069375,19.799357436634757,21.2744440946738,-124.48400980626121
5634308.822143352,0.19943764122316815,5.081679167646463,19.69193802467711,21.3195133178433,-112.46404239035887
5636934.529853351,0.19957434755356465,5.081475703728853,19.598035271802715,21.356830450872817,-99.36608757323837
5639734.071235465,0.19978186914116586,5.080587392325293,19.52179538778856,21.389304066348263,-84.95445288929115
5642840.632450938,0.2000491072988423,5.078942745661493,19.465207023184018,21.418690419399397,-69.00622202476943
5645819.867401687,0.2003453438780848,5.076714084316216,19.447297379926976,21.440470822493754,-51.39655722093757
5649083.2832931895,0.20066483169440202,5.073806747294568,19.468537107419763,21.4539258205682,-32.1888403461155
5652009.144855879,0.2009276647176745,5.070039698622085,19.53301857801153,21.455605399624915,-11.772055842778306
5654380.358093977,0.20108948188702513,5.0667265646103194,19.636581472599822,21.44295573027513,9.127031022396991
5656370.004742591,0.20117551339953998,5.062720364966784,19.735639348004373,21.405762482284384,29.660980693237242
5658173.478336686,0.20121203561041062,5.0638396728924535,19.771494312906526,21.427085768401568,49.034514519613325
5659920.371094214,0.20121686586769572,5.064184478817138,19.80532112340342,21.445680829772005,66.81006611785328
5661569.938495571,0.20119643948578506,5.063935386294168,19.82018481263086,21.47771825575536,82.88790386661702
5663275.666624675,0.2011545696226614,5.063039777390906,19.838154383709043,21.505130248468852,97.38418615173495
5664979.404163642,0.20109440732043132,5.061004838832248,19.84642095530437,21.53926898690234,110.52081945644463
5666439.264137339,0.20104107808847474,5.0578725528221895,19.846940791606574,21.572899888020117,122.54610821030559
5667990.5711274035,0.20096379105966525,5.060197587376806,19.89717685675618,21.55643489591474,133.68102596676087
5669710.816739716,0.20086242742711474,5.065401802966062,19.954876444048153,21.533655049882018,144.12717035408826
5671329.087143207,0.20074049798307997,5.070737461026495,19.993490402054718,21.522031180731755,154.07000634224335
5672932.4474616125,0.20060938676630588,5.076292749815465,-339.9813037770615,21.520814122545303,163.65873686783584
5674458.2604391705,0.2004703659153241,5.081474347125644,-339.9727247980153,21.529430146851762,173.03500511575496
5676037.090858143,0.2003151007459324,5.086659869620969,20.017925766323167,21.54809795114601,-177.6724366320116
5677328.666127766,0.20018369321644852,5.090971009735811,19.995195296923594,21.57283319964425,-168.34090659620318
5678637.779639557,0.20005355369862537,5.095151806651302,19.954045627483257,21.60747613712282,-158.84458289229002
5680152.407207973,0.19993369140237924,5.098631193766125,19.89022136293571,21.647910587115266,-149.04325448080527
5682056.343842236,0.19986348944188387,5.101307667026239,19.79740401218364,21.692283930954524,-138.78374056180203
5684190.575950943,0.19984796462148263,5.102450753246575,19.710202538609103,21.721521276848996,-127.91748814238402
5686632.765665622,0.19990690836065808,5.103317185994467,19.602455016199663,21.765150822052046,-116.25928083825019
5689177.078721665,0.2000309195848417,5.103350295237956,19.50759553234225,21.80216917569147,-103.60653889877204
5691981.091304323,0.20021757230720186,5.102593952176045,19.42002235146353,21.84028729365886,-89.7252025087924
5694789.614537325,0.20045822549188025,5.101174313632573,19.359505347969048,21.871476046783354,-74.39309498816696
5698111.8301196005,0.20076254327282853,5.099332624111279,19.32665859305474,21.89347498156952,-57.43236511074197
5701361.5698327385,0.20107140989819242,5.096815567100544,19.32981873544476,21.909044033625015,-38.83557167924125
5704090.430748098,0.2013372479257955,5.09375418008354,19.38276024839505,21.914683207908308,-18.878271015444753
5706637.845465649,0.20153474655729198,5.0898708628636316,19.473644418270727,21.906015784312718,1.8394257773870002
5708734.553531019,0.2016448129050209,5.086221951043847,19.55885551946702,21.880312358891572,22.501070657616097
5710587.349940881,0.2016955339554763,5.087527878290833,19.59921703400364,21.899131369919385,42.24672865782031
5712357.263599781,0.2017120428657774,5.088237803708206,19.62898673696359,21.922771150317555,60.523268792670315
5714115.064551987,0.20170645367737652,5.088291530957379,19.64817960023443,21.95258444522497,77.12067367234802
5715901.378222579,0.20168559654339446,5.087586928780199,19.663883094491553,21.983043526310105,92.0918402164106
5717713.880161829,0.20164918499044585,5.086150983101716,19.678951586092296,22.012472860641154,105.62766895249442
5719130.216924338,0.20159103021649477,5.083568653799995,19.67981461117783,22.045186192312666,117.97453474384754
5720929.348143075,0.20151683506231552,5.081439858206369,19.702620387339298,22.062942106369306,129.3478027373322
5722696.0050199665,0.20142264582178673,5.08588038854697,19.76366108529,22.038977255993164,139.96808808477138
5724381.68093008,0.2013016012120154,5.0912309436147885,19.80945926042052,22.022612215847165,150.02305633457004
5726043.586336585,0.2011728414880163,5.096769689126169,19.841882760448055,22.0168215127932,159.6674407921022
5727685.321846807,0.2010295601618369,5.101772321756604,-340.14146242092005,22.02097099448311,169.0454467052127
5729220.782365045,0.20088265442591713,5.1068789714381,-340.1433731447922,22.034773220539453,178.28885816225795
5730800.680544915,0.20072501363445447,5.111827594799078,19.836579582779393,22.058054383551124,-172.48052793730812
5732300.4607927315,0.20057742724526328,5.115993997832003,19.801137622344562,22.087230849885184,-163.1409107667916
5733707.77743547,0.2004633697201144,5.119576240420596,19.744912400874085,22.12259452138144,-153.5618058543627
5735515.400454268,0.20036902625916947,5.122659964518267,19.66087303720299,22.165327823196083,-143.60167095508876
5737483.206150144,0.20033602074223342,5.124673022273324,19.56634801276562,22.206247834786826,-133.11689876030727
5739776.107206624,0.20036239215394563,5.12570213220918,19.469225620890125,22.24138820238142,-121.93802881383719
5742015.7773266565,0.20045035948941853,5.126170651560215,19.36939930462221,22.28632522713637,-109.88146874654547
5744789.199757056,0.2006012364519778,5.125795165953416,19.27184808038548,22.327552517295086,-96.71493762521118
5747818.026737746,0.2008160722144074,5.124727159333883,19.193278567450648,22.361242606529956,-82.21530246921346
5751021.054380799,0.20108982484773535,5.123198960790392,19.144327185019556,22.38590002198549,-66.18028012187693
5754460.9553541485,0.2014091984202295,5.120807271481798,19.125794963232813,22.407070298431023,-48.504700191515774
5757822.195051923,0.20172958204376068,5.117928115716745,19.153142722269205,22.418604092894405,-29.302085604348356
5760652.3798599,0.20198068064969402,5.114146669705475,19.22810067589899,22.418394944288654,-9.001499592969408
5762951.563156949,0.20212666101423682,5.110526002470552,19.329421003309175,22.402840544040746,11.671989934848884
5764869.395685745,0.20220220997847266,5.111962673432622,19.37612078694935,22.41680095423969,31.878317216742136
5766103.143915182,0.20220068806822813,5.112826550782931,19.409752634831143,22.43424079907925,50.88380769170733
5767833.526722232,0.20220467932571365,5.113277889354645,19.433246811546006,22.46118512146655,68.29326049066412
5769434.694042126,0.20218967700080953,5.1129773563711005,19.444414612327584,22.49346132886264,84.0426222092028
5770877.347158888,0.20216217145602533,5.111837507040779,19.447707202020098,22.52694941122494,98.26117152726552
5772692.76737831,0.2021164410118124,5.109633423431014,19.45517260030278,22.563096517400602,111.15326443706718
5774495.2032966595,0.20205029013231007,5.106943551257575,19.468149797363527,22.591558711333438,122.96368607367623
5776298.446779499,0.2019689199863788,5.1112677539078035,19.5378450774271,22.561217892491584,133.91291657563767
5778031.632942621,0.20186450737237485,5.116501458943182,19.594934911706453,22.53829094562216,144.1995034144581
5779757.129577331,0.20174472908533456,5.122008239310636,19.638196608969803,22.526009975168915,153.99110996075672
5781438.3037733715,0.20160862935354276,5.127602380352588,-340.33515208486165,22.524245338595396,163.43908132591963
5783055.29171272,0.2014612064621754,5.133107294889717,-340.3268493201739,22.532604836017853,172.67835680516896
5784631.155289143,0.2013076866039572,5.138355647966593,19.664244987196195,22.550434382220388,-178.16862663829335
5786064.257048842,0.20116860453104893,5.143190865227792,19.63145231137795,22.576813627042256,-168.97572903291032
5787578.368502328,0.2010419029716138,5.1473686557586,19.576492215321466,22.609752540207776,-159.62303311425256
5789275.036639394,0.20094259372120057,5.150652310626503,19.501578813811363,22.645926705518804,-149.98319820934447
5791275.365473339,0.20088353530390898,5.1534645284062455,19.403632306045157,22.689699643693324,-139.9190958272722
5793442.455894049,0.20086949098905374,5.155082012892893,19.306560408428428,22.72768111544593,-129.2851357954695
5795646.695350317,0.20091061871180207,5.156147452681269,19.203277844671376,22.77358146857891,-117.90895622645768
5798125.81363472,0.20102493113846626,5.156337266832017,19.102665474491175,22.81722266235796,-105.58474489265579
5800889.189703528,0.2011766681168291,5.155788813813726,19.015998788348227,22.851813713286276,-92.09038587797754
5803877.1228845045,0.20139049962794447,5.154443559118913,18.94325223156849,22.885265862143076,-77.20374632888942
5807111.114945961,0.2016774777414285,5.152457127439558,18.901064231579383,22.91183806395252,-60.74905434714789
5810433.19607855,0.20198973395710992,5.149811662629405,18.894975510913266,22.93087335193663,-42.67517531519178
5813515.859673312,0.20227839085164448,5.1464380284262425,18.93256537727024,22.940174192471382,-23.18149653361194
5816357.972277643,0.20250792529775738,5.142398034072421,19.01515656652205,22.935258776191,-2.793973326437977
5818635.353940828,0.20262963028287986,5.138154578330391,19.12831049755624,22.9113401549065,17.70202173475408
5820650.922195779,0.2027017816073465,5.139066533560846,19.175406035991994,22.92207216274715,37.50483222516563
5822465.705851937,0.20272773393376678,5.139999693066647,19.20593002188648,22.94563183446414,55.96591393673344
5824235.151853368,0.20272880754362735,5.140272085640082,19.22646877397268,22.974345376430364,72.80332182500676
5826021.943649966,0.2027129650221505,5.1397927459407855,19.242363932271,23.004691991334504,88.01422984785687
5827438.004936095,0.20268150753572772,5.138322178379879,19.241635063545818,23.040866901055665,101.76765250999573
5829250.435392264,0.20263103182394882,5.136242433423648,19.25413418813735,23.07114313932266,114.26974359779643
5831012.879845655,0.20255350313659873,5.133572122994928,19.267995271899114,23.096668464567173,125.76148708804526
5832776.863249399,0.20246102821012235,5.137816227154772,19.331618702347367,23.069802292042112,136.45307978334907
5834533.701718295,0.2023543453967078,5.143141381368643,19.386393368304518,23.049215930309277,146.5300383653941
5835961.418239286,0.20224405409348747,5.148701267420635,19.418581771020932,23.039153154090105,156.16289154986396
5837624.594048174,0.202101640637722,5.154022289500952,-340.5609134389033,23.039429599582053,165.4825109314383
5839260.308716167,0.20194938821512512,5.159516299302457,-340.55712136336837,23.04965400635225,174.6219783556739
5840872.83998996,0.20179105860682992,5.164727125204783,19.424469329130975,23.069129241696256,-176.2933968664415
5842377.420591179,0.20165215622549676,5.169333681504573,19.382613687098605,23.095935329233573,-167.1444554421189
5844028.729661433,0.20153684780929731,5.173286999409773,19.313883047455533,23.128780127287424,-157.80829228965902
5845644.826108186,0.201465874124438,5.176787186847403,19.23001121979828,23.169272668678303,-148.1725685856489
5847626.327763025,0.20140851549986027,5.179490623976753,19.133666119427257,23.213616973487337,-138.09757028956108
5849804.09913416,0.20139517915954766,5.181329568207586,19.029820455623618,23.259806511851043,-127.4293150234429
5852222.356547607,0.20144270817675183,5.18227620102302,18.922756887707138,23.305649290532273,-115.98991446530424
5854825.895117624,0.2015414938473071,5.182350875408663,18.821439106808437,23.348904825554058,-103.58092503904834
5857729.4339546375,0.20171433365427133,5.181623279614222,18.73126985743393,23.387530726365387,-89.98056926067282
5860377.13058015,0.20194033358419125,5.180265750892117,18.67354811066154,23.41836116603917,-74.98318593979681
5863656.484235482,0.20221941067728283,5.178469575951142,18.63562378619448,23.440618997593,-58.40326632234387
5866984.993156727,0.2025264545268842,5.175768572394203,18.63289815217341,23.45840352440844,-40.23114172260778
5869811.113505239,0.20279118038467672,5.172343487354176,18.674989774110024,23.46624905664867,-20.702302316951673
5872445.24828157,0.20299599581902855,5.168683700998638,18.75553578986397,23.46020167331213,-0.3689317033205054
5874628.994704919,0.2031171492053929,5.164882953120888,18.832427333058945,23.436902273655875,20.001824995782886
5876590.323408892,0.20318202608370195,5.1661574442644564,18.87288216578925,23.45293768015307,39.5670944354555
5878256.724758275,0.20319755101211276,5.167052597622535,18.899852922566264,23.47729038709528,57.75834036443685
5880114.638851771,0.20320012449071403,5.1672717468101155,18.920271738831552,23.50690054382385,74.32739920461451
5881994.220099485,0.20318805468107634,5.166669879171527,18.933142648235133,23.5410779991579,89.29682153021268
5883857.1286592055,0.20315905467111314,5.1652189245256865,18.94383539152252,23.575207296493772,102.83425851694949
5885683.473764742,0.20311293658385463,5.163244980203039,18.958484676141197,23.60310234673391,115.16276999031676
5887534.786937952,0.2030464626160878,5.160288101155554,18.97248058081763,23.630715837974076,126.50650320311155
5889063.619308468,0.20296769185013086,5.163543209715545,19.024404791842876,23.610525311005745,137.07987664235256
5890791.210643295,0.202852048649269,5.1688939672068175,19.075859898211743,23.590250744358638,147.054144297748
5892433.713177023,0.20271074352883153,5.174475646175526,19.10622385736763,23.58038337055999,156.59644788722886
5894036.613070438,0.20257471293664447,5.179944292449031,-340.8738465438904,23.580750552412262,165.83437604975535
5895670.177064804,0.20242102736322637,5.185458509651555,-340.8724987111357,23.590962449727268,174.9010735014433
5897242.0781195965,0.20226705448351456,5.190294385572754,19.105699911384328,23.608872070601308,-176.0801896859378
5898734.499509674,0.20213506265602624,5.1949090247978935,19.057925526099773,23.635435118522278,-166.9938563762147
5900394.385533683,0.20201731358339325,5.1991367193585,18.988910593361233,23.670122451976898,-157.72815997393198
5901989.9036697,0.2019455828966495,5.202348628657626,18.9104736314254,23.706737742086627,-148.16544965476592
5903942.563151713,0.20188760136401415,5.2049273740065924,18.81838389465593,23.748281957652082,-138.16853389180145
5905679.457548119,0.2019007205202846,5.206721158293676,18.72583609824516,23.79222859180154,-127.59428812468968
5907625.584294654,0.2019535863641258,5.207359693916301,18.64650481409292,23.821753374872678,-116.26327562376977
5910010.799135607,0.20206077544221715,5.207471153929905,18.552310997204387,23.863206776203054,-103.97239476439536
5912883.971578047,0.20222407369607412,5.206845825830676,18.46552999655778,23.89846303538534,-90.50449832146668
5915676.363496982,0.20243488744704852,5.2057583648279495,18.40711879710123,23.92401043519918,-75.65573299382781
5918863.960148118,0.20271000008745382,5.204273101808028,18.373561850834477,23.94299393924192,-59.25241113533143
5922264.073027622,0.20302246243644065,5.201575676388479,18.368977742771147,23.96153939713168,-41.266457653365315
5925512.50261835,0.20331736760156802,5.198184271603698,18.40831657376923,23.970241555150647,-21.91463421616612
5927881.1844940055,0.2035093401668048,5.194162686840944,18.49010445037487,23.964894522975463,-1.7267983864760053
5929883.111983212,0.20361180973343088,5.190374700151034,18.590900844000572,23.943353214041473,18.531360716135598
5931847.602362579,0.20368065742350283,5.191847079594458,18.628752367923042,23.960698519148966,38.07140393872749
5933653.951646071,0.20370695852960785,5.1926648320584485,18.660813120836124,23.98103276048052,56.28064762149408
5935273.268764077,0.20370643970981953,5.192847054955914,18.687409744251163,23.9991996039222,72.8980344232954
5937137.66218674,0.20370034427761957,5.1924084616195305,18.70410268864064,24.028321023792067,87.91786540896477
5938959.313973306,0.20367822200868002,5.191047440502465,18.71309027748969,24.062599556568923,101.50104493483131
5940629.529141938,0.20363141845824712,5.189249979092977,18.725328128985225,24.08932019767616,113.86665784128988
5942529.34141634,0.2035693852301755,5.186470220811824,18.740805268684007,24.116566766371154,125.22986603784514
5944190.108284563,0.20348840784263134,5.189504955514562,18.79547162126648,24.09666287919059,135.80721944378084
5945842.5747547075,0.20335904164841812,5.19477387035869,18.843176473642263,24.07507705890606,145.77982182386438
5947471.489754826,0.2032091309580507,5.200340294894896,18.87202314895724,24.063612416250244,155.3046970693289
5949116.312437022,0.20305571664966526,5.205988147229018,-341.11324883024633,24.06231560963613,164.5148122193215
5950549.468708821,0.20291463489988412,5.21150541213211,-341.1182762489468,24.070766115239014,173.54000629998194
5952181.263377979,0.20275393842587064,5.2164206728769935,18.8569253656971,24.0871767017826,-177.50271160701192
5953833.269953014,0.2026062217029132,5.2213261216140925,18.807471803922066,24.113256816318916,-168.49844133744628
5955309.7868860345,0.20250939383793648,5.225491037465512,18.738836417059375,24.145072134094335,-159.33575383735044
5956927.952876553,0.2024290603617283,5.229185330363624,18.658765938545518,24.18425882278596,-149.90466599986127
5958746.828800786,0.20237167339234371,5.232108608704373,18.56816428100148,24.227667232515227,-140.07209433740675
5960895.724142637,0.20234624374926533,5.234185590482788,18.466547061628955,24.27340757339274,-129.6881956098455
5963281.877957588,0.20238061108618485,5.235360683352937,18.360657511169098,24.318746025717324,-118.58813444532038
5965643.1614639945,0.20245818186982945,5.235574915245526,18.276800957678972,24.348864958959542,-106.5904707529072
5968379.865414241,0.20259668995231658,5.235081128601164,18.186410480607464,24.38738769980832,-93.47573545237908
5971248.74335511,0.2028000503324265,5.2339124968503015,18.11622938055785,24.419614574154345,-79.03554294278247
5974409.9014918655,0.20306583615808202,5.232361578086437,18.0739653420429,24.442303662913865,-63.08749333634753
5977622.348242039,0.20336852190427346,5.230105244434067,18.06628105571445,24.46049859536919,-45.56620796443137
5980542.730467143,0.20364596393375314,5.226857940340893,18.096451731879274,24.47202644174946,-26.614525293183693
5983477.994903851,0.20388921213327818,5.2229638772972535,18.17014504830829,24.470751445170922,-6.683122833800614
5985323.592100881,0.20399670975347634,5.219028968367382,18.266516754274868,24.45336152380529,13.517850169809368
5987137.395953326,0.20406608499278012,5.219969368687987,18.310688131339266,24.462449833826497,33.197990153363875
5989086.626580201,0.20411061257664262,5.220913593268063,18.344743540413422,24.481117481311653,51.67768091387606
5990963.614183389,0.20412634431089458,5.221422763991741,18.365731062786253,24.509414704223854,68.61656616059905
5992614.863972427,0.2041186081173105,5.2212146530161485,18.381781580037092,24.535438763799345,83.96237728333165
5994509.166383119,0.2041007949163825,5.2200550455538615,18.390936665261712,24.571310215024745,97.82990250084694
5996254.079251615,0.20406260892698475,5.217903814849809,18.394858104634128,24.608090711668154,110.43115034695352
5998109.444448143,0.20400676945135926,5.2147979249826895,18.402287395345144,24.64252507614208,121.98197441997506
5999918.96561504,0.2039208779373512,5.212137873243167,18.42068135341766,24.6623495786502,132.6950545711509
6001678.21141104,0.20381339228133646,5.214986452670932,18.467811901796708,24.64852405487504,142.75593439610606
6003259.924029566,0.2036873235515002,5.220275741675581,18.505069500170606,24.634092070663048,152.33078071253237
6004647.471471664,0.20354313776686714,5.224505801141488,-341.4854918587578,24.63041476968918,161.56655703035125
6005870.073696813,0.20341335248337084,5.2297391142244,-341.4931745429097,24.635028515079988,170.58022937943804
6007218.260331824,0.20327534736287922,5.234122153363476,-341.51811740426496,24.646587267416184,179.4885054050164
6008451.239515476,0.20316345978729577,5.239225777902302,18.436646956436245,24.66961825716918,-171.59993367111713
6009894.256183501,0.20305153495989123,5.243771835963466,18.378473613840967,24.69985695128793,-162.57831886268357
6011059.292124625,0.20298898647969507,5.247760406356376,18.31168915670213,24.736903253993848,-153.33629337424804
6012512.792424472,0.20293747330386755,5.25077925055783,18.234623878274142,24.775759653744778,-143.74355262133938
6014135.210784571,0.2029214247170101,5.253213936593481,18.145145010574026,24.82072226751723,-133.66402675500024
6015843.168254761,0.20294581391409425,5.25437232982107,18.065678124801472,24.85486572019992,-122.94574594568957
6018125.200858556,0.20301465181877837,5.254905579184282,17.97583403577445,24.890365783545118,-111.39966853289917
6020324.411172943,0.20311911907629465,5.2547749952613625,17.900060165598,24.921562937007337,-98.84062176444009
6023063.5381655395,0.20330716367122428,5.253866315528029,17.8237004221146,24.956848470653995,-85.04420628977043
6026044.791053902,0.2035490901983993,5.252544143047863,17.772829164168883,24.9817026658809,-69.81718628675243
6029380.182732914,0.20383665685354013,5.250771306691798,17.747131818403055,25.000268253414756,-53.03089993641185
6032746.735118024,0.20414493560566313,5.2478473485042,17.756853556480397,25.015943833164393,-34.73520679381019
6035495.34781187,0.2043910401511459,5.244923821161238,17.80997583936397,25.01984951008465,-15.24063366353291
6037945.727021249,0.20456398497932263,5.241175842797955,17.89448822760856,25.01042592131487,4.845311000602393
6039396.346916225,0.204620721540052,5.237224409644052,17.983611225058063,24.982332809367982,24.747541963377866
6041399.441225467,0.20468337432845077,5.238462967728401,18.018573267247188,24.999853661452423,43.71547651554791
6043156.779856648,0.20470133045174735,5.239160847168878,18.045943102067955,25.02180859964373,61.26483854873279
6044998.563804792,0.2047081456096728,5.239215006335138,18.076592272979685,25.037153351017725,77.22624311846874
6046939.609302543,0.20470073977704328,5.238550421698133,18.090685253004096,25.069088281571915,91.65435903660716
6048791.438090332,0.2046760517150981,5.236859001367105,18.09652067674789,25.10620538245241,104.72896731717881
6050676.233814266,0.2046206955274627,5.234841350654892,18.11211970281638,25.133502339150485,116.66327780433666
6052344.727697514,0.20454559787970028,5.232248099125692,18.12450398037327,25.156982582092816,127.6775647933625
6053444.533018291,0.20447128881042997,5.231047595703051,18.13749220137473,25.164239367793446,137.97318175339856
6054328.3379235305,0.20439159843369792,5.236054013078775,18.167599671451388,25.145379767090635,147.71223337120165
6055064.824517079,0.2043092738982653,5.241368457059316,18.17980073982647,25.135721900988035,157.04166298610895
6055709.141057566,0.20423088300326464,5.246673697630824,-341.82501176012454,25.13547715865951,166.0901714948082
6056595.222286528,0.2041339870205547,5.25187955877524,-341.843530075123,25.144183591006037,174.97249853989038
6057549.246600157,0.20404097572008956,5.257213983967097,18.125080965792275,25.16256661488783,-176.20269260539874
6058250.0838450715,0.20398515222400065,5.261469362859564,18.08529714944485,25.18552497520721,-167.3274019600989
6059048.228549337,0.20394629913412107,5.2654372912608824,18.02848402239391,25.21604758810823,-158.2865952500212
6059888.33282217,0.20392168803356508,5.26848408510508,17.969887383553687,25.248446893278302,-148.97366606408568
6061350.20394727,0.2038878009889942,5.27043914558686,17.901423121911893,25.2774666759022,-139.24740392692323
6062672.395023117,0.203892740342585,5.271752960066477,17.836411125325487,25.306324486740365,-128.97992186893725
6064535.396145992,0.20391645854556428,5.272591351706043,17.758295680831115,25.33849418659737,-117.99266584856122
6066381.708852185,0.20398360234358395,5.2727131098613755,17.700655149049012,25.355122749785835,-106.11128877970559
6068739.839079492,0.20411744343430002,5.272497521032755,17.64088507757464,25.37226794480768,-93.11927603767663
6071576.092208846,0.20431550147038974,5.271510656965589,17.57677510996537,25.399654229967005,-78.80840674752585
6074242.382271731,0.20456900907848286,5.269930380548364,17.544821743111285,25.422942347316948,-63.018405556828625
6077744.591646714,0.20487967151355105,5.267510832522016,17.530616101467498,25.442715137837187,-45.65980088987924
6080683.808779538,0.20516005791792477,5.264634896057945,17.563485377170114,25.4532736809273,-26.893112510788658
6083036.8763579335,0.20536120714148148,5.261696170928575,17.631036196263032,25.452776482630757,-7.142359605252667
6083992.724441163,0.20541315538516985,5.258249770897249,17.72028382402596,25.438452585608676,12.89178510440991
6085821.628330538,0.2054836598054732,5.2593100953261045,17.763651922672715,25.448183449227425,32.43113759183416
6087761.613580162,0.20553094227336222,5.260105916227737,17.799630386457622,25.46293681066583,50.806110842620555
6089649.997001626,0.2055485604923905,5.260522816458922,17.82803330601678,25.48327117361642,67.66722538981256
6091536.019920427,0.20554481941524852,5.260347486983928,17.843231098852925,25.514805063633045,82.94868607012218
6093497.447528359,0.20553285720341538,5.259423233739864,17.857616537403512,25.545835279967868,96.76537514198512
6095464.169698162,0.20550262108906409,5.2573772010689055,17.865386452243968,25.58281496674084,109.31445564032042
6097298.418084819,0.20544345804686692,5.255132654838575,17.880045922833318,25.60897564655653,120.81572467297273
6098543.567740845,0.205379486637684,5.253574017594689,17.89340603353708,25.621242654638564,131.48500904588278
6098556.426047789,0.2053721791539505,5.253810172313288,17.893981883710985,25.61998388853082,141.5150658712279
6098539.103016892,0.20533891072099866,5.257995562953751,17.89831990326234,25.60706205152048,151.04589590375105
6098890.111381261,0.20527989823697199,5.2636855603469686,17.898313948480517,25.600045020184368,160.20691686180223
6099356.232579043,0.2052242885092896,5.267988533633254,-342.1086190347666,25.602146273763907,169.12091593772587
6099576.917691385,0.2051945259448213,5.2725411743244734,-342.1318137234703,25.612132888940536,177.9111902886152
6099641.904109543,0.2051912129751561,5.275500966278098,17.842816325928002,25.623933154631015,-173.32330241665628
6100164.778325267,0.20515967751060468,5.279268672252996,17.80107374589145,25.64653931394424,-164.4712238259177
6100464.445905983,0.20516481021010893,5.281096182750836,17.767499855244637,25.661927535324246,-155.4295967579148
6101011.704873703,0.20516556506602648,5.283624721081292,17.717483030048776,25.69129795284289,-146.07724667687202
6102034.996364918,0.20515287316587874,5.285295330840096,17.66201847192084,25.718615037961527,-136.27831756264348
6103229.875566458,0.20517462799366126,5.286120920692559,17.608636784435415,25.739138522665673,-125.88684818125535
6104919.060559876,0.205214251528535,5.286155623512751,17.566404895764887,25.740670601556705,-114.72883130074592
6106749.484377986,0.2053065591519716,5.286137298554646,17.53874035100694,25.73018967634556,-102.61998301600914
6109171.251929501,0.2054694769237001,5.286011729614064,17.493124236636415,25.737114359164007,-89.34392777480939
6111425.563101696,0.20567518213678698,5.285869292943184,17.47127762490415,25.740428903980472,-74.70987128307101
6114474.9681693595,0.20592009234143321,5.28576117090904,17.454098210981595,25.741768801669775,-58.53716915637349
6117171.871151663,0.20618673516177782,5.284602239729184,17.46764842107047,25.74966032228109,-40.829697568175966
6120475.159659617,0.2064699137512555,5.283587008764148,17.50556821392246,25.75223268288293,-21.778971315241492
6122829.877347155,0.20665585710774972,5.282325731599145,17.57853979747476,25.75066198854991,-1.9161618936223528
6123097.0564349685,0.20665013944152477,5.279529975483578,17.66128117238893,25.735817429471112,18.029183875950316
6125188.401774585,0.20672877802836725,5.280619921110606,17.701885863278235,25.74772350043424,37.280192436015405
6126944.2033857275,0.2067588364314055,5.281541659338313,17.72916481977202,25.768425660606802,55.24785912370194
6128826.78892751,0.20677385044407987,5.28194077604743,17.74688679201059,25.797485781459443,71.66042635131032
6130746.984672932,0.2067720401088717,5.281586721056042,17.761753629813896,25.828080239134234,86.51000977583728
6132529.486954911,0.20674720302525448,5.280363339093084,17.76936123533276,25.862244319708015,99.94385894225758
6134257.089344572,0.20671671776531944,5.2783505764715075,17.77579933074908,25.894624961541968,112.16800982699431
6135672.670854297,0.2066679430597552,5.276782656516257,17.790135894163345,25.911217470674803,123.40223074789138
6136185.828026943,0.20662850699022733,5.274731702608781,17.784686657984444,25.925942846031656,133.8589001188327
6135681.253694342,0.20664309329388156,5.2755267353163635,17.77653110722264,25.92218305009907,143.71235030772334
6135561.6955093,0.20663457406759186,5.279322167620709,17.78024366540698,25.912051970773835,153.08827526658428
6135180.533560224,0.20665232925610857,5.283147762890632,17.773116875512425,25.908708606139523,162.12977341129576
6135053.059490832,0.2066524066597055,5.286062951169368,-342.2388683965173,25.911091678205004,170.95116141915975
6134908.008135935,0.20666011924585206,5.289080849548583,-342.2604840721498,25.91868063855343,179.66769333346429
6134649.528328793,0.2066896888449502,5.291188396351119,17.71864786584287,25.92778606396739,-171.6221299908529
6134787.796574991,0.20668908373831402,5.2938157079136,17.69142466006998,25.94452882829908,-162.81215937025647
6135065.895882828,0.20669556401744388,5.295078810390264,17.664009463835068,25.955733086639395,-153.78589415052545
6135580.337917151,0.2067021285511859,5.296362996775584,17.628368886727458,25.971430245379715,-144.4267370781267
6136359.80239586,0.20671349382919754,5.296605300977172,17.59992113301552,25.9755994668576,-134.60164624230734
6137165.707614962,0.20676437548150728,5.296596971151032,17.57544899882857,25.975310628564625,-124.16322543262919
6138417.328993548,0.20681978265514606,5.296434904289762,17.55459952835641,25.96620667295006,-112.93268219327601
6139809.542606536,0.2069162625691477,5.296467160863047,17.55813357459673,25.935615165164766,-100.72021867382081
6141938.558399653,0.20706812013447,5.296641550655623,17.534526096999258,25.927801749261768,-87.30323458972431
6144351.5437048,0.20728577070808188,5.297086032225543,17.525905987830917,25.918566332716605,-72.49033870354585
6146824.656137278,0.20752137733429796,5.297209634109139,17.52701774268161,25.91709665128002,-56.1336890676173
6149451.174794979,0.2077838240691407,5.297185909352527,17.55324134907405,25.917133623273386,-38.23771228908159
6151902.025575699,0.20801439081224118,5.297280912420314,17.60552987724182,25.916744472364574,-19.052367451445367
6152988.715510832,0.20810907391306216,5.297977001824998,17.67243366475159,25.91764491115626,0.8683645295538333
6151655.879813565,0.2080014742898795,5.295870709143631,17.735653283949944,25.905015102629378,20.770283437848427
6153189.676869066,0.20804028570054267,5.296942160048535,17.772374153835422,25.91789531745105,39.861962948128394
6155140.946291598,0.20806627055569266,5.297817739473747,17.80420060837532,25.939975289629857,57.6001956173872
6157036.011916442,0.2080794485253373,5.29799724227901,17.83214022656821,25.95817574070157,73.77058318352232
6159011.195884004,0.2080776353904345,5.2975622353515215,17.84893868586444,25.987121643026,88.38655466983394
6160569.321276819,0.20805052627835705,5.296780570755813,17.865526867595907,26.006890129975236,101.61602901626875
6161887.050625958,0.2080242934799092,5.295051946966067,17.868858690170885,26.032924220370965,113.66762319131979
6163449.6772681195,0.20796136620228892,5.292906520319167,17.880838132511183,26.05441434064451,124.74431441267525
6163341.568433799,0.20795663602146514,5.292763642601227,17.876812440325555,26.055354303014248,135.0822271427261
6162792.302215176,0.20798295601216657,5.29157316005554,17.860411606828464,26.0605759817069,144.82436720442453
6162009.330058567,0.20803272053336855,5.292378072659472,17.84826779318375,26.058603893297832,154.11464241853642
6161545.683409344,0.20806054906059418,5.293973714282125,-342.16091385645785,26.05752400928727,163.07710188931625
6161127.825167945,0.20809404623884856,5.293911722786146,-342.1677025680077,26.057449602734177,171.82941207715345
6160487.736563388,0.20815335609244456,5.295423252574315,17.821454545564677,26.0615187611642,-179.51689318544035
6159935.86226473,0.20821061859002268,5.296365328333758,17.80911627364943,26.06575977099907,-170.8563933702095
6159724.584081238,0.20824532178250138,5.297957668323432,17.78895964016695,26.076235989308728,-162.0843264032215
6159870.127006732,0.20826264364512503,5.297927373282246,17.77534078495444,26.075941418200912,-153.08877405901427
6160409.163675811,0.20825792493228137,5.298089126622925,17.756019600954865,26.077953364651478,-143.75169886795172
6160687.963311471,0.20830081515212948,5.297659939615377,17.74896820393992,26.070230432884152,-133.94611332492005
6161663.578391423,0.20833525714991827,5.29688346712357,17.743963148177972,26.04833287030266,-123.50509250955359
6162848.231946889,0.20837740060940657,5.296413418023013,17.744711709735046,26.02002483777069,-112.26438833497181
6164432.935994834,0.20848147327872735,5.296474452287614,17.7392815779415,25.99530004350901,-100.0223872426888
6166268.689960908,0.20862594775651305,5.296935202423901,17.73384517091749,25.975799619004913,-86.57023434727462
6168505.038489742,0.20883287733145517,5.2975911886048355,17.73237409317282,25.96269249697339,-71.70346834830087
6171339.89220926,0.20908613010817861,5.297952090489616,17.732684471129605,25.958617686003628,-55.27367476887627
6174568.906569805,0.2093783999540381,5.297871487992432,17.75309480155363,25.958990594847958,-37.298507762229605
6177252.069880182,0.20962079229111438,5.298871865917339,17.80706785375396,25.956892729452456,-18.05130493888783
6178714.943163054,0.20973556185627407,5.300678363118849,17.87051434499085,25.960018251861783,1.9017946508517203
6177498.9269580785,0.2096323123128072,5.299476412966844,17.930710273087904,25.95236368000476,21.789897289658335
6179480.970771205,0.20969839102141555,5.301097829184297,17.960568217118254,25.972736126758548,40.82758153953913
6181414.351606175,0.2097350220535116,5.301688716944971,17.992508339025544,25.98848379620371,58.489548316494755
6183366.942055466,0.20975265080314295,5.301891464033983,18.01367889107186,26.01298297459691,74.563931226552
6185179.785438888,0.2097448894077225,5.301428269667721,18.028138828653272,26.040910081724856,89.08434933186892
6187203.966118541,0.2097290445530563,5.30034678603992,18.046646405098652,26.067241262544194,102.21080303729542
6188309.845870627,0.2096975023730425,5.298558600921415,18.04509953463106,26.09344529033089,114.17959822005136
6188478.217285786,0.2096910165846811,5.296919238299487,18.03275037076841,26.10947439853553,125.20565708641094
6187409.8139987085,0.2097268584532788,5.29559589045303,18.001201743741202,26.1182461618206,135.48929495297264
6186912.212834837,0.2097509424527124,5.294604804916201,17.986970198022966,26.122479819815855,145.1621345588924
6186036.750234431,0.20981135023564082,5.294511977354218,17.97243520206742,26.122681071747888,154.3895519068464
6185347.425172444,0.20985940499975628,5.295087827374909,-342.03945824304316,26.122323585033982,163.29480932457142
6184821.951217946,0.2099056489613301,5.295226031312062,-342.0448943638689,26.122459352000686,171.98926299600421
6184208.297125749,0.2099625459762653,5.295502959318113,17.947900461741067,26.123210020527065,-179.41161523983044
6183894.926918166,0.20999701705486165,5.295090574135615,17.941241552888084,26.121317110327396,-170.803606076741
6183575.072466409,0.21003865864960053,5.295141038897478,17.934311042735487,26.121638109196414,-162.08706186239863
6183783.448714381,0.21004603747687015,5.294046986937587,17.931763083910695,26.111572230832206,-153.14554958410227
6183567.916352071,0.2101097419747853,5.293654842317365,17.927698917183,26.106594295278587,-143.870655437791
6183703.653620681,0.21017576147575953,5.292639821027337,17.931538513574296,26.08834259228594,-134.1212056817313
6183754.510626335,0.21024903239929021,5.291501188228283,17.95592159527,26.056257790893916,-123.7574374362218
6184687.977016315,0.21029608837731084,5.290954445235964,17.966756172088896,26.023545618203208,-112.58287535422032
6186160.1875815,0.21039855145972045,5.291040684242796,17.977797807228434,25.9848831817698,-100.40562079614746
6187784.952299438,0.21055054303782997,5.291713030196693,17.98717956682286,25.95598362852369,-87.02110590003397
6190171.054635419,0.2107526788565947,5.293109543576294,17.996575923683707,25.927760779931308,-72.20864525704147
6192765.244297519,0.21100245911465423,5.294018893097189,18.008373370074946,25.91743764998175,-55.83270209001926
6195396.326617632,0.21126409283649386,5.29449416037658,18.038294591657873,25.91446535856989,-37.893971211786216
6197517.176253308,0.2114682539121825,5.295125620541117,18.08988809189293,25.913027979058427,-18.648691979963562
6199189.598936526,0.21159744575191722,5.296819681518718,18.153010269501298,25.915852443161103,1.3310043487472245
6197738.638994429,0.2114811515012018,5.295763585106409,18.211507844378726,25.90918084708764,21.268869578557894
6199223.632806204,0.2115172352374956,5.2968496737117965,18.24540486804866,25.922708852696918,40.36747377597112
6201170.083530979,0.21155301792359374,5.2977213609987555,18.27061608445332,25.94575926119869,58.08267344254773
6202477.848830018,0.21154677010687964,5.297932494183132,18.280835693864148,25.970742491005534,74.20878637233825
6204439.563560443,0.21154649129477016,5.297482530767272,18.297676883888453,25.998091360904557,88.75374811671968
6206396.767771492,0.21152593755913213,5.296535595627785,18.31803173068663,26.021204099673557,101.89404912452211
6207831.463135099,0.21148934347436002,5.294426010439229,18.31861122627215,26.052209134962883,113.85675701578297
6208708.82559596,0.21146059540097428,5.292796484622526,18.321306302153182,26.068184127867752,124.85930012373277
6208185.206738619,0.2114851207842734,5.292174771004123,18.30681421030711,26.072301783753765,135.1143487881209
6207590.154985789,0.21151563133535495,5.2915384279253805,18.2925443467793,26.075024952693692,144.76584405897557
6206854.446932895,0.21156846421160888,5.291564272432955,18.28126099101769,26.074947527344527,153.96131473866035
6205965.177154854,0.21163804574081913,5.291147828661823,-341.7312798224021,26.075194289495144,162.83186488397794
6205343.412043134,0.21169078295279756,5.290752455350856,-341.7385024317876,26.074773971062776,171.48807781120624
6204533.3744654935,0.21176526423414474,5.289875934844029,18.25479430980321,26.072387182133443,-179.95683246563328
6203880.32413516,0.2118322698126158,5.287700549460785,18.255633469387984,26.062566131718842,-171.40174072957905
6203476.119497644,0.21188157865177412,5.286198698671686,18.25912921630591,26.05269543280886,-162.7462234753674
6203189.1197932605,0.21192915740916335,5.284237958170877,18.270329258867115,26.034868756752083,-153.8800534264014
6203220.85139505,0.21196625884869474,5.2829686339054245,18.275272363352663,26.01902023334728,-144.68254999961533
6203555.130413711,0.21200611833280997,5.281107717868388,18.292108458942334,25.98617114845633,-135.02216324804235
6203597.24697822,0.212079701797215,5.279894082124079,18.317516977858908,25.9529276400109,-124.76225976982606
6204050.016457491,0.21215854357881572,5.279247080250427,18.341443870025653,25.91667863698306,-113.71670068682297
6205314.547714364,0.21225141762264288,5.2792908303777635,18.366629666956598,25.867639573256568,-101.67928237381705
6207371.733631736,0.21239978498971923,5.280088687746007,18.3740948931751,25.83065067719896,-88.43633715221642
6209577.410656627,0.2126148389233518,5.281530479171479,18.391321114070823,25.800047384490288,-73.79132913525653
6211864.272751495,0.21285252927021042,5.28324581200432,18.416319593519376,25.779696238231573,-57.578569932677176
6214173.007410899,0.21309838806506468,5.284978359237695,18.455713968538127,25.76853832314524,-39.77644440610936
6216518.755598996,0.21332075019190871,5.286881336260367,18.508312653420845,25.76401706668224,-20.60955510682938
6217520.394321648,0.21341551066225203,5.289406380213441,18.575444699861663,25.767572529207435,-0.6353538679989773
6215964.7444364745,0.21329626343078328,5.288880049721932,18.63355329984759,25.764324756791442,19.381348307584275
6217309.712313553,0.21332990142019395,5.289678849803756,18.668173034662935,25.773762763321912,38.624243613385794
6219265.085594516,0.2133643079381062,5.290260757798536,18.703437370130498,25.788296977496156,56.50198994840203
6221083.277862303,0.21337775467377304,5.290563694662692,18.716985906908814,25.818016266452027,72.7776882083677
6223089.083252402,0.21338033318716368,5.290129150351902,18.732459885747797,25.847178462382033,87.45684570262041
6224764.386444816,0.2133485475263775,5.289033944334217,18.74312161830411,25.875021993944983,100.70818907629535
6226316.644100696,0.21331440648434588,5.287814044586707,18.758478550330413,25.893414618258404,112.74699634947052
6226958.843352839,0.2132810076349972,5.286212748566807,18.755728450662062,25.909488098370584,123.8086405238004
6226045.020549869,0.21331314405985913,5.28528117328861,18.730491058760634,25.915827803328494,134.104887837999
6225355.053485576,0.21333236409438308,5.2849102018247125,18.71311826459016,25.917455587183206,143.77533539226445
6224529.125255626,0.21338627868268062,5.28474856732641,18.69874857184632,25.91784059140213,152.9727696882444
6223764.6390416995,0.21343939172400064,5.285243849700782,-341.3139051407118,25.91746396536047,161.82965661276876
6222730.312181925,0.213524342130143,5.285155946004679,-341.327945105222,25.91737195089865,170.46509939729856
6222060.041111518,0.21358586006515917,5.284447691001024,-341.33262722855216,25.915529621605295,178.97784408321507
6221252.676101007,0.21366623553437744,5.283633822517173,18.663294183470686,25.911967931441698,-172.5208902693174
6220313.991251206,0.21376493684939224,5.2817539051528,18.671525163666264,25.899965269751387,-163.9342284242256
6219547.933868449,0.2138545599288315,5.280618610663588,18.678993066963418,25.889925648924468,-155.15351082262774
6219047.924139101,0.21392368976434534,5.278282089498762,18.70562600959239,25.861665155803834,-146.06388483117672
6219215.124707334,0.2139685857870585,5.276869692416955,18.716973881550725,25.83766522426169,-136.52492547095133
6219836.224346999,0.2140023305554112,5.274915754621876,18.74891063882284,25.787083591891204,-126.39464647188015
6220243.181557044,0.21408310118697388,5.27378010932767,18.793642269934107,25.73024938175073,-115.51514336996176
6221144.501794819,0.21416040938393952,5.273714919156507,18.82248354842089,25.6841853304325,-103.67825376600057
6223125.2058483455,0.21429124677044306,5.274550758767159,18.8366894025618,25.639660109406776,-90.65681131938479
6225001.058587978,0.21446013420634216,5.275999645357897,18.8551702278466,25.60622747790723,-76.25529108719225
6227666.160723038,0.21469592946505747,5.277971570904881,18.87288176587442,25.581008119057884,-60.281754040820516
6230076.726267334,0.2149405897839481,5.278674678033826,18.898750816795825,25.575985356636362,-42.697328741009834
6232447.222016389,0.21517420874213228,5.280597157947198,18.952329540703953,25.57043620019478,-23.682306042911332
6233668.265702037,0.21529064562826347,5.2827835544877235,19.017777303623152,25.572374190268338,-3.738390265279756
6232303.248589391,0.2151916599678719,5.283751601411385,19.06576488980251,25.57715112062143,16.38022203271966
6233579.483306324,0.21522142116586426,5.284661570394184,19.103156245796466,25.58700656453652,35.8243908219169
6235186.286472971,0.2152385190143484,5.285554436801886,19.130619844480904,25.607078378449494,53.95952543428835
6237018.06643888,0.2152479198159434,5.2858840224515244,19.151470010324925,25.63166709554519,70.48924918456704
6238746.111197323,0.21524377636538247,5.2854796352612885,19.157642950638603,25.665360761275085,85.40062161589915
6240437.470747262,0.21523129389873544,5.284435257376645,19.165880085160648,25.694032328063923,98.84045161679043
6241397.51814466,0.2151998679538107,5.282423015817943,19.15527963027569,25.72604387764244,111.03709151680344
6241658.016135277,0.21517878360756482,5.281233654413304,19.148200819147366,25.738513191934572,122.21457328224231
6240996.24805744,0.2151962639291807,5.280626922234484,19.129957546781537,25.742820840541228,132.5816805290267
6240183.174098454,0.2152358538222116,5.280658113447998,19.114410780862702,25.7426511641276,142.30067131658186
6239394.978749892,0.21528865425917737,5.280833205543282,19.10204346595688,25.742162456241257,151.52205014322726
6238667.590159558,0.21534495967362946,5.28110457861611,19.092371066334252,25.741895639206547,160.38024760194696
6238143.875791043,0.21538971028638945,5.280621612511231,-340.9129848972039,25.741535793381637,168.992888039885
6237286.420889324,0.2154701950373795,5.279910250111251,-340.9158148360577,25.739835866867,177.47126378724582
6236455.1950290445,0.2155510764807132,5.279404905696571,19.081453807415667,25.737741518748344,-174.08073818165153
6235691.45811763,0.21563015620960035,5.277755992084852,19.088410982820054,25.72769286970255,-165.56394798090525
6235118.59541315,0.2156965016751754,5.276696220594733,19.095007129869003,25.71872582139709,-156.8728626989609
6234975.680676825,0.21573742345127445,5.2744879095605315,19.11344349320506,25.693237462595576,-147.88982825994057
6234827.504594894,0.21578909227602017,5.272428834150354,19.140935358895863,25.660150465732105,-138.49596572673445
6234412.6330777705,0.21587158056219435,5.27093054327874,19.17778785726908,25.624226897850054,-128.55364737120425
6234962.8175643515,0.2159237719161338,5.269930158774908,19.20635718260002,25.58084523165339,-117.87478189004926
6235724.37750403,0.21600826160813602,5.269698649262315,19.240199269653505,25.531924053060287,-106.28248276259124
6237000.930430861,0.21612342911599147,5.270404197935696,19.26936917352868,25.484573455539156,-93.55680007257132
6238864.524808791,0.21628709424947481,5.272104865970911,19.296602667424853,25.440124724043812,-79.47336997286607
6241062.372034319,0.21649294317770904,5.274132335780995,19.31946137689698,25.411311822959156,-63.84069697677642
6242897.426031804,0.21670973735395535,5.2757696166574,19.355508031597473,25.398262300196834,-46.57820099379508
6245106.712275591,0.21693646557882043,5.277173830631232,19.40306247563517,25.393156490914194,-27.796317212000474
6246830.836262515,0.2170983596799723,5.279100369165417,19.470657757131494,25.393476580568493,-7.943769648485042
6246683.440881366,0.21708284237645256,5.28101449199363,19.53278649226087,25.401507869898957,12.249323527462005
6245092.371544881,0.21694825219842365,5.280709070680903,19.56944810083428,25.398382594335118,31.956074448480532
6246811.347318416,0.21698095519440944,5.281807979895458,19.59475080112525,25.419873740147214,50.42907934505355
6248651.562705111,0.21699962196655503,5.282263141550513,19.61394725112737,25.44489616386963,67.31487140098926
6250447.287448294,0.21700086312058606,5.282054711253548,19.628608066599764,25.471174829179954,82.55056313348176
6252327.50992924,0.21698381404317393,5.2810655199752725,19.639607722337438,25.501791495219948,96.26081478142912
6253768.44941693,0.21696403503955644,5.279767303710372,19.648035124955143,25.524039243783985,108.6690786207064
6254158.503614357,0.21695019832935916,5.278711346179275,19.64450354967778,25.53581977400758,120.01432736086291
6253202.049643841,0.21698483003598112,5.277708474602455,19.617603110008506,25.54341920511628,130.5134505370936
6252713.345014958,0.21700092725473957,5.277597300137463,19.60679606730614,25.543955856332474,140.3161913007692
6251794.972738536,0.21706845931751392,5.277660548061271,19.593377667848237,25.54374913708256,149.59555223969386
6251160.466644634,0.21712095808470003,5.278560782772181,19.5870086728407,25.54264979526302,158.4805145363139
6250455.7890898455,0.21718132865016856,5.278388471308224,-340.4202840061881,25.542559915144754,167.0988709251349
6249742.11490823,0.217245104387077,5.27814099395286,-340.42692037661345,25.542030454428676,175.56039814599757
6249087.746978926,0.21730793246664906,5.276983044111332,19.570746714132742,25.53760224097469,-176.0320401388925
6248317.119291797,0.2173844808272075,5.275791937393171,19.576593429014327,25.530774805115072,-167.58309442764505
6247612.168481652,0.21745321297217224,5.274637702496,19.588686012220247,25.521548144195606,-158.98799293186133
6246715.772524266,0.21755527884656406,5.272317693408693,19.615226543394083,25.49628501180001,-150.13184792351487
6246272.040727938,0.21760716727360419,5.269929912553958,19.65352577548622,25.46039902322815,-140.89610761719482
6246131.017147144,0.21766043244729805,5.268178322995198,19.68862661188855,25.421963569676624,-131.13570673270405
6246144.872238629,0.21772901022358088,5.266688650147994,19.739485972031115,25.366377242816153,-120.69494681144381
6246401.236914525,0.21781083099816195,5.26630680075325,19.778052610157317,25.32209199214923,-109.38767591519502
6247971.663238393,0.2179039572622276,5.266759947687013,19.794586268658524,25.278723620661456,-96.98031218173949
6249521.292193053,0.21806396636236405,5.268145997263079,19.8239296016558,25.236175384454416,-83.2768085395455
6251385.509589609,0.21826196238701703,5.270422220983357,19.857685733945928,25.19940044751736,-68.05604793540732
6253260.898358889,0.21848090831092618,5.272929012248761,19.89809386829419,25.17648297679414,-51.18990835150777
6255302.531033162,0.21870448068300904,5.275227422788471,19.946944201058663,25.166126185624147,-32.72917337309453
6256806.650587773,0.21886604865720838,5.277625182484796,20.012817751132985,25.16453656614144,-13.036717803932508
6257279.787650924,0.21890321875263608,5.279628298772504,20.070486728874464,25.171007592244532,7.217569644677184
6255775.011671858,0.21877727564115992,5.279781581217729,20.110970581402377,25.172102174671164,27.178560398223965
6257307.648895914,0.21880394020911215,5.280320918504451,20.148914419236736,25.181047996444125,46.04541738613718
6259317.034192972,0.21883250111556732,5.2806504222607105,20.182742543701085,25.194677149152742,63.363167020495084
6261265.349486515,0.21883529248188469,5.280579591982233,20.20279282593719,25.21973949287226,79.00545483384491
6263230.019475428,0.21882354825999756,5.279813860327593,20.218002828083954,25.24769309866213,93.06803569819589
6264700.52790666,0.21880429726188858,5.278449050998029,20.223529018505854,25.27348172425449,105.76393916187276
6265333.92470238,0.2187937940327597,5.276759210933193,20.216376852660183,25.293894105968324,117.33018567493724
6264901.029446173,0.21881954010133983,5.2767413163120604,20.208026829214596,25.29400067441189,127.98956788368528
6264039.61482477,0.21885964964209906,5.2756988378997995,20.18585738948103,25.299692307740713,137.92310006299616
6263168.723119529,0.218918414648729,5.276275846664928,20.173849401716062,25.29773683059137,147.28741084461288
6262367.6437984,0.2189765710814762,5.2765200564766985,20.162411614718025,25.297348077459606,156.22689028672852
6261294.359818645,0.21905934903671867,5.274939418678932,-339.85261839643584,25.297116080396304,164.87258202253824
6260445.591721136,0.21913442694011726,5.275176663271173,-339.86135043406557,25.297526363904648,173.3264660633698
6259994.043088235,0.2191758876929631,5.274742591626968,20.13201020040042,25.29601366853722,-178.30039432352063
6259520.477273764,0.21922671265377444,5.274371442820766,20.12637139260614,25.29403204781302,-169.90765076305274
6259126.736372251,0.21926733235541826,5.273177028104513,20.135158702062927,25.28510299244742,-161.40071835476402
6258259.145070843,0.21935077448645499,5.270814103808257,20.164871997410895,25.261039236849616,-152.67107334438217
6257611.588516114,0.21943615065659705,5.268717621092381,20.194559214091075,25.23180152143939,-143.59051954917263
6257377.068278158,0.2194983862993824,5.266541141058091,20.234850728200353,25.188397223176835,-134.0278125095085
6257540.938973283,0.2195374156190705,5.26526535405256,20.268907979021538,25.147416846920056,-123.82874652113267
6258093.695012238,0.21960305028987262,5.264556570329427,20.310061127237805,25.093259266940546,-112.81154308389206
6258881.656269418,0.21968564549608952,5.264846968753524,20.350042271640916,25.04041522651822,-100.77487730567384
6260433.404945651,0.21983870017529913,5.266206456682553,20.38493552066193,24.989081110683404,-87.4849443691784
6262426.942363147,0.22003085511236328,5.26826776128683,20.41341039506736,24.950372633499484,-72.72133879370574
6264240.510659605,0.2202390357492729,5.270793645483316,20.45125223397361,24.92349858543725,-56.3240293885116
6266524.916320248,0.2204774540601691,5.2714042046623755,20.483635926091207,24.91999904219009,-38.26906706613514
6268062.83601341,0.2206511549396806,5.273775940626768,20.544111209558743,24.916096871761454,-18.826863991757453
6268389.935214952,0.22069769246973744,5.276112408547945,20.609148327954596,24.92117603301902,1.4036405451952711
6267043.704556495,0.2205907127356947,5.275263856300594,20.66253051534497,24.915156170359698,21.593949951115466
6268805.933552282,0.2206424793410971,5.275987548066226,20.699044605016507,24.925157638191802,40.87905537932564
6270222.465695865,0.2206537155215658,5.276753397768703,20.71432214218172,24.94904457740056,58.699602975592214
6272217.0623693615,0.2206720027190692,5.276835913700433,20.733979366754383,24.973269131756858,74.82745932147641
6273945.430586368,0.22066635971189266,5.27612130905322,20.738631823612575,25.006567196844475,89.32202577505707
6275245.27779955,0.22064525376433222,5.274988130523379,20.74258915758112,25.030871214654724,102.37393952521505
6275639.131060714,0.22063644634079912,5.273095497688926,20.725753941292037,25.05606740337117,114.2253729715199
6274847.424544677,0.22065577482647558,5.272463149629023,20.7040441187286,25.061696511627794,125.10810989618206
6273946.713945642,0.2207056036015382,5.271703958058527,20.683018911054685,25.06625988148855,135.20174843373397
6273310.528597314,0.22073956800056774,5.271070586339874,20.669035563238793,25.068656737887224,144.6769714552008
6272472.983865717,0.22078930547674416,5.27036066523884,20.652721415762574,25.070019330261527,153.69270855072836
6271670.050557999,0.22085330924440322,5.270895026883505,-339.35729282092126,25.06987690880273,162.3711591489044
6271014.352879029,0.2209093002082586,5.270027977914466,-339.3634430451745,25.06866399471931,170.82989322609603
6269802.009420313,0.22102643337174818,5.2699103965657805,-339.36424237139147,25.06829555469652,179.17120214598663
6269416.884431133,0.2210653707618044,5.269421129456654,20.63337277201684,25.06591680041835,-172.4942487898312
6268574.794341626,0.22115035129398242,5.267940398427441,20.64335877313367,25.055696232611588,-164.07406848788855
6268022.488419302,0.22121414928656646,5.266131365252041,20.659015532882023,25.038638108337587,-155.45804859564447
6267472.41005536,0.22129291692155145,5.263838972261686,20.686002136693197,25.009231214356348,-146.5328837817917
6267241.749988511,0.22134950373535414,5.261605549812686,20.72283041481914,24.969010055820473,-137.17113236256301
6267194.5969888475,0.22140024222416993,5.2600726800235424,20.761298660622987,24.926599357997866,-127.22621936598856
6267576.125755414,0.22145702383240018,5.259184472064609,20.80004325383327,24.877532446870354,-116.52062035881974
6268534.874109691,0.22154809334313302,5.259187287009189,20.84361752240825,24.81633253905408,-104.85324269872174
6269766.712224597,0.22166246115690852,5.260313109836539,20.8842329930744,24.760008366712803,-92.00653070148208
6271482.546043141,0.22183889327180362,5.262643554278085,20.92650212261189,24.70757011007388,-77.74647753653919
6273297.941765308,0.222040756118825,5.264653487312866,20.956390435880714,24.682275019314204,-61.87646484148313
6275823.193684902,0.22229009800975247,5.265097101006397,20.97770753887868,24.679121640417844,-44.307394209253815
6278183.043476768,0.22251517776955013,5.266697962516909,21.02275494693498,24.674620873814657,-25.204478953602514
6279805.32690762,0.22266139304973132,5.2695901939809975,21.087919198757735,24.677610648326937,-5.0796309505082045
6279659.277797047,0.22263856223724887,5.270347446276406,21.14722309623284,24.681462202961765,15.278963264026968
6278496.150483279,0.22252362620020272,5.270104542700071,21.185878286728002,24.67854845026534,34.99515052965198
6279881.296306139,0.2225345268155304,5.270463915245054,21.219120865511314,24.687193692989293,53.35435449133582
6281820.342554431,0.2225520781072176,5.270679429799532,21.243550379478844,24.7072751503704,70.03644248783093
6283759.657618601,0.2225509285688481,5.270207195321774,21.25420733965162,24.73928645277919,85.02822429336133
6285415.607627848,0.22253930226799426,5.269243207558093,21.264751683565763,24.763605290519237,98.4958283951545
6286308.012443963,0.22251694121059798,5.267911310656482,21.26381382234935,24.783482949987434,110.67639272395759
6286033.406165265,0.2225233929876846,5.267333023020257,21.25263325407485,24.78917877752415,121.81325403066548
6285290.510008475,0.22256011334447162,5.266756163254322,21.234817478786876,24.793027807425517,132.10437411921708
6284608.593039265,0.22260881730704768,5.266616791856401,21.22351315331958,24.79361252656892,141.72365181318733
6284007.24904874,0.22265208653509094,5.265689075783299,21.212450459732153,24.79582799887655,150.8312177357101
6283124.242209928,0.2227197198033393,5.26532201622967,-338.79969457702185,24.796063851823643,159.56838187961148
6281968.367537022,0.22281976868527256,5.265599464864951,-338.81141709705776,24.79631912801433,168.05118327261815
6281025.139015356,0.22290681395795353,5.266761441857537,-338.8211248518156,24.79932813816836,176.38350935611734
6280344.50358149,0.222972531910658,5.266022813010758,21.1812602602782,24.79611480156999,-175.33399056506087
6279636.272026563,0.22304447924562412,5.264504350815556,21.18878589528862,24.786546979543477,-166.99446005516276
6279405.808394149,0.2230818735141386,5.263065026713456,21.194631081521962,24.774088127108048,-158.49210087758055
6279194.117782207,0.2231107869842437,5.260164037567235,21.227453807887002,24.740073474484838,-149.7272781417901
6278794.51729027,0.22316307578528363,5.257884155295777,21.265573126333337,24.703115826948345,-140.57511889184522
6279014.617499558,0.22320460962625285,5.256628351796596,21.28525917072845,24.67303675866304,-130.88216018048126
6279215.616969734,0.22327789507633913,5.255467116087992,21.32581774361755,24.62386832873588,-120.49897662597095
6279651.642955465,0.2233577992493768,5.255110591523325,21.37854265135759,24.562202767337954,-109.23261368156975
6280294.365878837,0.22346952380193824,5.255867793236092,21.429276032489078,24.505057678319613,-96.86603705988252
6281439.642745953,0.22363667438860005,5.2575751658675225,21.47391343117321,24.45721936514553,-83.16014700244682
6283334.895066306,0.22383206816920173,5.2602925256878486,21.511826237166087,24.416062984991076,-67.88281104874137
6285350.475771382,0.22404366685222354,5.262454015492003,21.542817423486774,24.397529000445115,-50.90188965289521
6287372.907200558,0.22426165793418107,5.2634063350415135,21.58427014569462,24.3935562735025,-32.27740958642265
6288599.566894893,0.22440165647238153,5.266820155170145,21.647449612310282,24.392789147528877,-12.387035763839915
6288358.204661615,0.2243932024091516,5.2695881791717225,21.703947665194605,24.40322016021715,8.053934906294876
6286823.8723619245,0.22426649626797213,5.2695580030216655,21.742914439935618,24.402763129100155,28.15779918056175
6288877.076369772,0.22432283128087255,5.27059637139251,21.771832214023625,24.421982760893112,47.09017420149411
6290870.0893582795,0.2243509502771137,5.270925083271147,21.80032819561839,24.4387825921717,64.40615446690884
