Episode: 249
11875.647590263108,0.15297099312437376,0.1285234776914411,0.04100631866051711,0.014894489717102452,1.237486941637952,3194.00117408849,9169.870369453212,658.151920270755
11876.96194889686,0.15284478147824915,0.1286732708736955,0.0410070798427855,0.014899186715355839,1.5807238480361057,-88.04825536513695,10081.96131818216,831.0692758043575
11878.317649962717,0.15272051668518286,0.12878939185981003,0.04100594097940447,0.014905457628830396,1.8948470763237963,-3368.938485187809,10032.971470441385,925.0149254060657
11879.969763519062,0.15258926013790616,0.12890044466311215,0.04100173942341796,0.014913572078849599,2.1784314619451055,-6378.324145143125,9153.67049994846,942.6744537829062
11881.27424494684,0.15247231406863165,0.12896767792452404,0.04099177094480301,0.014924417306529355,2.4339260908924265,-8941.735103786039,7624.247403525644,893.6638777727223
11882.982264813068,0.15233565139776328,0.1290460406085737,0.04098074525481533,0.014931721604190849,2.6654531787802753,-10965.425837796356,5628.719775928307,790.307096928695
11884.652813843255,0.1521885359465533,0.12909836325100255,0.04102618162953587,0.01491416135601504,2.8774475115167997,-12412.099931710825,3333.1794892678527,644.9563924237083
11885.875550866214,0.1520168374990312,0.12901604509382356,0.04107403624019914,0.014906204041971462,3.074046179125382,-13279.860531773642,879.5814287676701,469.056095809494
11887.057830900138,0.15186464718329193,0.12887830859828087,0.041122406734333004,0.014907446321634422,3.258894330729561,-13587.918104826069,-1612.9420098885453,272.98850942869774
11885.496759491516,0.15201620031912597,0.12891814950961694,0.04116961839556184,0.014917309900908641,3.4351400327497834,-13368.19239646032,-4043.9536153750705,65.98540789591307
11884.023123897025,0.15215155213242462,0.12897956587517437,0.04121416443029776,0.014935051282790093,3.605538056328321,-12660.011951886647,-6327.722720258294,-143.70390433100155
11882.55607998234,0.15226803357372426,0.12907501440458066,0.04124946988657445,0.014956572473101852,3.7725861068365196,-11507.417236581381,-8389.561711457864,-348.57799517245724
11880.997410731126,0.15237038378140078,0.12919660079297737,0.041278222989765495,0.014981470540592741,3.9386227167020564,-9958.721448006905,-10162.473494984966,-541.6295539668856
11879.413468151011,0.15244911874013123,0.12933530857270056,0.04130619777210694,0.015015316788324509,4.10594011279152,-8066.999124310343,-11584.763190736398,-716.1713450006812
11878.003593972344,0.15249515866030916,0.12946695522968343,0.041328211261462126,0.015053594888888817,4.276895202912987,-5891.558923523535,-12598.417468587899,-865.6365227202381
11876.372458566708,0.15252975196099092,0.12962159104546656,0.04134195880650394,0.015091457712250084,4.45402018396411,-3500.3571885447536,-13148.285480635577,-983.4055361323661
11874.733331490337,0.1525448532318829,0.1297783573442597,0.04134862684352645,0.015130983726955021,4.640139664814212,-973.3400193354062,-13182.387216902061,-1062.7523466897628
11873.34452866118,0.15257465841357007,0.12992459558459074,0.04134789975945904,0.01516082293746561,4.838487008148755,1593.2555321533775,-12653.838382998498,-1096.856765100693
11873.79426219337,0.15271606027656853,0.12997917250914204,0.04134002083003117,0.015194445245396197,5.052805268445315,4081.730910055595,-11525.3097871279,-1079.0455734891339
11876.40856108408,0.15295365938771346,0.12992992350091395,0.0413283529764368,0.015218370528383512,5.287350712538539,6347.588027146789,-9777.891471012568,-1003.3543310034635
11879.118689972267,0.15320907154408137,0.12996915460224964,0.041329007515266726,0.015217633196255449,5.546645365708841,8216.085639823219,-7426.226728664627,-865.5748393919235
11882.33183179586,0.15348079940484294,0.13008879841967863,0.04132940259684801,0.015217366041283839,5.834769138658368,9486.193550373744,-4541.209475472383,-665.3713211655441
11885.462783264653,0.15369963213489474,0.13032170365262827,0.04131988472537026,0.015220176562310866,6.153853740463101,9951.071250499896,-1278.108422388739,-409.330394362157
11888.68407624482,0.1538437320396656,0.1306422672160669,0.04131057142509888,0.015219643717630033,6.501736238091132,9445.041285850803,2102.822417514279,-113.98365841736103
11891.478657045629,0.1538493720274709,0.13102144868535556,0.041298010101816954,0.015214080322663998,6.8697918519725505,7914.527000499921,5250.47293858922,193.2179318625723
11889.262476361646,0.15360774771070823,0.13106335578810466,0.041269108241140516,0.015185559368358276,7.243233007656068,5478.173681785184,7795.49097560497,477.97193206718975
11891.068045039285,0.15351628226608188,0.1312679980299103,0.04126989971023439,0.015187048225563821,7.6053998533856655,2419.5100562509065,9460.289567991731,708.7305509127827
11892.621222424707,0.15339885911300075,0.13142200029908457,0.041270471920216885,0.015194653189467196,7.943453850103172,-899.2110350495079,10134.208376783672,865.4874888827699
11894.085159004833,0.15327898028520023,0.1315380085406754,0.04126951668920253,0.015198166395554413,8.251229050260418,-4141.891793484155,9867.415867672165,942.1675892918643
11895.80317037497,0.15315257615475963,0.13164888781387282,0.04126478668818939,0.015205914300774358,8.528399241344111,-7060.040274951195,8809.91182457459,943.6119469448793
11897.554403964417,0.15301973569867486,0.13174313768149143,0.04125418497275079,0.015216068306269691,8.778024240395869,-9500.78546449757,7147.782061463465,880.5836002841348
11899.31044572705,0.15287905102204732,0.13182011534143248,0.04124374973781015,0.015222136450033208,9.004458474105379,-11387.059382059197,5063.138130296305,765.7964482208698
11901.050729659328,0.1527308902017697,0.13187738218154907,0.041289955176047666,0.015207072376149901,9.212160214468453,-12692.932713636732,2716.9137647428624,611.5912993735922
11902.00991772012,0.1525809938573852,0.1317681643780927,0.041334901651901096,0.015201876062675165,9.40520195598506,-13423.720515210627,245.2017638537899,429.2348271343358
11903.308311124078,0.152431722854623,0.13165498591351482,0.04137996125595041,0.015205131591644524,9.587141732616308,-13603.101674533431,-2238.3068723439196,228.8766197929144
11901.943952026404,0.1525628197928708,0.1316949156668024,0.04142672357108246,0.015217062503180273,9.761045867959512,-13265.700521930587,-4637.848651254639,19.50623282329534
11900.479372768405,0.15269219897432695,0.13177080682990025,0.041467410829230736,0.015235268915961659,9.929602040054887,-12452.460623444056,-6871.497224875951,-190.8256510544686
11898.93534673569,0.15281075818234738,0.13187563982586922,0.041506905708300505,0.015261576216094622,10.095258555426172,-11208.515774696414,-8867.600148911617,-394.7861495917275
11897.488350282198,0.152902534408442,0.13199047947506373,0.04154095065297898,0.015293463416631401,10.260326686339972,-9583.000888313347,-10561.606268202195,-585.511115398196
11895.895000673547,0.1529759265253179,0.13213267024993647,0.04156706068479354,0.015327630124304591,10.427090872378617,-7629.818356903322,-11893.819122829284,-756.3727107904247
11894.405575229312,0.15301798336836045,0.1322733145844905,0.0415866826395701,0.015364948012630109,10.59792012480695,-5409.293020875156,-12807.91041623509,-900.8205927334761
11892.861645820334,0.1530528636117492,0.13241991887286125,0.04159940065221661,0.015404605169343456,10.775382348215105,-2990.7055002489974,-13250.26505119367,-1012.2568255304454
11891.207017347173,0.1530551620085417,0.1325767237963895,0.041604027452798314,0.015440366898794909,10.962361548498492,-455.8255847834356,-13170.539594118529,-1083.953382571021
11890.176647242373,0.15311768887545946,0.1327066168931396,0.041601929898305905,0.015473046302798513,11.162177439184527,2096.6311486754485,-12523.842275059924,-1109.099635278744
11892.019345241375,0.1533133002643491,0.13266344962097432,0.04159279064594253,0.015505857774135922,11.378687170286847,4545.7867511506765,-11275.748155372516,-1081.0824665664124
11894.788479007155,0.15356461341754254,0.13262383597587973,0.041584080827412266,0.01552190275598181,11.616256583870756,6743.190168436258,-9412.077041353705,-994.0779267826931
11897.683607893578,0.1538262132612853,0.13266519758951334,0.04158108634985493,0.015525156296881858,11.879464492885663,8510.030374158,-6955.127470256076,-844.3059123162375
11900.887046704165,0.15409000895900762,0.1328059418788241,0.04157199335277471,0.015530649680627421,12.172294472578246,9642.976721139885,-3987.6148431306974,-632.3148831551606
11904.164080813356,0.15430609886103488,0.13304004526453442,0.041561793215015644,0.015533020857181947,12.496459962692605,9938.21882616619,-681.104832589365,-366.07767856784056
11907.08159455286,0.15440763131131338,0.13337878135091016,0.041552553505038975,0.015531895509853259,12.848920520185288,9243.328266261284,2686.444357014786,-64.00151749634355
11909.801336977918,0.15438772359965763,0.1337583894647109,0.04154109811315869,0.015525883298511966,13.219862889231507,7530.513942422841,5753.266324303956,244.6393765502076
11907.325615843898,0.1541270875705978,0.13378229289809535,0.04151480884494942,0.015496211587407459,13.59359089370561,4950.253619320704,8156.453938604991,524.8374743593814
11909.160434890415,0.15402571937194082,0.13398480751786265,0.041511029664102535,0.015485972048565087,13.953426299222913,1809.357832226642,9643.144544355213,746.0188095251169
11910.803028343431,0.15390143131617898,0.13413984021131786,0.041511058971108135,0.01548983551903915,14.287349797554503,-1525.3224152104551,10134.14114123722,890.3597155687753
11912.106787974439,0.15377974961571528,0.13423921239937736,0.04150652613332692,0.015503972895934005,14.590235477559741,-4728.952924498779,9704.244980113786,954.0871420543766
11913.628665178449,0.15365378992396958,0.13433102651897322,0.041501978534463024,0.015510587831144146,14.862530591576762,-7570.514612395645,8516.139710413518,943.5717829482429
11915.168863475203,0.15353245303622026,0.1344090601753056,0.04149326642610195,0.015518140289869139,15.107706365249198,-9913.390510739704,6758.988230339881,870.287711184881
11916.542418697365,0.1534195909454411,0.13446527679028678,0.041478274837556256,0.01552601338734757,15.330263515743555,-11692.721523955863,4612.673509278577,747.1998166479822
11918.273811999024,0.15327182310968723,0.13451989777579457,0.04152296264803396,0.015513440433756092,15.534667731213109,-12890.787804480773,2233.7852686178326,586.6203072682878
11919.528725839085,0.15310680122762924,0.13442747072381941,0.04157143614514248,0.015509692545371509,15.724943511300296,-13518.108997954861,-246.2814459735562,399.63365460561164
11920.771329927438,0.152988682633392,0.1344328866926246,0.04161874249327287,0.015514798030105503,15.90457880081505,-13601.68455725903,-2718.0763123283546,196.19600241180967
11919.621323290045,0.1530984499424794,0.13446632414970133,0.04166517579029845,0.015528304392028095,16.0765731591503,-13177.987490321526,-5089.483597866583,-14.874263657242095
11918.214856435981,0.15322296785299205,0.13453518706488685,0.04170837651914659,0.015549295093527062,16.243567098057905,-12288.899693674182,-7281.591589850769,-225.68644012546025
11916.911726402257,0.15331721815280652,0.13463135139132662,0.04174639991148308,0.015576309628422986,16.40797392822974,-10980.266811811794,-9225.212095921113,-429.0264975774143
11915.358962646495,0.15341070519721042,0.134758433643092,0.04177805862079498,0.015607734118021346,16.57208202188233,-9301.750434212556,-10857.815020654863,-618.1077906947697
11913.93247092045,0.1534700206180555,0.13488878372573698,0.04180253431871207,0.015641705491333854,16.73816719880264,-7307.713133580268,-12121.38593666616,-786.365640565794
11912.310995320726,0.15351271157076513,0.13504234829461848,0.04182186171079721,0.015681070083970093,16.908604701563,-5059.016241795131,-12961.057336087992,-927.2994476698425
11910.706869263782,0.1535346641752332,0.13519550070042555,0.04183355686675064,0.015721298339374933,17.085982890499782,-2625.674848340777,-13324.574210434617,-1034.336413230871
11909.448185099776,0.15355000943042554,0.13531847302638536,0.04183732171249366,0.01575839177202637,17.273227506628245,-90.42036484210556,-13162.967028780422,-1100.7568834948709
11910.797535110813,0.15369686037421176,0.1352600074491583,0.04183393666274617,0.015795026689767656,17.47372992802118,2446.797852562432,-12432.886858356995,-1119.7667195077809
11913.137974681147,0.15391207138471355,0.13518588705547582,0.041823945533295805,0.01582726548466994,17.691426114294043,4863.266409533677,-11102.136722388947,-1084.7840315083465
11915.864358170365,0.15415296535817619,0.13514770601411913,0.04181666434941532,0.015839772311362223,17.930749530772044,7008.194583088862,-9159.994028935555,-990.0768947606576
11918.925981972288,0.15442543286064067,0.1351996187828076,0.041813157230689076,0.015843338929155373,18.196324501626197,8700.593769755185,-6633.998075437148,-832.133448414241
11922.203606003819,0.1546884433713377,0.1353519972903956,0.04181019156776588,0.01584497944271606,18.492078608887088,9736.259599086738,-3614.774089777806,-612.0340118850061
11925.512854625431,0.15489665703908265,0.13559978104010936,0.04180774012871875,0.01584538153550045,18.819450279480638,9914.236962507446,-284.56762855606814,-338.6609643582094
11928.704738753224,0.15500297282571482,0.13594833366950818,0.041794933462621565,0.015843335227874338,19.174813169480977,9091.842669661191,3067.576543824032,-31.735309108513523
11931.30358618753,0.1549608382047589,0.13632591793503138,0.041780774914894486,0.015835138497096727,19.547559954338162,7259.0312533556835,6074.150993130902,278.2253853029849
11928.993393063602,0.15472033119060907,0.13633842587308842,0.04175670134702094,0.015805364712368496,19.92140105603442,4587.072457424814,8378.222284316054,555.801096690366
11930.790231081908,0.1546098602699232,0.1365361598292644,0.04175791030700171,0.015808862428646632,20.279659155660163,1396.8487904932515,9744.459197818458,771.1888009327861
11932.270574269382,0.15448167459011525,0.1366754337810783,0.04175787077516011,0.015808783261690103,20.61084336488691,-1943.330122699876,10114.512188226965,907.9745272265051
11933.690425368854,0.1543424757776979,0.13677960636794126,0.041754879755103495,0.015816895010105962,20.910490238366528,-5117.132725656924,9578.778991325611,963.717141157818
11935.297104893294,0.15421623902799203,0.13687515948221946,0.041745973819473925,0.015829023716705914,21.179535875953302,-7905.502558110187,8307.533457962963,945.7701121874638
11937.022556145826,0.1540821911585606,0.13696115621672966,0.041736048331835356,0.015837093127256063,21.421704452772893,-10182.603793660179,6491.3793785138905,866.1006245375145
11938.751308504656,0.15394070415204758,0.13703028857274657,0.04172286530355501,0.015843524153759492,21.641590116138993,-11891.57732348219,4308.29371528656,737.7872373431885
11940.428515640217,0.15379489149674336,0.1370780993421775,0.04177012491277119,0.01583159537127248,21.84366270424878,-13020.036825803889,1911.7262534455858,573.1055632545391
11942.095445053472,0.15363977479274546,0.13709983480061608,0.04181386300709593,0.01582930038707333,22.03191211934118,-13582.023328500005,-570.2231045621339,383.06713083508646
11943.609122614014,0.15348876515205923,0.13705730340299732,0.04185983277145076,0.01583532886453025,22.209781310348763,-13606.499456494235,-3031.204642959924,177.51090319079066
11943.873708155961,0.1534613053738774,0.13707273015649712,0.04190616433499048,0.015849879950443947,22.380238001007406,-13130.929442514062,-5381.8725224476975,-34.88999437448486
11943.012315552673,0.15353113784791578,0.1371318981573113,0.04194915428847545,0.015871830908318053,22.545887776345026,-12197.889151896743,-7545.602899674794,-246.35322798551707
11942.018193633889,0.1535987217135044,0.13721075123553694,0.04198754307383009,0.01590019055760314,22.709108495307238,-10853.5258097171,-9455.044151030963,-449.7484793371747
11940.857060723596,0.15365910626699544,0.13731387972829004,0.042012702652337634,0.015926045990755606,22.872164523136547,-9147.598518629806,-11049.300805818544,-638.3404508949369
11939.8354111354,0.15369646848534643,0.13740968473189394,0.04203811205578058,0.015962564344645522,23.03731603553137,-7134.452680244854,-12271.80220493048,-805.6274563027899
11938.88739035069,0.15371147498956136,0.13750187100314717,0.04205293508647804,0.01599397199101076,23.206927598517858,-4874.848206739353,-13068.983298598438,-945.155077545661
11937.89517172063,0.15371095961767392,0.137596808458914,0.04206406707888735,0.01603448383331321,23.383584592042908,-2438.6713605592145,-13389.819804011106,-1050.383475850677
11938.055984167686,0.15380370918336003,0.13760522555841292,0.04206655162186481,0.016062885304462298,23.570214948698094,91.53850703524162,-13186.401509476334,-1114.6136275963574
11939.810214537396,0.15396597151187041,0.13751740229057005,0.04206266733326969,0.016099516967114393,23.770221648268436,2615.976674497651,-12416.543051544511,-1131.072098583307
11942.344895711816,0.15418754202903606,0.1374310370774259,0.04205227439723171,0.016131566466644143,23.987550882610485,5012.066876093134,-11049.445389035316,-1093.2313510835027
11945.135872073624,0.15443774027193308,0.1374017765997645,0.04204962067607738,0.016136033719206046,24.22665459511144,7129.301040348418,-9075.858759213537,-995.3692687816066
11948.177911877001,0.15470114057910903,0.1374442096965709,0.0420451395405906,0.016140467550881533,24.492181797154526,8787.230238007665,-6525.089138880422,-834.0482829368619
11951.514939809418,0.1549651318550009,0.13760169895614155,0.04203446190739957,0.016146234279373624,24.78807036621948,9782.679222973155,-3489.8665371718876,-610.534102299884
11954.909665574802,0.15517304637013796,0.1378684287255508,0.04202720555872266,0.016147500557721746,25.115730418900082,9916.629397572837,-154.7632156251502,-333.943000146749
11958.09345440728,0.15527195528893117,0.13822180264225195,0.04201788176899511,0.0161458361891809,25.47143778610085,9049.882297942544,3189.169513257734,-24.280736524808386
11960.610228325893,0.15522183615420407,0.1385929558721771,0.04199996651531684,0.016135210623690277,25.844412772813712,7177.480944267561,6174.061381565569,287.58257455626125
11959.507862855766,0.15503340263851678,0.13866413360625257,0.04197364094280427,0.016101760024042264,26.21819748592964,4476.022775705109,8445.64657999954,565.9892794142555
11961.321883560759,0.15492715366437268,0.13885811407774076,0.04197347750616964,0.016101027681742982,26.576039931651337,1269.7426101654414,9774.022906400443,781.189936671155
11962.602077541816,0.15479806340005867,0.13898144397568266,0.04197352738703318,0.01609898189860954,26.906492439674228,-2073.049366468172,10106.953907334404,917.0502983793422
11964.077170263934,0.15466966703136217,0.13908804475355405,0.04197085926775963,0.016105926407952206,27.205205806879853,-5238.845563723714,9539.488320576884,971.477276586868
11965.794013837356,0.15454075226598346,0.13919029719342274,0.04196102042080884,0.016119024822911155,27.47322226989139,-8012.478898874339,8244.2134195951,952.1016770644894
11967.123154962468,0.15442553710675236,0.1392496649577519,0.04195400014350464,0.016124588925807228,27.714330760019084,-10271.692782623591,6412.139649714799,871.043092377317
11968.856743482816,0.1542856406934854,0.13931957408012696,0.0419464792845546,0.01612815112523851,27.933158692633487,-11962.426284867954,4220.520402006376,741.4329972790835
11970.57797686518,0.15413374332415192,0.1393644460426656,0.04199328685154738,0.0161167258963191,28.134188796131884,-13074.262402511631,1821.5227086075656,575.5765559449998
11972.300635305184,0.15397719139065838,0.13939468872296634,0.04204195603795478,0.01611450772715134,28.321407433548085,-13622.512952591696,-658.1901481063923,384.47638978780446
11973.729138943923,0.15384211886344695,0.1394026043970872,0.042090199944340365,0.016121120123710808,28.498245268361853,-13636.962984542564,-3113.6884087516014,177.93617438446722
11975.043274446622,0.15371469045197023,0.13939182253149213,0.04213358904872583,0.016134973527926522,28.667659098152225,-13155.407932826714,-5457.072662744557,-35.39985559288075
11975.935166474037,0.15362862071378877,0.1393691601561836,0.04217654063647054,0.016157106405413433,28.832247399689365,-12220.35722593142,-7613.123743393319,-247.8047218354678
11976.346496897195,0.1535800308482624,0.13936744111478705,0.042214915011577064,0.016185612292368395,28.99436962922902,-10877.763890521777,-9515.715638735648,-452.20806238082486
11977.160553096326,0.15350312251530027,0.1393267330237514,0.04224763233828024,0.016219341820551552,29.15626693135916,-9176.982246300717,-11105.10043127482,-641.9538525567083
11977.52528021717,0.1534596903216508,0.13930896931886694,0.04227379939465938,0.016256975484029716,29.320168621775252,-7171.74279664164,-12325.799873988855,-810.597919735939
11978.204387605603,0.15341040182240787,0.1392533275501416,0.04229274691335041,0.016297029833360697,29.488401169097347,-4921.949915563366,-13125.28187126209,-951.7372443809429
11978.592119181778,0.1533825400319723,0.13921710283550115,0.042302447139419094,0.01633198961237704,29.663502334211312,-2496.280552083909,-13453.506522700964,-1058.8713248975089
11979.522890687998,0.15344373774503473,0.1391449137641462,0.042305838190164764,0.01636908683731696,29.848340811756998,24.31565797419826,-13263.457932816564,-1125.3551386265722
11981.645006488758,0.15362132368800585,0.1390277372387413,0.04230323636265901,0.01639518240874856,30.04624034406794,2542.191328519414,-12513.534213007304,-1144.4410505215196
11984.035185087734,0.15382639967181083,0.13894197282454854,0.04229291289769774,0.016427937827290958,30.261066160682446,4937.672576106633,-11172.95974290746,-1109.589748146071
11986.856496491979,0.15407769406146044,0.1389082706724402,0.04228801889472147,0.01643633026260234,30.49719395639838,7063.974155885452,-9231.435318965765,-1015.0592747226858
11989.699531899538,0.15433080622817605,0.1389615030658567,0.04228302461633543,0.016441416284504823,30.759239896021526,8744.86743055026,-6715.244287988524,-857.2019617063257
11993.07128488574,0.1545975680947446,0.13910506481563883,0.04227734734941823,0.01644462047953317,31.051226716922184,9780.863544162105,-3711.1952923390068,-636.794558417275
11996.53441292336,0.15481531903365026,0.13934975923387227,0.04227550184765303,0.01644493334523808,31.37487394619069,9973.786211310015,-394.6146159884003,-362.14673337834984
11999.84169855934,0.1549312023677188,0.1396917129969628,0.04225960613881289,0.01644264866344783,31.727052434788042,9179.169465381634,2954.225523001629,-52.27839966393294
12002.614467227493,0.15489912677985368,0.14007520458946385,0.04224304987017138,0.016433436716895327,32.09772187576178,7379.208891299531,5974.619097988285,262.78063185876834
12003.855102045214,0.15481040093623305,0.14026900060856082,0.042215633081226625,0.016400693060752487,32.47090892153293,4734.052298096118,8310.105035578059,547.4721561048949
12005.480323646307,0.15470055354703968,0.1404536892051148,0.04221573752651312,0.016400775068622805,32.829722279394254,1556.3361212967275,9718.906323876123,771.1130310285541
12007.13461570363,0.15457476870883036,0.14060516343229537,0.042215704585837927,0.01640112868130987,33.16209614490057,-1787.5103792675616,10134.018079628531,916.1429608352047
12008.782729563081,0.15444563307658998,0.14072582790281649,0.042213469914216456,0.01640742440834349,33.463025813375985,-4978.586955473307,9639.711044835245,979.2314632081559
12010.46857250803,0.15431364782986776,0.14082591988241994,0.04220903777896422,0.016413561319183076,33.73310731967982,-7794.033928046879,8403.544938643987,967.2506378545338
12012.206201247749,0.15417763465903017,0.14091157036163693,0.042197509274929164,0.016423184479790878,33.97592026072215,-10105.006024941717,6615.58713512757,892.0644001577399
12013.806386313727,0.15404172049821266,0.1409706770176306,0.042189805032986,0.016427034199694338,34.19602461116183,-11852.844595015968,4454.09164411793,766.8205326905112
12015.57360453022,0.15389258417840704,0.14102560340117237,0.04223548120346462,0.01641491856888359,34.39790693801708,-13024.272836977723,2072.758084526213,603.9126313158134
12017.182052599472,0.15374768628784294,0.1410553999336006,0.04228436778234978,0.016411748682048786,34.585581811107886,-13632.920939761387,-400.39259179649747,414.4721483575514
12018.82289703097,0.1535919386959276,0.14105614631037483,0.04233299868862419,0.01641747829305485,34.76251052231746,-13707.520664664007,-2859.489143853381,208.41401531971164
12020.469641460633,0.15343397378781243,0.14103466699319633,0.042376681783889134,0.016430515544657315,34.93167256151485,-13285.138180423988,-5216.127350022558,-5.532427524036103
12022.092210655734,0.15327863482805057,0.14099412686741894,0.042420208693276035,0.01645188496517222,35.09567550374009,-12407.645759725994,-7394.9777647820865,-219.58925887947552
12023.490322401005,0.15315145605328648,0.1409338023244816,0.04245940313161406,0.01647979050651287,35.25687294454008,-11120.224506657578,-9330.12689637167,-426.6703761904406
12025.014323354857,0.15302264484812125,0.14084597132502533,0.042489650130666835,0.0165096721146666,35.417480224794275,-9471.2290300013,-10962.254936310033,-620.1195531595279
12026.312307516302,0.15292553489613997,0.14075327897419154,0.042516889715419136,0.01654700547201817,35.579682213852934,-7513.032609228151,-12236.514581906213,-793.5324278259975
12027.723980822282,0.152843827878404,0.14063374042216387,0.042537010643272824,0.016586957874652787,35.74573900420119,-5303.635537481131,-13101.11888213442,-940.5831767963765
12029.169775075676,0.15278941927695855,0.14049883035060604,0.042548242846934446,0.016623557516694074,35.918097045582,-2909.0585923967774,-13506.748678251704,-1054.860212208408
12031.026809779374,0.15290227718086624,0.14034799099257222,0.042553155021738384,0.01666385099077095,36.09950412056138,-406.5867451665234,-13406.755037724142,-1129.8084029765168
12033.02201896136,0.15306375089756644,0.14022984823202186,0.04255089012422831,0.0166983400238716,36.293128738310855,2111.001294335649,-12759.292631704346,-1158.7600806324483
12035.44008474913,0.15327284510034242,0.14013706796748418,0.04254219775114915,0.01673018113780414,36.50265559188974,4530.475971431418,-11531.95048378115,-1135.152574119562
12038.21832687956,0.15351872624443477,0.14009092314575883,0.04253577689704036,0.016742388301731918,36.732295538482965,6713.109825008548,-9709.965993257629,-1053.0292870132214
12040.707199369243,0.1537504026973957,0.14014196767223405,0.042535590586269295,0.016742632521282493,36.98658626923824,8491.477406141797,-7310.546361895358,-908.1538567955356
12043.902829632198,0.15400850321015386,0.1402540293557572,0.042529008119999406,0.016746893756218215,37.26973660958271,9673.087815149633,-4404.562852290887,-700.0943460829968
12047.171811635782,0.15422651893259287,0.14047022508038928,0.042522634100248785,0.01674863777789242,37.58416988718924,10059.449820685684,-1143.7099960656024,-435.14015939783354
12050.4656492532,0.15436716490535538,0.1407794525661863,0.04251008441313438,0.01674781784876393,37.928173865692614,9490.72967390837,2218.8151481894092,-129.52437983286035
12053.369714698103,0.1543731014674917,0.14115074351269638,0.04249388686929504,0.01674054547804574,38.29357099488029,7914.6526175814,5340.383379941611,189.27090481542118
12055.522891718034,0.15423985010735877,0.14149166109719186,0.04246612901881009,0.01671275268296572,38.6657402472856,5446.742640872363,7858.2771667680145,486.374064221917
12057.521318448442,0.15414823324044455,0.14170504604223583,0.04244713332134143,0.01667005496804775,39.02768161502106,2366.5790309780095,9498.147761010692,728.9522490120637
12059.256489049832,0.15402602596305404,0.14186949912464228,0.04244737534577966,0.016673576166536728,39.36589216283647,-966.0518264524767,10150.904065871988,895.8366976332907
12060.888179421443,0.15389973963505285,0.14199487896919594,0.04244572387253564,0.016679672191783297,39.673634493838556,-4217.133861995427,9868.404835246718,980.4632115441258
12062.387884266856,0.15377991942675168,0.14208771755524421,0.04243878155248056,0.016690947118375942,39.950268948190796,-7140.858830077436,8802.413178827766,987.5565342796218
12064.125024213565,0.15365064320215213,0.1421792344492169,0.04242980517570612,0.016699433736708083,40.198756491912214,-9587.86953920344,7139.871261942131,928.0402209393209
12065.88801777563,0.15351162167807966,0.1422548679255668,0.04241841554637218,0.016705999786188527,40.4234638352302,-11484.837539870632,5062.317204116252,814.8960265659581
12067.391372333666,0.15338791799054044,0.14230629570909747,0.04243823700325716,0.016699558623330824,40.628890225166124,-12809.134769999031,2728.8045334538997,660.7994841785595
12068.982476578667,0.1532400818433212,0.14232684805248266,0.04248282556379687,0.016694379360940648,40.8191384746387,-13568.791641022335,272.5693312954638,477.19838033585455
12070.670963059765,0.15308167588802374,0.14233416588176237,0.04253179841494969,0.016697743480322658,40.99777441751836,-13789.299778938066,-2196.2628904093285,274.25093238320153
12072.021654892951,0.15295290460124106,0.14232754129140915,0.04257758525045324,0.01670907797289346,41.16785888689061,-13505.786295236132,-4586.108155556273,60.93512963822628
12073.500993312255,0.15281039334733798,0.1423013702296756,0.04262069028475206,0.016727789985408782,41.33205311527504,-12758.742616996651,-6819.497868492462,-154.77674417117595
12075.107724861793,0.15266042210504185,0.1422437397995378,0.042661486982244035,0.016754040213835093,41.49273669859951,-11592.069881028547,-8829.293891545618,-365.68179079692146
12076.682268678645,0.15253013531854104,0.1421536284629529,0.04269014483270613,0.016779762260989595,41.65211662060532,-10052.608951898284,-10555.607609589837,-565.0689688024512
12078.240166724878,0.1524141082586492,0.1420455727003824,0.042719626682918954,0.016816237993481222,41.8123353188098,-8190.716434179339,-11943.52661696625,-746.5454558696314
12079.64634647965,0.15232371653720422,0.14193267862838418,0.0427422109662945,0.016855834540248544,41.975571992532686,-6061.614248026476,-12941.539378627824,-903.8609437705777
12080.922295652334,0.15226487823918186,0.1418171995491209,0.042755856046859185,0.01689288945046862,42.144148316023326,-3727.4455172161693,-13500.652900594601,-1030.7076252499207
12082.395320057589,0.15227343900051443,0.14168123084427464,0.04276312975569871,0.01693270264152783,42.320641179405975,-1260.1098134301596,-13574.370279680074,-1120.661635222494
12084.559886042634,0.15241315256833848,0.14152770068757947,0.04276310400446468,0.01697024571622904,42.50799808757676,1255.0043890277962,-13119.913361446363,-1167.1624052609006
12086.815845694697,0.15259138534249034,0.14141626643178642,0.04275613848508239,0.0170055919673022,42.7096425343915,3714.3727461937287,-12101.712288322027,-1163.6389342606064
12089.526763188516,0.15282535454451557,0.14134541978900214,0.04274629639829543,0.017028592526624916,42.92952420114207,5991.328527205467,-10498.000593415563,-1103.8862430050533
12092.493745402626,0.1530862631779833,0.1413415177285261,0.04274067880737242,0.01703624770389227,43.17203053025233,7931.9687646449565,-8312.216871508266,-982.8823135021391
12095.69406124429,0.153353509623086,0.14141906109810143,0.04273389120904457,0.01704174569037408,43.441556824349334,9355.369346291578,-5591.354118856113,-798.4342589163192
12099.112198139852,0.15360255536035824,0.14160384572848717,0.042723003633619444,0.01704625102139749,43.74143109858418,10065.072748448432,-2450.99332306122,-553.7427318572234
12102.41508615945,0.153775861882439,0.14188588676029337,0.042708903823668314,0.01704726541042296,44.07194455891739,9881.912923673615,899.7985111755497,-260.611473182049
12105.243510942571,0.15382376192116023,0.1422289835655831,0.04268958855149214,0.017041822327332465,44.427860841910174,8703.542733620046,4153.816259717368,58.123761640294184
12107.366270272663,0.15372416140750095,0.1425770182820562,0.04265907290525823,0.017019316267182925,44.797166816774585,6572.754486281358,6949.593718116711,369.979329708088
12109.350759471958,0.15365752765172114,0.1427925882645913,0.042635154331741115,0.016981826300764037,45.16339454682367,3705.2684895513626,8968.003938434107,640.2083798660288
12110.917361224141,0.15354377436690844,0.1429574359758509,0.0426355553838471,0.01698350944121421,45.51113299740458,436.89260358808116,10029.32683863608,842.1456530539814
12112.550278170258,0.15341559719483389,0.14309490361779775,0.0426347272103328,0.016989887990300562,45.8307449345567,-2880.684491549093,10123.543670655985,963.1428004223357
12114.34150547437,0.15328937627877573,0.14321631583538405,0.04263035265272823,0.01699934826220722,46.1192439096277,-5963.8008559487325,9367.733745419335,1003.5748963831977
12115.855036401577,0.1531721667020111,0.14329988481380956,0.04262419805055557,0.017006555683090955,46.378294131287326,-8625.534174786852,7938.675174760672,972.1880522726507
12117.607284684576,0.1530374762921735,0.14338148407553494,0.042616627621645115,0.017011957686433623,46.61178578465601,-10764.229469619086,6021.703157588479,881.3463432124368
12119.400934648414,0.15289283552718094,0.14344880133249815,0.042611819721617435,0.017013964305815317,46.824192607061725,-12338.761362768442,3784.941299713658,743.9952536246388
12121.168722438302,0.15274069258050124,0.14349487492664395,0.042660008165209956,0.01700416167125448,47.01976387107093,-13346.029347227715,1371.3234759807233,572.0839580007928
12122.869568233544,0.15258294674037004,0.14350918123196854,0.042709193249275294,0.017003575188926555,47.20225585560268,-13805.088345964949,-1100.6421483522925,376.2517328780385
12124.456801207905,0.15243281257598756,0.14350182545276344,0.042757728106956536,0.0170116759387461,47.37489980539914,-13747.324881448987,-3532.8825340865137,165.96546201639427
12126.116003562258,0.1522749801358361,0.14347658489345694,0.042798159275232714,0.017025714561302557,47.54048499226005,-13210.912130985891,-5843.223857249218,-50.41497082766448
12127.506996165428,0.15214534600241253,0.1434327617011121,0.04284111536276569,0.017049029757352334,47.70146659830272,-12237.977675618426,-7961.299770942961,-265.41491294782253
12128.852580748437,0.15202106021629672,0.1433774016654193,0.04287488459970288,0.017075064843669926,47.860077958170066,-10873.5540972797,-9825.23604969182,-472.18410512043
12130.220060335487,0.15191475585420403,0.14328994828055916,0.04290708527431926,0.017109233234746453,48.01843887299545,-9165.65095189587,-11379.086825787534,-664.2697592867888
12131.771089363425,0.15180554901900636,0.1431748550186259,0.042933206241314824,0.017147681413112625,48.1786565803365,-7166.197510130084,-12570.954203823941,-835.4409859441133
12133.22492540279,0.15172481533429627,0.1430503303879047,0.042948734294796745,0.017181106382831705,48.342923624767586,-4932.731875936762,-13351.774223323348,-979.4799003354925
12134.797704933148,0.1516701823613158,0.1429031750094115,0.04296014719733968,0.017222710941115757,48.51362391814,-2530.7612336489074,-13674.83829650749,-1090.1082193475038
12136.779242847722,0.1517872161249302,0.14274657023988888,0.04296361633039734,0.017259915975433804,48.693440093367585,-36.915994081795034,-13496.177116722285,-1160.9035355587516
12139.032545485661,0.15193725585425516,0.14260330204124383,0.042960085166457614,0.017298007360012344,48.88547112547944,2456.97172580109,-12776.833534748313,-1185.3314305840936
12141.296986720488,0.15213355757583583,0.14252346460300933,0.04295048459283149,0.017329982734599955,49.09331164953613,4839.125699234271,-11487.52531001527,-1156.9953260854275
12143.949857323878,0.15237144353276394,0.14249205649835828,0.042946494944926,0.01733717769088511,49.32105848239987,6973.146972381712,-9616.782331211689,-1070.0989036430278
12147.037491698182,0.15263752668052658,0.14252259617261537,0.042940229861561915,0.01734394761735209,49.573116719675234,8695.365872519227,-7184.960141444963,-920.6461079358318
12150.300701653225,0.15289564129746278,0.14263901101841645,0.04292291617530788,0.017354702332334555,49.853541876677916,9818.844690587663,-4265.211651132399,-708.4755596375542
12153.770940932773,0.15312135650929562,0.14286559165560636,0.04291397898852128,0.01735702766790219,50.16463219695012,10152.389097797823,-1009.2473287608075,-439.9950891705175
12157.113086580657,0.15325868792825764,0.1431780350056071,0.04290257407506387,0.017356142361794804,50.50468866610715,9543.915476508597,2333.717674189267,-131.32740640160816
12160.111913124807,0.15326932681555094,0.1435439433598019,0.04288561372804612,0.01734838432578723,50.86579381435388,7946.24105130133,5429.522403050907,190.39538682512645
12162.249526981732,0.15314356470807622,0.14387077258856407,0.0428571487611358,0.017319684072687462,51.23381622004495,5474.02508120176,7925.837342922787,490.7894832553703
12164.177657517399,0.1530442609317142,0.1440812111537894,0.042839056354290535,0.017279023854717572,51.592240490650056,2399.987194063636,9555.706023025596,737.3493043429391
12165.912596610066,0.15292624253372417,0.1442428035025586,0.04283921770743414,0.017281222888682175,51.92778382612945,-924.892746838206,10211.556503823907,908.8160070669144
12167.582316466362,0.15279592138365242,0.14437018215564448,0.04283630160511346,0.017292476438712807,52.23362881215724,-4173.168163034757,9942.226903540039,998.2354978681753
12169.234418086464,0.15267855630175234,0.14447367122569776,0.04282906370417589,0.01730443913962361,52.50890533426267,-7102.177972439741,8894.991964521743,1009.8816254093931
12171.0290166593,0.15254452317333228,0.14456676476299637,0.042821272646020675,0.017311919473348772,52.756339085936894,-9563.24464865539,7252.847334927805,954.3044275608304
12172.505963916497,0.15242332747056114,0.1446256304839656,0.042813282567391656,0.017316607886423484,52.98011444768852,-11482.523708709836,5194.451361495392,844.260423216237
12174.301978283465,0.1522718312029121,0.14468038823849186,0.04285365796550831,0.01730307335228206,53.18460772755287,-12836.519329566436,2876.813425400202,692.2649901800468
12176.045686766724,0.15212251512746008,0.144723846689532,0.04289941193702479,0.017297242196179227,53.37384183253565,-13632.39842796255,431.6421303874449,509.73077836141425
12177.698579553813,0.15197242173637912,0.14474394901421375,0.042948548174290495,0.017300014798840878,53.55131734175266,-13894.814077933528,-2032.185729053833,306.8599923949825
12179.367897512064,0.15181513575879368,0.14473774765803568,0.042992647238585466,0.017310302435162257,53.72004544163463,-13658.018598632703,-4424.314241997098,92.6218553256703
12181.048838461893,0.15165554628888922,0.14470733828218416,0.04303800740332862,0.017329193705394336,53.88264003430054,-12961.573876797076,-6668.5400069716125,-125.0432640116079
12182.670051242676,0.15150972352243883,0.14464271007331223,0.043079512512138096,0.01735493114978904,54.04142612929229,-11848.30239039292,-8699.049540117087,-338.9798750431245
12184.219236999048,0.15137319176392372,0.1445671321565399,0.043116038777891844,0.01738650307354594,54.19854664349805,-10363.727284674776,-10457.441911946498,-542.5616187692045
12185.71074377461,0.1512552079415029,0.1444714483563882,0.04314662172547189,0.01742274110870478,54.3560633117052,-8556.468491263342,-11890.455699262573,-729.4911995951273
12187.27366449806,0.15115304217182085,0.14434940168111962,0.0431704824370508,0.01746232156147846,54.516055340013715,-6479.358323295395,-12948.33909439674,-893.6207405154644
12188.832048653498,0.15107758262614646,0.14421136683327057,0.04318390506270187,0.017495870751642207,54.68071633685422,-4191.291600637103,-13583.901712345425,-1028.784697035704
12190.35691304976,0.15107692658925514,0.1440700802621032,0.04319291644133231,0.01753759571601647,54.8524575282095,-1759.7683476716493,-13752.276376475273,-1128.7305891485582
12192.161858885209,0.15120563405061824,0.14394207188621294,0.04319438963501417,0.017577906796795748,55.03401409445825,735.7797277761359,-13411.76561948854,-1187.0745709799585
12194.144370172075,0.1513788701194292,0.14384846201946788,0.043188788513063785,0.017614732172488833,55.22855497461161,3199.8436907425903,-12526.617272988926,-1197.3525281702387
12196.755923638244,0.15159504696169887,0.14376163047799742,0.04317770895377583,0.01764479486034923,55.43975346919685,5516.20844005156,-11072.368625138828,-1153.3330053143168
12199.613161217174,0.15184097447638337,0.14373362555091865,0.04317217062036172,0.017653391418761186,55.67175134991145,7543.635808855567,-9045.138385293389,-1049.6214555745742
12202.750266274568,0.15210550720508825,0.14378526752598678,0.043159125811095565,0.01766561135788795,55.928880328262636,9114.401799868463,-6476.950047852606,-883.0223467279021
12205.982278947908,0.15235208159794358,0.14393683516919123,0.04314983344332131,0.01767044225825307,56.21486764866685,10041.150575923086,-3457.795704306646,-654.6931632398588
12209.447991543537,0.1525591007125293,0.1441807547821626,0.043137080315109565,0.017672679382496156,56.53125914477319,10140.7431306445,-160.57485532256123,-373.0924438230102
12212.454724684429,0.15264885831616137,0.14450627718148684,0.04311938670817614,0.01766981459840381,56.87510026156553,9282.900775365608,3145.461924006462,-56.91708879593012
12215.31470965948,0.152624219530884,0.14487305426298464,0.043100855970530774,0.017659301121070895,57.23706004990955,7456.308152371523,6118.581840860109,264.66003663876637
12217.623589657358,0.15259165930349458,0.145103978615739,0.04307371843202313,0.017626761923059935,57.60224092173476,4814.647504899191,8422.12003655004,557.0172896468804
12219.151146216342,0.15249045528611893,0.14527316649694366,0.04306905202596297,0.017613293942109646,57.95461034524611,1654.1276232785058,9825.21943973484,789.7664821125724
12220.92882783291,0.15236903945446387,0.14542967523405698,0.0430690365067517,0.017611884551118152,58.282319944228306,-1675.8451608747232,10259.80400925392,944.8350113928976
12222.568251622008,0.1522442487741277,0.14554791694734595,0.04306500666230761,0.01762401709357359,58.58003900702293,-4867.174572955129,9801.90809251961,1018.0009868858408
12224.267223144934,0.15211977615743322,0.1456488035048561,0.04305981686929062,0.017631506499480327,58.84784195050485,-7701.027484563748,8609.785845619741,1015.2310291862418
12225.983034893945,0.15199714609511905,0.14573655231683133,0.04305324017677139,0.017637180239451693,59.0888437132183,-10048.502076779283,6866.136794805935,947.7248516882372
12227.774200419295,0.15186322150756257,0.14581410517283439,0.04304862069465587,0.017639589780734852,59.30727135558478,-11849.257804138137,4744.092058472128,828.2780071609056
12229.581204070182,0.15171845567577244,0.14587584214698046,0.04306770806056941,0.01763404731854637,59.507390840844316,-13087.977065619012,2393.7943345488466,669.2278900058968
12231.350915934045,0.15156207532060548,0.14590798492592813,0.04311413733865017,0.01762990493412353,59.69306537719338,-13776.342581736308,-59.432847031308576,481.6714831193044
12233.125319028357,0.15140088832839288,0.14592714352151756,0.0431633965498918,0.01763439558691119,59.8676488319314,-13941.330625815723,-2512.0599973039025,275.43460368114927
12234.857784529491,0.1512379098633934,0.14592141897688998,0.043211201919100314,0.017647171170678218,60.03402565199279,-13618.284120484948,-4877.991272158658,59.20964615675279
12236.392628864856,0.15109165977591965,0.14589535820066124,0.04325617978370037,0.01766749613618483,60.1947070854276,-12847.167381751868,-7084.353769873029,-159.27734075057717
12237.859820995105,0.1509567192848362,0.14584264772485692,0.04329604657296556,0.017693794368952975,60.35193842351741,-11670.884971810174,-9067.961243797503,-373.0253039491474
12239.24201689989,0.15083341387923674,0.14577613257471336,0.043331489752409955,0.017726120486889086,60.50780270392079,-10134.908891540026,-10772.52460429946,-575.5353242461605
12240.48214680283,0.1507314956435122,0.14569858787175424,0.04336118582495986,0.017763188032452398,60.66431672870405,-8287.7972817859,-12146.520938009888,-760.6097886811793
12241.817302734833,0.15065420584476785,0.14558982502654758,0.04338201217181477,0.01779974103160024,60.823526671343465,-6182.374458101224,-13141.694927316887,-922.1646931327936
12243.06459412368,0.15059895026888456,0.14547819647399096,0.04339548211234471,0.01783589979258579,60.98760391950151,-3877.627118494326,-13712.24355831385,-1054.097273497182
12244.285792506733,0.15066459744477284,0.145372291859974,0.04340171500979721,0.01786842405724033,61.1589424729832,-1441.2624885106773,-13814.635386126809,-1150.1854036438299
12246.143203545942,0.15079766395281197,0.14524470355386282,0.04340216438430848,0.017901775228372926,61.340272287975814,1046.999519315281,-13408.71710684408,-1204.0750362235192
12248.598843491607,0.15098424408780564,0.1451168565695301,0.04339634311251606,0.0179349121250173,61.534758491241206,3491.3319824232044,-12460.61853621281,-1209.3906091821832
12250.986029295802,0.15119884907307526,0.14506018667237586,0.04338673800212953,0.017959243690496066,61.746057788158545,5775.180163452236,-10948.13232565212,-1160.0009700375642
12253.913858303764,0.15145072509729104,0.14504005805649484,0.0433810355677421,0.017967657686622944,61.978279137493864,7757.251301602657,-8870.30741546106,-1050.6820071004322
12256.622357138647,0.1516798130719481,0.14510044892028198,0.04337009063212647,0.01797744088182879,62.23568522438992,9270.5955442317,-6262.95274196166,-878.5091915536715
12259.948033564606,0.1519266798590066,0.14524396003811577,0.0433565001757227,0.017984106109899537,62.52187202441516,10130.192154399912,-3220.516263504087,-645.046705173504
12263.398692539358,0.15212568981946603,0.1454950821675078,0.04333857721151634,0.01798684012629801,62.83817212259433,10157.746969252355,79.79994441383916,-359.2857700209692
12266.686708046307,0.15222578985533503,0.14582762602581376,0.043323483177175985,0.017984006070540102,63.181365786917915,9230.840534075582,3366.43902491731,-40.412176354469075
12269.520176529979,0.1521937631934403,0.14619083957146223,0.043305027650736114,0.01797298238904067,63.54192357305588,7347.7105018351895,6299.891676538476,282.1336531080079
12271.721832081723,0.1521489414491229,0.14641874869980218,0.04327893911585379,0.01794033949451196,63.90497321540203,4669.554058444487,8551.185404342741,573.8853285080395
12273.59031036366,0.15204402234119785,0.14661186036041013,0.04327909622617148,0.0179405744068986,64.25477023404342,1494.4010406953607,9899.983594421701,805.07094505883
12275.135586354563,0.15192375684743323,0.14674967045416748,0.04327895807623901,0.01794675617562324,64.57983728575961,-1832.2760147949784,10286.989010795622,958.2907500571534
12276.925016745556,0.15179850497990238,0.14687623565087168,0.04327931615217813,0.01794548065371318,64.87511085951286,-5009.008675820791,9792.684450533723,1029.6797999820487
12278.097426974464,0.151695679517738,0.14694151894341678,0.043270542865469226,0.017957932731488515,65.14078028653755,-7823.17442596777,8575.90647714226,1025.3949024866274
12279.950747331088,0.15156148842049724,0.14703404462897116,0.04326577832471244,0.017961947532183248,65.37995952348581,-10150.33719024375,6817.786176895797,956.6928178410302
12281.635670733203,0.15142246718650298,0.1470957513788386,0.04325475545818321,0.017967670213182182,65.5968300352788,-11932.889246314176,4689.152390170929,836.3034088757865
12283.204103915568,0.15129458215265099,0.14714484649802623,0.04329809285776461,0.01795539794566548,65.79559065660877,-13156.971632089091,2337.919545448968,676.4184111782035
12284.865629317592,0.15115250752889248,0.14718294553624303,0.043347292696656645,0.01795122843248761,65.9800475132874,-13834.97174256507,-112.54933262801461,488.02631880151074
12286.589575752205,0.15099487761155925,0.14719353130095367,0.043391647828916406,0.017955415174098426,66.15350213168905,-13994.05806707075,-2560.4170891897784,280.95638589358697
12288.216506676497,0.15084255147117778,0.14718754565522357,0.043439509649990445,0.017968315559704733,66.31879491567088,-13669.47306130279,-4921.009694169551,63.84339922837696
12289.637976995882,0.1507098426098304,0.14715513449908624,0.04348385147315974,0.017988409593424008,66.47839852441538,-12900.91267691567,-7122.675437966231,-155.65360267948915
12291.17443820243,0.15056685272194376,0.1471046338749865,0.043524933127425516,0.018015508006384164,66.6345236770345,-11730.879812857878,-9103.349385263466,-370.5921640596555
12292.51206345489,0.15044666284968597,0.14704223628829302,0.04356092980958427,0.018048262747355593,66.78921789927139,-10204.317494130522,-10807.784594356597,-574.5312377207829
12293.848613169293,0.1503504586749479,0.14694989392246724,0.04359091633939791,0.018085511359899536,66.94446029468534,-8369.06051982735,-12185.43014439928,-761.3263206331011
12295.108931880211,0.15026239499998445,0.14685388719122158,0.0436141500547531,0.018125942776092932,67.1022548325541,-6277.036546193019,-13189.016706475655,-924.9644557471794
12296.365848405823,0.15020224901680432,0.14674267482312076,0.04362828669298304,0.018163296523121115,67.26472095411161,-3986.0563687547274,-13773.70255108519,-1059.4122599638056
12297.545377853821,0.15023890612067226,0.1466376765867162,0.04363612584704561,0.018202738458831268,67.43419157757906,-1562.233786997175,-13896.853423694207,-1158.5256511942127
12298.860304410076,0.15036391416406783,0.14655709044394538,0.04363682189014967,0.018233702915869798,67.61331593728981,916.797791452255,-13519.017201996232,-1216.0068985211828
12300.715542766096,0.15051969809792637,0.1464687054102374,0.04363194518919106,0.01826345941953421,67.80516568542467,3358.0024571572203,-12606.633368917071,-1225.5031745362226
12303.342045745934,0.1507293159965323,0.14637760612400455,0.04362182347291271,0.018290206394023806,68.0132999278348,5648.550173179705,-11137.040495482173,-1180.904475925136
12306.287735207974,0.15097971015194062,0.14634903451718842,0.0436135484679188,0.018302875995325648,68.2417338643712,7651.688766526792,-9107.339611772308,-1076.9118155795677
12309.481775668302,0.15124364080715508,0.1463936107827993,0.04360448764748882,0.01831134887430067,68.49468395261849,9205.38097716874,-6548.94723464313,-910.2888666020841
12312.938309101002,0.15150295667797495,0.14653642754795587,0.043591763237059045,0.01831802207870454,68.7758400887663,10128.615161790976,-3548.4108345559625,-681.9600829871106
12316.292631888706,0.15170060959477016,0.14678304237463172,0.04358208506124567,0.01831978772207979,69.08689103896559,10243.429053173559,-271.1815683042809,-399.84586857288787
12319.320616526515,0.15179321852149708,0.1471039105578644,0.04357268981231097,0.018318328747223032,69.42533159996037,9420.295002465684,3024.6665539786463,-81.72499152823265
12322.15655479384,0.15178302057569132,0.14744757021877064,0.0435487454270112,0.018305405254743484,69.78256522033227,7641.050140466729,6008.799749475882,244.15118560636452
12324.275719357836,0.1517475566530269,0.14766523823785085,0.04352181543931627,0.018274544534891975,70.1444017526018,5045.618978858322,8349.902335544906,543.6042479432502
12326.06132649361,0.1516528588552919,0.1478512664976581,0.04352132134314066,0.018272996406596142,70.49507652666789,1915.868946113718,9812.758862291463,785.862037437695
12327.557534549393,0.1515434550264059,0.14798610739718482,0.043521385280810024,0.0182761784177504,70.82245326994693,-1406.8152883802331,10318.34897656585,951.6805646710761
12329.210660038889,0.15142122181888049,0.14810583166870073,0.043519777861314245,0.01828135080222892,71.12064100973285,-4614.701896452347,9931.51150989229,1035.4675247495502
12331.025921153428,0.15130290095244953,0.14821657075899572,0.043513927839117734,0.018290289994234835,71.38920636165389,-7484.869069000256,8802.910119262995,1042.2213086466743
12332.782428342278,0.15117351920397554,0.1483044523970003,0.0435055988074295,0.018297862955678434,71.63092504283995,-9883.282320992743,7111.490375239655,982.6540953650198
12334.502213127973,0.15103771919249323,0.14837278229837,0.04349913959046614,0.018301451666885803,71.8498418398911,-11745.220595625677,5029.104019004365,869.3687566191858
12336.214518979792,0.1508986608547278,0.1484273478573033,0.04352011026793494,0.018294822359618317,72.0501383317402,-13052.181745703041,2705.7878650556995,714.6798727901044
12337.861771640635,0.1507611121389417,0.148469948827343,0.043569359087361585,0.01828925157036297,72.23564273718848,-13813.678792285598,267.0910734580615,529.7404638373652
12339.05422141845,0.150654375991183,0.14848383786866204,0.043615562813374614,0.018292345413533067,72.40969095535267,-14055.133360023498,-2183.3039953171024,324.47647366903607
12340.180821932267,0.15054975191196227,0.14848024333187815,0.043657258763597544,0.018302388081904618,72.57515297864565,-13810.648247380926,-4559.409582416131,107.67433090656097
12341.285360239326,0.15044621896197044,0.14846099511191443,0.043703016438643695,0.018321657587042683,72.73452228840294,-13119.067914398145,-6788.798714498765,-112.90937670867768
12342.567974187343,0.15033032689359516,0.14841485870189142,0.04374324854365464,0.018346644624699232,72.89001574960571,-12022.076342866954,-8809.053040004805,-330.28683738720395
12343.999774524253,0.15021135259077226,0.14833920324107092,0.04377143837182815,0.018370877282843517,73.04367151449219,-10563.635177851369,-10564.926786336571,-537.9698687741088
12345.35073659041,0.1501062312452634,0.14825366160202197,0.04379603594007068,0.01839965351612562,73.19744097323503,-8790.350787667581,-12006.161063139503,-729.8126296730333
12346.368840050958,0.15003064308617337,0.1481799878738788,0.0438177588257174,0.018434870137052986,73.35327657140873,-6752.502855055083,-13085.92102629631,-899.8619811014768
12347.406207378192,0.14997178847415432,0.14809148677433498,0.0438316810989259,0.01846824919674817,73.51322358625667,-4505.618402653644,-13759.860247542225,-1042.1715426416217
12348.244021366585,0.1499914917341991,0.14801524988314313,0.04383818711791788,0.018495725877299828,73.67951431283794,-2112.697287534201,-13985.777660504253,-1150.675525970747
12349.503684359557,0.1500873937289265,0.14792577822886727,0.043839909380759115,0.018523365841152408,73.85467026765247,352.854244183052,-13724.249139300282,-1219.1732654202108
12351.435906558207,0.15023729195883864,0.14781995909564544,0.0438360376634425,0.018555910439075216,74.04160454098276,2803.5896213839383,-12940.763433443062,-1241.402821863708
12354.037424255832,0.150446244492927,0.14772204563501112,0.043827015006981225,0.01858385820765857,74.24369688813324,5133.766514475468,-11609.913035131849,-1211.210849687726
12356.697977682998,0.15067880041502316,0.14769214730310246,0.04381897738836988,0.018597812101468426,74.464800481138,7215.113339216657,-9722.977982082899,-1123.0172853101342
12359.74068219921,0.15093096343740284,0.14771224585717274,0.04380879859862677,0.01860863029663532,74.70907542192317,8894.496236449837,-7300.516669847819,-972.8865799094319
12363.081904667271,0.15118950553909904,0.147825211846279,0.04380135629784852,0.01861326723729554,74.98043236020906,9997.368519928223,-4411.071626173994,-760.3113384779994
12366.5788373933,0.15141448194741472,0.148029401821812,0.04378672993261935,0.018617287327612315,75.28131798541054,10344.134249850731,-1194.4073406531572,-490.86909154084645
12370.112782934017,0.15156619959318346,0.14833003218095475,0.043767026454482855,0.0186162944728365,75.61071448476778,9787.815184003937,2120.2639807466912,-179.23585278304515
12372.968126675341,0.15157914500668276,0.14867398721809438,0.04374608676230329,0.018607579226578217,75.9620016503902,8272.858577014435,5222.017763627408,149.3474611233363
12375.543370222347,0.15148470301756956,0.14901253791557284,0.04371693973559363,0.018580484593721313,76.32252919510091,5890.514751849443,7773.734162040277,461.83258002105464
12377.217037499542,0.15140055593374233,0.14919582708909024,0.04369640243455475,0.018539547395851935,76.67660349740281,2884.683667133222,9505.818071129932,725.4130658910354
12378.864642173563,0.15129375696285602,0.14934928971417388,0.04369675114537341,0.01854227063674479,77.01066128167548,-413.5031494545304,10292.36381388365,916.8862432859515
12380.68779921273,0.15117880267077788,0.1494869280489361,0.043694561990295415,0.018552880205944772,77.31689450282441,-3681.4288768603114,10159.928043404241,1026.7832073337731
12382.153146131326,0.1510718882729496,0.14957883445750417,0.0436917587427824,0.01855798381060962,77.5933837713141,-6670.528288011992,9239.006020077923,1057.3024481383454
12383.820009028414,0.1509534407801308,0.1496674085852642,0.043683503689382064,0.01856671329315299,77.84210569953886,-9222.598157939536,7703.445993193248,1017.7867389121138
12385.49052650122,0.15082458344757385,0.14973865840931785,0.043675299111037034,0.018572057356848054,78.06681807651039,-11255.052852745306,5728.246376393323,920.498100782657
12387.061699598447,0.15070476093518675,0.1497985207464597,0.043668796219778185,0.01857452606508589,78.27169089996039,-12737.778793127103,3469.587527879224,777.9738088060595
12388.33312975837,0.1505982276526383,0.14983058898592871,0.04369454119832965,0.018570028447105414,78.46064764058835,-13673.278708120906,1059.3559119981353,601.7588902053392
12389.892376556945,0.15046127729920175,0.1498542531383923,0.04374199140807231,0.018570503387547996,78.637151360581,-14082.927165913306,-1393.4233403154335,402.0598114044136
12390.470979539372,0.15040778456054268,0.14985105570354204,0.043771368327020256,0.01857588981743044,78.80418386542785,-13998.476011656723,-3798.610141758858,187.95252870229504
12391.270888884585,0.15033326181581963,0.149840137583019,0.04380716840574294,0.01858874810533557,78.96431902490978,-13457.26679045824,-6080.772400630211,-32.529021607856905
12391.921311410184,0.1502720416727741,0.14982517799965595,0.0438437309587326,0.018608838642342914,79.11982565234247,-12499.818546686238,-8175.51813020265,-252.2484630920662
12392.64096380211,0.15019700327624946,0.14981132142075995,0.04387139427959117,0.018630149002332702,79.27275998062503,-11168.89315942947,-10026.425200182164,-464.6457926445125
12393.168753695825,0.15014114258586705,0.14979287841435038,0.04389919254083615,0.018659280728287913,79.42505975662993,-9509.531409569734,-11582.680855670225,-663.5684642573682
12393.71546994273,0.15010183308196415,0.14975427167836153,0.04391296026696024,0.0186790017974229,79.57863189229947,-7569.7913735329685,-12797.312933998877,-843.0633641778062
12394.394390437925,0.15004970927971642,0.14970207189306792,0.0439246894102837,0.018703004858071696,79.73544456689754,-5402.142010398698,-13626.09758305815,-997.2445324130163
12394.53015509957,0.15004973827469065,0.14968968979694416,0.04393073063194581,0.01872284828413376,79.89760823030774,-3065.4378113933644,-14026.934196335618,-1120.1940325291878
12394.980503152212,0.15014348908840075,0.14966581666877468,0.04393337501432826,0.018743079588008006,80.0674767659547,-627.4371113118737,-13959.959553869647,-1205.8471424002628
12396.315970741045,0.15027400946423974,0.14959644390640342,0.0439324666240121,0.01876344917273341,80.24775512450071,1831.9557747246104,-13389.048756122618,-1248.0236438544166
12398.761795979039,0.1504641301070551,0.1494848971520929,0.043926764338725464,0.018787670894004137,80.44158821708722,4216.713406601732,-12284.949134264782,-1240.5521850578166
12401.52645671037,0.150691234024229,0.14941414737157663,0.04391468613301418,0.01881378816069417,80.65260317784644,6410.340125863383,-10631.034591456484,-1177.6105038869207
12404.26617019994,0.15092757204695445,0.1494198754276537,0.04390649077845326,0.018824495309175068,80.88483653877805,8272.393128206302,-8433.368310963588,-1054.41278646569
12407.474067146939,0.1511845600534807,0.14949005444642308,0.04388915826770186,0.018838278655378817,81.14240202685592,9638.7172728016,-5736.391685108328,-868.6660367737603
12410.680459284673,0.15141081436834664,0.14965659773365428,0.04387385872339911,0.018844719094101372,81.42861043545894,10330.815690789686,-2644.41507388387,-622.8240892889829
12414.181983868511,0.15159581229696834,0.14991862240305848,0.04385666532361529,0.01884633448740209,81.7443296159889,10182.682735314653,656.2766986244338,-326.99335881593834
12417.446054240892,0.1516793412937228,0.15024532713931646,0.04383080873758903,0.01884008756294671,82.08576228854304,9090.663868476839,3890.2842653334997,-1.512638336485484
12420.257312668535,0.15163249282747504,0.15059954803580383,0.043806875825977996,0.018824099847868567,82.44294147521917,7074.711766886536,6724.854384179542,323.57517279393437
12421.142083538258,0.15153135195269796,0.15075459047425105,0.04378676463525453,0.018796205162758393,82.8010362354242,4312.308093153136,8849.843943490858,614.2968212373178
12421.904521812326,0.15141192564444442,0.1508674968674132,0.043788816045070164,0.018803212455172295,83.14488860032228,1104.599148280727,10069.462328815642,842.2323698277011
12423.475887094737,0.1512968172195832,0.1510000678286585,0.04378863282452951,0.018806018691172096,83.46380996514658,-2212.887825953912,10344.477745411692,991.4239286396042
12425.245391458153,0.15117661288137513,0.15112084233879977,0.04378448700560818,0.01881684348737464,83.7533217773764,-5354.478117620789,9765.362182089773,1059.0567825274775
12426.837769593887,0.15106298299400236,0.15121141945674324,0.0437761387112897,0.018828060524395288,84.01386181971876,-8122.259028679124,8492.110454847449,1051.7447301260718
12428.737381875113,0.15093087252920628,0.1513054111325616,0.043768993280188365,0.018833868361482587,84.24855708367576,-10402.469914609737,6702.101452807049,980.7527044668606
12430.429124770402,0.1507971173803348,0.1513686835118724,0.043758848736648835,0.018838915060303028,84.46148422472986,-12144.137191891406,4560.681587014115,858.6540121817932
12431.382771036808,0.15072046579267015,0.15139901362143982,0.04373782445368628,0.018844518109531132,84.65670896757769,-13337.05393826739,2210.2223688926706,697.5835432916903
12432.337876496767,0.15064033456372997,0.15142139833388235,0.04377379648896295,0.018841822138485897,84.83789725643425,-13995.324815874485,-230.87881080223204,508.3364709624204
12433.302459274637,0.15055122830020903,0.1514182773096729,0.04379725561717099,0.01884418767384794,85.00823914702093,-14146.642728746601,-2665.095524918934,300.3991394401435
12433.795188972936,0.1505055706342467,0.15142629064072968,0.04382538439838624,0.01885187403566796,85.17047288864157,-13826.035285126012,-5011.476686044571,82.22070592899328
12433.850669257983,0.1505006457156099,0.15142399427022307,0.04385015015766632,0.01886310919378179,85.32697830161884,-13072.472806895728,-7201.644771352594,-138.72755713637073
12434.391637314944,0.15045287051649028,0.1514025507488811,0.04387063230866554,0.018876538761340468,85.47988162888593,-11927.280134671071,-9176.554863312556,-355.68229267166544
12434.64600448002,0.15042690029343833,0.1513948621620899,0.0438848794465819,0.018889343152806985,85.63114525818258,-10433.825121880018,-10883.804839361599,-562.3764514056871
12434.558812477626,0.15042682933652726,0.15140547689341882,0.04388962959883672,0.018895118553961067,85.78265232532428,-8637.938357020807,-12275.550659369312,-752.8279554477683
12434.744969588934,0.1503971368838365,0.1513987461029696,0.04389450444124123,0.018903329601948075,85.93630056145672,-6588.913637944539,-13307.161683488033,-921.2218519048604
12435.079311861571,0.15037534421240006,0.15137071351047024,0.04390078392986744,0.018919054501609835,86.09408664765016,-4341.090237083157,-13936.30742800752,-1061.7974262863697
12434.979338679352,0.15041352376103811,0.15138222946731236,0.04390145971355898,0.01892203379540579,86.25818945231983,-1956.087659634831,-14122.617814718004,-1168.6515752034556
12435.287686132806,0.15051134966095658,0.15138267047757278,0.043901643461374894,0.01892534734878025,86.43107652683929,494.3772945934047,-13828.36293940333,-1235.7124922935247
12436.896435577624,0.1506503744510726,0.15130476318483319,0.0438980918845104,0.018953122632823134,86.6156099302472,2925.0427225288427,-13020.511084165484,-1256.9021801267436
12439.187596921663,0.15083702592013162,0.15122405659532848,0.04388883678148225,0.018981176238953346,86.81511438368885,5232.918444640597,-11674.76729811428,-1226.2416272310497
12441.757389194503,0.15106271754482922,0.15120075416536627,0.043882628226287024,0.01899187599233645,87.03339086958235,7293.09492741402,-9782.827138538138,-1138.2138268160127
12444.9087355376,0.1513225861848591,0.15122482811174265,0.043873124571524126,0.019001966794713956,87.27457251313926,8956.380332071232,-7364.477205179258,-988.8433575405293
12448.244033746838,0.15157576400333422,0.15132402234772188,0.04385490026842658,0.019013388713448005,87.54260095859591,10052.357105713569,-4485.70272368332,-777.4751825893815
12451.780048839575,0.15180144723105804,0.15152193766461694,0.043828901683791076,0.019020742992343843,87.84006222776871,10404.625727813182,-1281.3405035069693,-509.28950406751153
12455.13377760037,0.1519397745587321,0.15182039913538267,0.04380298262761868,0.019019720541746398,88.16624011331672,9866.584393068875,2026.4216527163571,-198.24481842074863
12457.777773244912,0.15194281347133376,0.152153271049311,0.04378234539142164,0.019011427017381673,88.51494669696486,8378.529972007356,5133.705951422975,131.25479354256643
12459.579275236229,0.15181724383305392,0.15245410189343964,0.04376422676863581,0.01899496385882346,88.87390422955026,6023.4421726247,7706.893741421758,446.75923394166495
12460.587028004227,0.15170816154811068,0.1526037504558941,0.04375306093834456,0.01897340338930053,89.2274882769974,3036.4404128372266,9474.081850899383,715.4440925526197
12461.890131805685,0.15159808151400975,0.15273496703391634,0.043752686024076795,0.01897052833783605,89.56185450119425,-256.450864185198,10302.971806124306,913.3725701120518
12463.556832834554,0.15148780894324806,0.15286149638938723,0.043750865015676994,0.018980074958772138,89.86876686076118,-3533.021078899947,10213.541338336292,1030.1595223608708
12465.28619608181,0.15137547488770947,0.15297114305576154,0.04374799648586303,0.01898549007198505,90.14594689649333,-6542.411353936417,9331.943438742237,1067.3569575279041
12466.739310597728,0.15126954615294627,0.15304720938904653,0.043741810800669224,0.018992188015961847,90.39515886058331,-9123.62723601456,7830.0313532305245,1033.9059407362765
12468.429798335244,0.15113455038422313,0.1531159697416199,0.04373738581057244,0.01899512552214446,90.6200700699376,-11191.884452266788,5882.168886502748,941.8654689268024
12469.892473762111,0.15100907585434847,0.153157711542071,0.04371777851009654,0.019002949295198825,90.82483180946116,-12715.617686013902,3644.3710220468747,803.7424758199309
12470.538132531412,0.15095215072991724,0.15316961579736385,0.04371527783820157,0.01900338989597605,91.01337094982146,-13696.418794817133,1248.435874678666,631.1422679683332
12471.093679881962,0.15090110916497093,0.15317140892681877,0.043728788497640225,0.019003322009522008,91.18915839201941,-14155.048388482868,-1196.8450323838879,434.3000272690643
12471.274174915705,0.15088396288266553,0.15316725102653544,0.04372500756553075,0.01900266898327386,91.35518588708419,-14122.736815563796,-3601.8633501988156,222.2615768242488
12471.584011219062,0.15085595232867133,0.1531558260674513,0.04373334310545057,0.019005503569649338,91.51402931560156,-13636.24418083195,-5891.944979037146,2.985260185278272
12472.040486292979,0.15081173958352898,0.15315058597766418,0.04374310372930568,0.019010639268365846,91.66794732189781,-12735.347829084369,-8003.625875177868,-216.4851408166145
12472.152393771215,0.15080474591020704,0.15314122500215857,0.043753059815173634,0.01901800215032722,91.81897216205734,-11461.80057903975,-9881.52264481042,-429.71063426758207
12471.824656181801,0.15082242556076778,0.1531686282668362,0.04375622141272208,0.019021166378624187,91.96900187670254,-9859.32287847455,-11475.958188657172,-630.653119276434
12472.019172849512,0.15081333850521653,0.15315212966588843,0.04375894784858716,0.01902486848525572,92.1198936333633,-7974.216535639061,-12741.261210094384,-813.5237515764192
12471.90549394219,0.1508087218423771,0.15316517887284425,0.043760243645659655,0.019027330928105428,92.27354440222012,-5856.596381740979,-13634.495136255495,-972.6415665018247
12471.716874598984,0.15081799709337007,0.1531820339642138,0.04375914703122812,0.01902403883144453,92.4319731029393,-3562.1894896780386,-14114.747621851764,-1102.2738022767091
12471.758107552527,0.15086067842689327,0.1531842324794005,0.0437600293422368,0.019029306135301554,92.59741945190247,-1154.6065241971853,-14143.1196881593,-1196.5886408003732
12472.25608354275,0.15096311865300857,0.15317674781671362,0.04376000218795086,0.019036055565208782,92.7724391030021,1291.6171942322799,-13683.685638192113,-1249.6165836359062
12473.983057445066,0.15110752642229322,0.15310016375667407,0.04375505305825276,0.019062257429233457,92.960007745611,3687.358167303294,-12706.017572676705,-1255.3432013902705
12476.416831605886,0.1513087342633578,0.15303086766539128,0.043746740671995535,0.01908297922303124,93.1635812514579,5924.697650044414,-11189.982747897124,-1207.9238861250174
12479.043633572808,0.15153305109122306,0.15301840364843314,0.043736251887760445,0.019098501119269345,93.38708028024573,7873.0025316596275,-9134.156229064249,-1102.2230475212202
12482.12648282149,0.15177854853556746,0.15305322743313027,0.04372641195957912,0.019107513773535065,93.6346634342369,9377.603689290572,-6569.46115413357,-935.0124260967658
12485.532489413594,0.15202601051235068,0.15317768380627153,0.043716090718939095,0.01911286833875878,93.91006227888928,10265.382028353419,-3578.742239263388,-706.9082358157829
12489.087822024798,0.15223404153478393,0.15340001416823323,0.0437065173875192,0.019114637565245656,94.21519730140476,10364.86896232143,-319.5144330040377,-425.1386112615388
12492.487991288037,0.15235829758916056,0.15368978482626636,0.04368667467240282,0.019111891547397824,94.54805494456357,9548.448019317451,2961.8415442237674,-106.43379813463513
12495.51769790739,0.1523563172916228,0.15403640196388224,0.04367181471564982,0.019104039799503866,94.90070308117589,7792.372315130104,5946.8717454744265,222.19464917650234
12495.394721843057,0.15215722106588356,0.15421249066548376,0.04366161555691913,0.019092573563938425,95.25946817401451,5224.4146984611,8310.494536092008,527.4018484917623
12495.980947204525,0.1520199435682745,0.15433445068676904,0.04365784748110694,0.019082957397106592,95.60862901084887,2113.604422218545,9815.319244056314,778.1302603521942
12497.206437933239,0.15189445090227496,0.15445533305499068,0.043657697134891996,0.019079508098125756,95.93561514927703,-1206.4949184036952,10374.521327754246,954.059816138729
12499.087303598557,0.15178182873424126,0.15458916859873012,0.04365517911763275,0.019088399172995645,96.23392581653783,-4429.892585058024,10044.568370750461,1048.4942090533823
12500.910226532169,0.15165274127619555,0.15469760499809476,0.043649117673383205,0.019098082735530094,96.50263161865647,-7331.877949726598,8970.298690251413,1065.5596711004878
12502.671188719287,0.1515362402829216,0.15478972049326956,0.043644319484778316,0.019102585395508877,96.74421808830016,-9775.845280585452,7327.4469126792,1015.3953855443059
12504.365307945305,0.1514192758140601,0.15486720339874296,0.043633322238801786,0.019109023760439284,96.96259784238578,-11694.99878823098,5286.171340136839,910.3320174421868
12505.541258293775,0.15131676779835898,0.15489637219439184,0.04361035352183901,0.01911672615599858,97.1619059834143,-13069.342913752198,2995.3056082986263,762.6679783860518
12505.902534531715,0.1512793189500422,0.15489317223733648,0.04358927761547296,0.01911953656355851,97.34595515593618,-13907.283850235555,579.238855281224,583.6210920107734
12506.29679332197,0.15123956916463133,0.15488241110307158,0.04358548882306947,0.019119351189753345,97.51807755842908,-14233.341769441404,-1859.7309301478567,383.01758489691423
12506.289682196868,0.15124120091109072,0.15489634886892278,0.04357546227045194,0.019117186766778944,97.68113608099495,-14080.708930900428,-4237.282968798984,169.46768020002935
12506.05091310375,0.15126525568320223,0.1548862046090469,0.0435688967520841,0.019114622729710616,97.83759802762403,-13487.032619464024,-6482.884572774586,-49.41703796027959
12505.950577441028,0.15127575408976443,0.15488567530964753,0.04356580563536567,0.01911282225437643,97.98963867306085,-12492.396791252195,-8536.27817213876,-266.85371710839235
12505.86709476177,0.15128820463548576,0.15488191547948676,0.04356500251937324,0.019112167536133786,98.13923323892037,-11138.671631025347,-10344.606284176312,-476.6359961271676
12505.482002098259,0.15131639472822767,0.1549068703489203,0.043555632026448354,0.019102024528681004,98.28824328809557,-9469.653826013311,-11860.164492319464,-672.8968810471491
12505.226907425189,0.15133177419846672,0.15492651641350358,0.043550884195674655,0.0190950242351394,98.43850547828124,-7531.849616534228,-13038.803459359091,-849.9832036546105
12504.856918211,0.15132736309403857,0.1549641729614762,0.04354533958422949,0.019083388156292423,98.5919134020385,-5375.789009451811,-13838.84946587595,-1002.3238874195912
12504.664584693257,0.15134106846026163,0.15498148125523187,0.04354431353983196,0.019079904496762317,98.75050483420105,-3057.862226678914,-14220.497716872002,-1124.2972645126051
12504.859936379311,0.15140179448343866,0.154975160282874,0.04354477781585984,0.019083406475829158,98.91655481359506,-642.742378664258,-14145.922165444537,-1210.166014627819
12505.777254139395,0.15150697006112707,0.1549346732513261,0.04354470402873916,0.019085528596863698,99.09267561394823,1793.467268196975,-13580.532478897896,-1254.013647117997
12507.589827576416,0.15165943582243402,0.15486157960743516,0.04353934455336864,0.019109009940868473,99.28191517820066,4159.458389774579,-12495.774345027268,-1249.9077401738864
12509.784242190208,0.15184134506672095,0.15480855535940624,0.04352688655804484,0.019136789571407655,99.48780942786942,6344.510539079866,-10874.405223092905,-1192.1804206292895
12512.601958837498,0.1520729215104809,0.15479431451886463,0.04351203994876344,0.01915685238773815,99.71434784782018,8214.858223777203,-8719.605315108924,-1075.9893223331526
12515.760144481686,0.15231941218852307,0.15484067446619354,0.0434920208250193,0.01917354158926588,99.96569754675271,9613.067643080936,-6069.52770006923,-898.6152889719759
12519.097967581705,0.15255364476033131,0.15497299819733976,0.04347647013936043,0.0191806446275927,100.24543277206395,10365.386904711646,-3017.759650329738,-661.5264732598813
12522.58622455088,0.15274578063162622,0.15519915285972236,0.043457873263678365,0.019183089083241036,100.55501690913475,10305.005400507653,264.2959513705554,-373.2344257502725
12525.56193618502,0.15282181986771268,0.15550450164999174,0.0434379818727999,0.019179125023343305,100.8915876856858,9317.903699917055,3516.548659081718,-52.0322431644171
12528.565771199752,0.15279803494783553,0.15585580869498658,0.043414684599111956,0.019165040485486423,101.24615677801589,7403.692391294084,6414.3791606825325,273.7889768361468
12528.052797838063,0.15262281494867458,0.15596489014276493,0.043408432635271214,0.019156967513638642,101.60431659832742,4716.714037794932,8641.655479878253,570.8106196717822
12529.343429585395,0.15251180813025272,0.15611506132058542,0.043409789731658086,0.019160802287013293,101.95043767610828,1543.3792009793556,9984.370782149514,809.5167694614078
12531.309799185115,0.15240744737138306,0.15627371716073676,0.043409714965172506,0.01916465404679664,102.27278393098683,-1781.8908257602288,10382.910023683322,971.9254439201673
12533.093747416957,0.1522777407230809,0.15639719197871998,0.043407844654403734,0.01917006391814287,102.56585319892184,-4965.041074345802,9913.677772868317,1053.3950426115725
12534.80354961572,0.1521531004301056,0.15649468952112341,0.04340452626428995,0.01917479718981524,102.82944705752053,-7797.547903359187,8730.65271442488,1059.3176762995972
12536.356260060986,0.1520385271341254,0.15656889331069818,0.0433927409066817,0.019185088886223656,103.06642526585208,-10157.055034014116,7010.534452588936,1000.392498649251
12538.291002282256,0.15190382977588454,0.15665460872960998,0.04338483863809379,0.019189319213145567,103.28081748228982,-11986.977891697408,4920.185462110016,888.9673931947176
12538.807562689886,0.15184275154854596,0.15664883710597788,0.04335135200030674,0.019199341421158013,103.47674248532698,-13273.769936447841,2603.795324542995,737.1083632249936
12539.488383423686,0.15177845543960136,0.1566515157390612,0.043323361060473804,0.01920222823701416,103.65794352501102,-14029.599628065334,181.12317777379891,555.7408713946195
12539.453368442739,0.15178054813362377,0.1566486110413536,0.04329742441539129,0.019200353488129544,103.82767295122073,-14281.045688947988,-2249.5576243766427,354.39717485675897
12539.001831487632,0.15182146197987612,0.15664583526009987,0.04327974891934963,0.019196078852216133,103.98871452630405,-14062.235595238031,-4607.183054504977,141.40108336076253
12538.836612460505,0.1518378068089543,0.15664213748744357,0.04326380651805295,0.0191894360810984,104.14347662515492,-13411.170324265742,-6823.9040698589515,-75.92060082562965
12538.600764946475,0.15185528664582737,0.1566585057910464,0.04325754400034341,0.019185614924663797,104.2940854378812,-12368.00527350629,-8841.602173533776,-291.00807221255894
12537.884910068951,0.15191834712834967,0.15668976982714378,0.043246620115891365,0.019176479497242722,104.44247427132561,-10974.489038875496,-10609.056438247642,-497.82166768705923
12537.19173530218,0.15196864087829492,0.15673527507726973,0.0432421222976664,0.0191714099324391,104.59047754616233,-9274.220232829752,-12079.899522734902,-690.6665432052067
12537.066286074394,0.15196551266481503,0.1567504368274541,0.0432380286163976,0.019165124221475455,104.73991675065342,-7313.493818897202,-13211.152327737227,-864.0530687928541
12536.805481968542,0.15196540746899292,0.15677582538707105,0.043230620376892896,0.019148843656484536,104.89267741709416,-5142.6673042033635,-13962.093491653925,-1012.4911519683437
12536.186635972748,0.1519894271099322,0.1568325559057518,0.043228247043993036,0.01914030430051403,105.05079404197494,-2818.091823981782,-14293.716601415272,-1130.4329091240756
12536.164227480705,0.15204006505775716,0.15684532228844236,0.04322707905739178,0.019129674975416802,105.21654705680083,-404.5113248053342,-14169.006741981935,-1212.201904117843
12536.965438637819,0.1521381231663931,0.15681503302424415,0.04322711880786856,0.019129309216280102,105.39256802183021,2021.8111129694573,-13554.210262844097,-1251.9681553820863
12539.26923107852,0.15229849741955592,0.15670050086038775,0.04322164838329088,0.01915156112024483,105.58193266408294,4369.275533842112,-12421.71660817619,-1243.911038284952
12541.807456150826,0.15250586354696744,0.15664013349906697,0.04321229668068011,0.01917151859129895,105.788210990646,6526.680538296735,-10755.497406156821,-1182.4348083731313
12544.66281443084,0.1527428794348551,0.15663778601877373,0.04319801573334818,0.019190130821920618,106.01542657620251,8359.645891352113,-8560.496024939834,-1062.8129550354404
12547.81482585401,0.1529899139687363,0.1567022071677279,0.043185336743572396,0.019200320110162723,106.26776268336731,9710.323972262631,-5877.486368958014,-882.4962796639926
12551.317123662411,0.15323152299545165,0.1568493726804322,0.04317199656059915,0.019206096613054335,106.54876285796888,10405.333913784716,-2803.7429160151382,-643.2141572445527
12554.962206590342,0.15342302309601846,0.15710654406481125,0.04315139061634428,0.019208372054924667,106.85975165806195,10280.05638773346,484.69139859926884,-353.8856001576563
12558.197645893311,0.15350981642869554,0.15741435891993022,0.04313299345216837,0.01920426705087786,107.19757845414244,9225.801937517243,3723.3175740849906,-33.22793692381505
12560.95676890505,0.15346472053108762,0.15775869099915926,0.043109582634993766,0.019189367883879028,107.55285861625043,7250.837774848323,6585.928895193864,290.20148716721866
12559.78379503897,0.15325303929424394,0.15784091257456914,0.04310771084270192,0.01918664114001728,107.91087148823102,4518.99014070547,8760.232774457718,583.1570203391203
12561.53823091682,0.15314203020662984,0.15802041476397208,0.0431086103598757,0.019189321486599756,108.25596679235039,1322.5862020528816,10041.234250242594,816.7868892703445
12563.082760106643,0.15301915585681555,0.15815312143199595,0.04310866576510009,0.01918711507994459,108.57665820902643,-2004.081891301431,10379.536240323045,973.9695625340946
12564.886672349252,0.15290891813668483,0.15827560962374834,0.043106321611828875,0.019193530009761237,108.86777427100921,-5171.7614526437965,9858.992288071018,1050.8382422359093
12566.839606389396,0.15278761729943724,0.15838949562664512,0.04310505891663053,0.019195190078767188,109.12937367509763,-7978.332114534094,8636.966583692576,1053.2301281847995
12568.524694731857,0.15266926101592204,0.15847122944524544,0.04310182546260665,0.019197868815731288,109.36445856784006,-10307.07042633911,6890.377287115803,991.9316129094202
12569.863877851285,0.15256670752522983,0.1585229376697649,0.043096965063296265,0.019200364215732298,109.57711222260981,-12105.445794965482,4784.6824413225495,879.2256789968172
12570.269797317473,0.1525204722315564,0.1585200266193255,0.043066835236451176,0.019208975701865385,109.77145876292451,-13362.56337247461,2462.059870553144,727.0453214623667
12569.978134852508,0.15253658146520757,0.15849876856450093,0.04304243488243463,0.019211223232473627,109.95122356113619,-14092.15839590549,40.22791328164156,546.1315689026513
12569.612386004725,0.15256730348861783,0.1584904660950589,0.04301154178924683,0.019208700817315346,110.11963530356776,-14321.612704460698,-2384.4222728093505,345.8512232842912
12569.521640055113,0.15257496635447632,0.1584790352966591,0.04298984300418602,0.019203268782051995,110.27945861754628,-14085.391909109252,-4732.548973164487,134.36593351140846
12569.248741071407,0.15260099608285205,0.1584786328625298,0.04299008818113752,0.019203361537650943,110.43307869112822,-13421.526145358363,-6937.708171064059,-81.20856681953235
12568.807626802336,0.15263876411798089,0.15849744746618377,0.04298607190574547,0.01920087496747879,110.58259706115236,-12369.996116914044,-8942.928826999767,-294.46594231993794
12568.234703672306,0.15269065299565077,0.1585205700121391,0.04298103347317802,0.01919661462758954,110.72992809942427,-10972.215250927546,-10698.028683672095,-499.47265342327796
12568.103454321605,0.152688538993338,0.15853895277185412,0.04297435530935016,0.019189037135950784,110.87688977494354,-9271.334723906344,-12157.597318073058,-690.6436266269491
12567.7541008236,0.15269890258549293,0.15857138964846162,0.04297353108955748,0.019187751633062106,111.02528291061044,-7313.118285799733,-13279.418173924632,-862.5929369162643
12567.195766965699,0.15271211756316003,0.15862247927540016,0.04296834188454218,0.019176291463092264,111.17696930985342,-5147.292318581202,-14023.398020155919,-1009.9483999336265
12567.086968414564,0.15272742591700478,0.15863220940159134,0.04296449449375066,0.019162448389474566,111.33396631894543,-2829.363967937064,-14351.151574882066,-1127.239610820494
12567.124150513511,0.15277506538874855,0.15863908509154348,0.042964298234857146,0.019160571631333837,111.4985370456645,-423.0852401063751,-14226.159528054008,-1208.8961691572922
12567.740726845299,0.15285999855277627,0.15862028392994473,0.042964341397657195,0.019160113886652775,111.67328586683229,1996.4190954053522,-13614.989706356819,-1249.1858702453164
12569.588331225294,0.15299175585209954,0.1585310176103481,0.04296076220195448,0.019174896519556915,111.86126396967397,4338.958569693551,-12490.109176468839,-1242.3170084544126
12572.096994444197,0.1531891671469186,0.1584629345529002,0.04294676231829102,0.01920509773698116,112.06602659648593,6495.032361964493,-10835.103206579315,-1182.758418949596
12574.445758040867,0.15338618224087508,0.15846544888496777,0.04293157480327565,0.019225139668546453,112.29159175090042,8332.13857568016,-8653.859003450476,-1065.7789228480005
12577.7745143514,0.15364581357755022,0.15852854511309855,0.042918021886963635,0.019236206222160098,112.54217476738154,9694.18192795316,-5985.070850981259,-888.659072408254
12581.190337515312,0.15388088668214286,0.15865645543216947,0.0428980540672885,0.019245096504291362,112.82141869090256,10408.837136020635,-2922.6964719510147,-652.8373060171341
12584.56664471418,0.15406169424254312,0.15887807389750003,0.042876437580732125,0.019247748369116656,113.13083602468123,10310.829217215914,361.5078088919163,-366.730215928597
12587.795189246433,0.15415042234425932,0.15918214255719912,0.04285226702589398,0.019242733280314048,113.46755060428796,9287.965687404005,3607.1938539399516,-48.405636248745736
12590.567788711689,0.15410288651243073,0.1595333812056227,0.04282545206125966,0.019226198353766464,113.8224394574232,7342.315398328673,6489.899089706385,274.1402137301264
12589.906406647193,0.15392594879926963,0.159630074801445,0.0428252388718185,0.019225646119265836,114.18085656155364,4631.200985606387,8694.948930040162,567.9023119156604
12591.584813611891,0.15382600645828362,0.15979960031145574,0.04282673409844067,0.01923004967843518,114.5269457643048,1443.330108405621,10011.699366335895,803.7976628286007
12593.322874447496,0.15371839789916822,0.15994213589264858,0.04282650875312527,0.019238846305019635,114.84886699806302,-1886.6246459274341,10384.932157682882,964.2191123857126
12595.008500184835,0.1536016127208468,0.16005729467075921,0.04282441305442369,0.019244756873568535,115.14114390952311,-5066.603500105683,9894.878779742981,1044.7988978718306
12596.904230941911,0.15347958308321952,0.16016725916843264,0.04281941286708836,0.019251823844248863,115.40367165971314,-7891.379703033806,8697.653049374452,1051.020288087598
12598.58187835363,0.15336468178432366,0.16025007385494067,0.04281301094505606,0.019257298062851983,115.63940119708037,-10241.950498522483,6970.326680642361,993.4953945299745
12600.088275218955,0.1532530577655694,0.16031095684844202,0.042806079319141044,0.019260949889142967,115.85242669700878,-12064.423652716474,4878.947230362875,884.3903398011605
12600.425740959876,0.15321652083149642,0.16031103467947042,0.04278238710117489,0.019267914623539915,116.04690301152947,-13347.18105884356,2566.2557844468965,735.5451522615771
12600.16881031583,0.15323847876798924,0.1603073569468755,0.04274880596249787,0.019271279675113002,116.22658882034159,-14103.605975368422,150.3313047972417,557.6682626657764
12599.858568022439,0.1532610246013536,0.16028858361269083,0.04272427439906063,0.0192694690252962,116.3947385549697,-14360.84027366682,-2272.326378832327,360.0755114499795
12599.323563438793,0.1533096121122526,0.16029146647825926,0.04270035435957292,0.019263692241482857,116.5541345603194,-14153.15101656476,-4622.416892179055,150.85725495734354
12598.991189485992,0.15333914737330998,0.1603025029118624,0.04268562310588163,0.019257584658592338,116.70717094259035,-13518.362576029884,-6833.712873643422,-62.87844798611884
12598.506982934376,0.15338684387346468,0.16030807947105047,0.042672731821417065,0.019249793500132825,116.85595324946415,-12496.0880164515,-8849.58856811832,-274.78019700261325
12598.065689679379,0.15342211120447447,0.160332012063239,0.04266463384492837,0.019243093650851185,117.002392262252,-11127.275016915977,-10620.284295208938,-479.02402563633126
12597.98878190751,0.15343981034627419,0.1603264391350581,0.0426562717727777,0.01923382052795473,117.14829364519443,-9454.433326708404,-12100.836377715212,-670.130632071549
12597.425141399333,0.15348091842749775,0.1603659417001006,0.04264518273034799,0.019217176155705177,117.29543656103111,-7522.475744615183,-13249.467408524419,-842.774350076786
12596.875842504312,0.15351265320710175,0.1604113116171254,0.04264325250026642,0.019213050391038555,117.44565721477538,-5380.040860745261,-14026.565177661088,-991.7121868042428
12596.448965185678,0.15353784359010406,0.16044980916854082,0.0426390316324515,0.01919872042042878,117.6009334079271,-3081.205895949311,-14394.168335098939,-1111.6271473166796
12596.087745023238,0.1535802628203258,0.16049070659368225,0.04263693962579663,0.019182434797171275,117.76347773931508,-687.8659166276283,-14316.026196510957,-1197.0097159792258
12596.648882783753,0.15364474041855303,0.16046635401921672,0.04263690728058928,0.019183703045726752,117.93583910504978,1727.3076387417386,-13758.637087658026,-1242.2392172013713
12598.31431780003,0.15377875931812285,0.16039540915325756,0.04263200222351218,0.019206056629379072,118.12100062050418,4077.1964352794407,-12693.711215820425,-1241.6450641868175
12600.76275380269,0.1539693589860339,0.16032286863435147,0.042619848750772245,0.019234099756181254,118.32245021703677,6256.013919558709,-11102.999808430299,-1189.6750446571157
12603.544185528199,0.15418938569394158,0.16029399708878506,0.04260913249104401,0.019249127984086775,118.54416944472125,8135.4653512093555,-8986.805926359248,-1081.4052607482045
12606.540042730097,0.15442707764854444,0.16035208007245128,0.04259727747683225,0.019259477763780192,118.79040987490933,9563.34877545642,-6377.595188336071,-913.7034481768612
12610.010516850676,0.1546702066973463,0.16048306143240018,0.042577975741509344,0.019268951651540318,119.06501490862107,10369.24411854756,-3359.6788577797993,-687.2065574025596
12613.576864632785,0.15486918014232098,0.16070323054881872,0.04256111552550121,0.01927173188672881,119.36998530471718,10384.909254670742,-92.09005038369698,-409.00207363645734
12616.99905658472,0.15498084901921644,0.16100130326627576,0.04253701451547179,0.019267882013103827,119.70325428556909,9487.00458917838,3177.375991830786,-95.4850120776464
12619.968260059253,0.1549686832551631,0.16133820722800263,0.04251268510851431,0.019254447108484472,120.0566018374686,7657.865203062517,6129.994704277101,226.8031394557372
12619.684565032567,0.15476142990398195,0.1615014438786632,0.042506862730789,0.01924747311784719,120.41586138643751,5032.69516188532,8443.619383535284,525.2338013171272
12619.319110230188,0.1545824286063001,0.16157500178509754,0.04251195638718373,0.019260811831542855,120.76484716899668,1886.5372727036702,9888.267726406733,769.7434238156268
12621.244018566156,0.15447024175748747,0.16173457887583495,0.04251198438924445,0.019262540146346582,121.09080096482167,-1445.8282320277574,10387.349244699133,940.9239346342943
12623.00724979937,0.15435204290000903,0.1618577471570514,0.042507046893378204,0.019278791059433614,121.38731689774019,-4662.569950100767,10006.437273512354,1032.7154126054625
12624.584177266835,0.15423733444733911,0.1619486707354462,0.042501685535265246,0.01928697712337417,121.6536772273313,-7546.154284392812,8895.62820690998,1049.5296707241648
12626.40973373828,0.15409339092422486,0.16203247584532535,0.042490887982780064,0.01929687068929037,121.89257751246761,-9967.477853853574,7231.877478097089,1001.4410372778605
12628.312219132555,0.15394947330698888,0.1621082479654221,0.042480241084749404,0.01930290227109328,122.10807547314148,-11865.904826804071,5183.745136778302,900.4667605695722
12629.299828860532,0.15385504482728077,0.1621224624751277,0.04246514480214755,0.019307765818416558,122.30438403370567,-13225.808256894758,2897.0653213367755,758.4205965462628
12629.19001141095,0.15385199553852896,0.1621003259504739,0.04243878974484667,0.019311068441568092,122.48534600582018,-14058.315810180917,492.66688059641587,586.0526296904683
12629.083354687944,0.15386061537384826,0.16209817098821994,0.04240216233702541,0.019309254293954924,122.65429360813921,-14389.410251944315,-1930.8132549809618,392.80895524532383
12628.11063566032,0.1539481147647592,0.16209552964730795,0.04238054264804495,0.019304563844277246,122.81406800305489,-14252.730267587169,-4292.5553644663605,186.84906530296823
12627.643062369638,0.1539913395347306,0.16209909269698689,0.042361896084760625,0.01929733811059962,122.96710867299926,-13685.634688753828,-6525.367128337807,-24.714763570692835
12627.232726467531,0.15402835668436762,0.16211127320396562,0.04235012706317491,0.019290594789003867,123.11555169777917,-12727.343431760943,-8572.147932616152,-235.5371519975848
12627.033829192442,0.1540488759587815,0.16211494819693661,0.04234409175993274,0.01928583716190494,123.2613209479329,-11418.275504103249,-10382.967502947697,-439.8449023792948
12626.60407433525,0.15408198045229035,0.16214087007080213,0.04233229916608703,0.019273397357718162,123.40621613146112,-9800.22833390342,-11912.894477334097,-632.2007945980567
12626.244412139602,0.15411026165062863,0.16216443000518765,0.04232594835692053,0.01926437436794373,123.55199744004322,-7917.101101507712,-13120.372575132631,-807.3744546504664
12625.629106629758,0.15412087471906247,0.16222223553057533,0.042315384119900004,0.019243409070077478,123.70046455571709,-5816.103249818854,-13966.130374228356,-960.1959227223416
12625.079836622013,0.15414683416030245,0.16227133221425566,0.04231245670167521,0.01923444118150834,123.8535425655077,-3549.397795342299,-14412.481975052704,-1085.4585974049946
12624.944962424985,0.15418265004527104,0.16228876573872292,0.0423098868825847,0.01921848494304349,124.01336996102408,-1176.2577875129814,-14423.261774259114,-1177.8248484436208
12624.878014005777,0.1542359249664919,0.16231543082722796,0.042309957350508264,0.01920332646491108,124.18239791834915,1234.040065893638,-13964.659948791832,-1231.7428922313254
12626.327760559343,0.15433378897099614,0.16223685503565524,0.04230622979972576,0.019224111327750346,124.36349674555895,3598.7887998170404,-13007.265778616058,-1241.6249276849564
12628.890300670097,0.15451473688316278,0.16213396588116588,0.04229579286298295,0.019251348295064755,124.5600335486095,5817.765211819078,-11530.153315395075,-1201.9492691434211
12631.496084764247,0.15472070772770832,0.16209661929397445,0.04228622830947043,0.01926623815694016,124.77588985058226,7769.045068214751,-9528.341619207826,-1107.5874312937656
12634.679155266886,0.15496787959457012,0.1621180154898942,0.0422716013975359,0.01928048969626749,125.0153142843735,9306.759251313917,-7025.037637080635,-954.8581144352086
12638.131615557211,0.15521556925588254,0.1622224439850582,0.042251778947897826,0.019291807634313537,125.28238088747507,10264.432829435815,-4089.871915034075,-743.251135489327
12641.803054105949,0.15543354959902234,0.16242717254922615,0.042231193969940926,0.019296730853149535,125.57975564013978,10470.879789638808,-861.6994722912533,-477.9190090620614
12645.318875171199,0.1555695295944836,0.1627108064230489,0.042207879226406654,0.019294844153826138,125.90661221340278,9787.195022741507,2433.3694986867113,-172.6419089729596
12648.604574851053,0.1555867193394308,0.1630647420260045,0.04218654781535183,0.019285233529771274,126.25631666496842,8164.987487132825,5489.641086520339,148.57029903410742
12649.460137858521,0.15543528454637728,0.1632898708329096,0.042169712219154686,0.01926857455951649,126.61584046906071,5701.468169670514,7977.467684216067,454.0727617336518
12649.356935174857,0.1552713038055187,0.16338508866164517,0.04217416244061987,0.019277750857322414,126.9688494427039,2644.0661897241976,9637.308579138331,712.4795753881765
12651.251498950865,0.1551708255845454,0.16354581229815818,0.04217472046224304,0.019283395618450036,127.30123352493335,-677.189539032465,10355.075199922454,901.5005592147407
12653.076751134455,0.15506434784226408,0.16367672768586902,0.04217367704626496,0.01928777934818819,127.60495099501887,-3946.03277138774,10167.835013498654,1012.0269020023417
12655.0041867362,0.15495178361869938,0.1637951923392641,0.04217373150126045,0.019287541709517627,127.87811379638897,-6923.70999874032,9212.267680344014,1046.3644438998488
12656.618733097195,0.15483117799152318,0.1638749827077105,0.04216396965014631,0.019297534388807228,128.12284728334146,-9462.39394719602,7663.474165423325,1013.6262236545266
12658.343362879014,0.15471626972316146,0.16395533396265344,0.04215438620936006,0.019303614760108435,128.3430551591104,-11488.340709450196,5693.908150024153,925.569036365697
12659.725564377826,0.15459704669426835,0.16399116862425323,0.04213286784708257,0.019311677430462904,128.5430099418628,-12977.901052935958,3454.8873507496874,794.0844903983119
12659.693022171687,0.15458680624710402,0.16397222232415684,0.042096368590150285,0.01931786686882106,128.72668339020504,-13937.65629431836,1072.4100837883907,630.1325312292807
12659.413766378304,0.1546081738175895,0.1639624906802169,0.04205809599142966,0.01931753439871499,128.8975385733482,-14391.14759371659,-1350.652064686586,443.3409276704349
12658.890788247902,0.15465478079996953,0.16396084045950407,0.04203252055847653,0.01931303039192452,129.05853229992184,-14370.751739104116,-3730.375796789631,242.00916873845554
12658.347024528932,0.15470459724466032,0.1639638217075344,0.042009198578191284,0.019305009130483386,129.2121895959266,-13913.113236403024,-5997.39123446183,33.365675152507976
12658.068236023517,0.1547286333204916,0.16397504965259374,0.041990947040155185,0.019295458701902062,129.36070280174408,-13056.905231066292,-8093.15573321433,-176.17683144137362
12657.80299354268,0.15476540927613086,0.1639620640411343,0.041986435773355715,0.0192921712829477,129.50602801233816,-11841.91393838438,-9966.888917266506,-380.84894977604006
12657.24010290246,0.15481650952205478,0.1639869956655064,0.04196837279028138,0.019274548699647995,129.64997224875307,-10309.091981785592,-11573.240065713631,-575.2408198795063
12656.77264875943,0.1548520556850323,0.16401736430781302,0.041956001357670684,0.019258400955376283,129.79428071409222,-8501.164140102084,-12870.599799109848,-754.1674257234357
12656.264793646842,0.15488633618929615,0.16405602307672867,0.04194911193505904,0.019246037712550918,129.94071629875364,-6463.615341623473,-13819.801574512621,-912.6028069717803
12655.71145461543,0.15490490787360103,0.16410552805033804,0.041944026775022236,0.019232533245129142,130.0911390836684,-4246.235552081094,-14383.34557929202,-1045.4851697040615
12655.137945038205,0.1549378620610361,0.16416046364269554,0.04194238044993835,0.019224663229356884,130.24759413937554,-1905.1168973199597,-14525.124006914024,-1147.6291093955415
12655.117917535092,0.15496638010615357,0.16417118613088263,0.04194192474225263,0.019214743833742543,130.41240767531264,494.7901524754087,-14210.904460946036,-1213.6629799709685
12655.765809031082,0.15504558049153908,0.16415422810448496,0.041942043548776606,0.019213919204778756,130.58829072919644,2876.40424448566,-13409.859421442397,-1238.0427515893216
12657.969459947255,0.15519506598690505,0.16405246834138576,0.041935994648829356,0.019233183679625846,130.77843690930553,5146.625001160071,-12097.835236489473,-1215.2281407890898
12660.114879818657,0.1553782984370331,0.16402999934444584,0.04192385417292865,0.0192552505594778,130.98656719955835,7192.05389882458,-10263.499990974975,-1139.9668295842098
12662.912472825494,0.15560095027170934,0.1640386496005623,0.04190947759192073,0.01927159163275374,131.21686075104287,8875.763286715488,-7918.70807562913,-1007.9827926169107
12666.07381129709,0.1558372661066258,0.1641236976900223,0.04189042509469559,0.019284786376663542,131.473587851715,10038.064645806257,-5114.614598100231,-817.4090165809423
12669.726056723515,0.15607072363368252,0.16429814100981366,0.041874359629316515,0.01929033527507341,131.7601435388183,10506.95914100288,-1963.455675908314,-571.0161672718965
