-120.400895847544
-162.61762720362432
-165.260902328791
-74.46600274102605
-82.12681270374792
-65.19715081033746
-70.62943834016224
-92.33282036024401
-95.30936507757089
-115.95298952311093
-83.61648707838862
-91.21701876596971
-80.65549949067034
-83.51107887934103
-96.45863249029892
-86.74971211607735
-82.12361056767432
-83.06913609203717
-84.02360985472234
-81.6960425885546
-81.62993511835998
-94.55111969871986
-84.70166999269233
-87.2693939353545
-76.8920555289244
-131.67510688599316
-92.3353111061117
-76.7366519355211
-86.2374389051043
-86.56378479001857
-81.63046269423184
-74.29263444640087
-77.0876385646409
-74.35529204265589
-76.83133369899127
-71.1008820081515
-76.04638283251802
-76.08241943404298
-77.97878919586185
-78.06999666997939
-84.37780185765045
-79.52178598244329
-77.22468738886458
-72.5280616415423
-76.82793796887519
-79.81298471000353
-72.65661600288462
-77.16657379279945
-78.50297764288486
-78.3345107241393
-76.93635210054421
-79.55489899137567
-85.31873530217052
-92.10729918586918
-90.34047825361304
-96.30963251059835
-95.13349693229127
-84.37840565566374
-80.49527617421437
-74.66407084916118
-70.18028854498398
-67.20973705077941
-67.62567258756565
-61.68920071654258
-71.53464945689845
-69.021345353472
-61.68856629661062
-62.367464347140356
-62.28421401105212
-62.614593445950334
-65.63698047865138
-65.58133156128874
-64.26810321313496
-64.94828084249431
-65.44115300379151
-69.88640538680468
-64.56488653174681
-68.37805962210697
-68.65287694441075
-71.92460736821357
-77.42296555972287
-75.16304726654914
-76.52514933389037
-76.73778001674295
-78.49964291422519
-73.5444233764454
-72.78851902581476
-94.45362970882545
-93.18171147740341
-82.60862145211605
-76.83452092711065
-71.31497248954973
-75.90241662534048
-75.0084654016315
-73.20256541706712
-94.40727992723801
-91.68236147036787
-90.27889121496449
-86.4861062919799
-88.08722062983476
-91.03991429942639
-79.88287501146881
-81.89572418911122
-84.25440112569107
-99.06041764578221
-82.15608051967557
-80.01809898853085
-80.5601663856032
-76.05862073515532
-87.84579540173767
-79.70038366866795
-78.08265893425812
-80.45675998705438
-91.78248658709613
-84.39361006431153
-84.93484803818681
-93.6579718890682
-92.83994415587993
-92.84229808280809
-77.3253903538385
-80.06264490640365
-81.48954928434567
-81.88268630314083
-66.32701302629907
-64.78243067886493
-64.48644043212482
-89.57180591522865
-86.28886056640899
-85.25390645528024
-113.21138005697944
-126.29402975300626
-115.31644448541509
-86.98273128346764
-83.66935427240537
-93.27189356437852
-99.78627257796897
-97.06796824160622
-97.48787824038003
-103.7124357010552
-103.32575265450478
-72.3567097307527
-67.49655352029924
-62.238653514572135
-61.579326856211985
-63.981299800441796
-68.83294107499565
-67.41674119176585
-71.8001190694435
-70.51905835227448
-66.78446636707474
-62.90629577664057
-65.88604271340174
-71.2176699521884
-78.14200062127956
-71.58117679626208
-73.46581520458969
-69.70800236288878
-71.36691739431322
-69.34091612260997
-65.00655961699356
-76.85395673178124
-64.08913591595471
-63.174537357822466
-62.09496086732694
-63.665767710727636
-59.51049284009121
-92.81883181467826
-70.79399548445353
-66.53738682026587
-72.53021089528211
-72.11331363084054
-74.44512221086602
-67.13532808074923
-61.892803043944255
-91.01924638812255
-84.27016361987492
-88.19130667985367
-81.97218155651396
-74.53050498111226
-75.44822358598572
-99.34683451023214
-147.5703562056251
-69.87455730871017
-64.26246193661446
-63.640845521401054
-67.21592535053395
-64.66216656876637
-66.90396499912244
-66.44480763296336
-62.05787277318605
-61.26468509595619
-61.89943607162458
-62.31578661646546
-57.778196329158234
-59.44674505622559
-63.5517742900504
-61.41947664797505
-60.931322522203416
-58.81503069988424
-63.603956792694916
-67.89662112256008
-66.24851681042045
-59.642664888768955
-58.466800313708376
-61.1754219974389
-59.32687626267136
-61.328053818350746
-66.49424497668754
-60.19632294626064
-63.94330138093092
-71.5492157744838
-59.94919049048042
-58.00251238617137
-60.22133140146267
-58.70663384973803
-60.55635299532103
-62.594622547954685
-66.03263416474634
-62.979934540506136
-67.1411230485823
-63.04172572745699
-65.97388896890904
-67.7912859825024
-71.20959449661237
-63.11152527064555
-62.69726133675989
-65.32120607028308
-55.11403000468402
-55.43863378674101
-61.59536541977242
-62.05390475166845
-62.17123354515061
-51.072143422322156
-57.40094508843645
-56.073786900043956
-56.25664015420353
-62.185150309403056
-51.9961460735587
-60.2264108146
-69.18072690454167
-68.75255819769653
-62.40731968491348
-57.04009779912047
-60.25616407316319
-54.96773653344744
-53.163838974216574
-51.78418771929059
-51.233264641062156
-43.67705089763868
-51.552015636538464
-47.94010811066334
-44.15962091335178
-50.043334224526134
-79.77715921741378
-61.35220275868518
-53.59240897477111
-47.97303463513481
-50.529609180018205
-53.21169625228169
-50.25206553370626
-56.71325506210936
-47.74227836154819
-48.432727064502245
-49.70210156750401
-52.99350593378167
-51.66126821224806
-56.629995853758516
-58.11580007478573
-60.12833799669782
-57.41795547984843
-53.66159228890085
-52.46502398854268
-56.828053408343536
-57.94426672652675
-57.77575013340941
-56.47978887665503
-58.48073544836969
-65.43390767943066
-60.04184269595853
-63.57043981208606
-65.00454173199253
-62.57707659311124
-64.81706789474143
-70.15064634146907
-73.60691147001984
-57.47244324136759
-61.01373386441407
-59.23029658593608
-65.58694828859261
-65.55901944871367
-61.637349650504746
-64.59874871735201
-66.42394569926698
-63.975439868204646
-63.65596189621274
-58.60643715793358
-60.4041999883083
-56.962301921833344
-59.259634043747695
-60.008423085678345
-59.26036684604577
-184.1486725198142
-169.05963226008092
-66.22009288013777
-61.486497387808974
-67.76477254164688
-64.05553535035325
-68.58112729531885
-66.86178565951664
-72.03183725447072
-66.78390303214032
-68.07249356701915
-64.16699122964002
-63.21805142182209
-67.60129013083018
-71.7823030818057
-76.86006092660016
-75.51902176789194
-64.22614128430939
-61.12065652240633
-63.16323036611093
-60.3955687541151
-63.002090468458455
-64.99668205209827
-62.686696332688655
-62.151718295386125
-64.92781537643891
-61.40059246253294
-63.1711082213483
-62.5620898924948
-66.86265383743124
-62.674137569397615
-65.16354984379257
-67.58056634050715
-61.663323634055985
-68.99666247966333
-73.20165696908458
-67.70711409515444
-66.9472030430664
-65.01973322456841
-64.97273778908718
-68.52406602800164
-69.08319656355546
-71.01170587675779
-68.93961350243542
-69.65158786487169
-66.99120993088411
-68.88215236361137
-71.93466300693899
-68.82879281036115
-71.15579510918005
-66.31063970399926
-71.86028398739042
-86.14400273984253
-80.3794309602488
-63.91174118031971
-68.79980249631257
-68.0667032511644
-68.72460988899184
-67.23620944299171
-75.35381988441517
-68.75093497988405
-70.70210803336235
-70.04618250804664
-70.56918981364976
-76.66797309315486
-81.44879308920785
-71.7149795713702
-63.304900106833074
-63.48496105660715
-60.77036682820163
-73.21923231705577
-69.54878234657347
-69.19030950064533
-69.96547948538631
-67.34335651884669
-76.94467050441375
-71.18531544085444
-71.96880728522837
-68.20302130613783
-74.44819517267028
-72.35053656759943
-84.7223304838998
-72.02388319410638
-74.49278403181138
-67.79821949625988
-64.94437269428224
-71.48983626910574
-82.282108467486
-69.01796400023872
-77.03316164508172
-75.57287299744979
-72.51446624004609
-63.825000672089665
-67.68683235254903
-57.31266294086444
-64.00147296920946
-77.80518686972641
-60.27475179678743
-76.26539253643229
-60.900861424561555
-71.539131131924
-69.22918287664729
-69.01324923142616
-70.62366060601705
-64.57060809803558
-66.72668982689798
-66.87433798632749
-68.49534798886346
-82.76427800254423
-72.9708275138072
-65.14484007353914
-76.50169764987194
-129.60014617104517
-52.93225997531821
-62.63655996689366
-67.75710214954573
-76.30239555126114
-69.3889243485917
-69.64758499562622
-72.97897405974261
-75.07898400303391
-68.6719143915301
-54.57577968860835
-63.275552290677304
-56.910092419910356
-65.36502321365457
-59.141565991020094
-58.34352233744727
-58.985178940158995
-67.71722326789605
-62.51465985992245
-50.70756993299221
-58.29942993673791
-73.71498832007238
-62.21588653870955
-66.43962010030404
-55.89629054299839
-53.337129980782834
-56.61878265564278
-64.29710572949642
-60.11983997541058
-54.64540037762331
-57.33916684043262
-60.26781384988841
-60.33651817291635
-53.75086496323791
-58.17014057164289
-72.05030490804494
-47.26904266148859
-58.82050740265404
-60.95277618366763
-62.61760594735
-53.14847548890302
-54.839399223292205
-55.66103071728391
-49.944840700522896
-52.16049832565632
-51.083845553694225
-55.771797055865356
-53.44551739551351
-54.21917187421803
-63.76174065981147
-63.57974273693538
-58.66691149773044
-62.260322315599716
-56.45024204220194
-64.55619769042102
-56.56091118882324
-52.01327641416258
-57.299820700851754
-98.69779642368584
-94.42040318714272
-89.76295202766156
-101.82602850436606
-91.13404637110746
-95.85394611016584
-55.47854715333166
-71.94930108498227
-68.5803219982585
-71.95456357249002
-73.58110751191025
-71.05405164996583
-73.68667872864538
-82.10888606196434
-82.35056061422408
-81.0606858311495
-78.60935294570645
-76.87586203439851
-79.97002772780147
-82.41950425699275
-81.65850961819586
-80.5592526185847
-80.35116696667494
-81.93081133026325
-80.72611814373212
-86.61177803477176
-74.41412098199768
-90.19313681034718
-91.08067164745304
-80.42790801681674
-81.36874755782799
-87.48626566405952
-86.83193708085177
-82.73251656830823
-78.78266816356786
-87.33071971083041
-86.35142198808184
-66.01391720768089
-86.72808435717907
-70.42262669013108
-63.738736160726475
-83.36427494311964
-66.68093052793962
-76.47039063590476
-66.41770309120601
-63.84792885408833
-68.71973273405806
-59.64806587939472
-58.1579343029901
-71.08090087234453
-61.405913375442815
-58.4638355225922
-57.798354428589874
-56.043132066411815
-55.16625997378768
-62.31155873825027
-64.32152112117265
-64.98001236171746
-55.110934207672194
-63.180026354070414
-69.17610162471996
-50.98723306642248
-57.31953113986884
-57.476227176025766
-54.74745470949693
-76.24397462681642
-45.719883969503464
-62.5676974494255
-59.794680509085545
-57.928366966831014
-65.06363332669386
-51.89061824326868
-59.05962702849177
-65.88985024288989
-58.97414193087677
-63.04555785994928
-57.25497509637279
-70.04661096279874
-71.56798927213572
-64.57483996330896
-59.95952903312235
-62.981244244024175
-66.64054508492299
-56.85243260801327
-72.96653470855166
-66.3504503486422
-65.22366552455343
-70.70982473240565
-54.12554887483451
-63.22548213089591
-58.183476813909884
-61.24112980579521
-60.99797824069618
-70.21219163559518
-58.10809443530016
-59.012810891399155
-58.032948896373256
-61.12834838615445
-62.645412606604154
-57.217055615743114
-54.719706560044806
-56.833699918808264
-74.27236677145935
-63.48155316216496
-59.31569553181665
-67.89793313671849
-66.87605444826572
-66.8731007585746
-56.716691172997855
-59.499129891144236
-52.7436302185745
-63.512705936453365
-61.07147137972269
-53.81224136040695
-53.76192021624703
-60.1782579192503
-49.31763969890195
-52.04822988342049
-47.33818748427374
-47.45162706714028
-54.66984476736505
-59.0112103266642
-66.1705544099717
-60.023205844825405
-52.50791563015111
-57.52050865105596
-53.57668025520916
-57.874191379860754
-62.2592264276383
-60.98904301493186
