-114.06435316749717
-129.10355445284762
-147.51060874429385
-143.893005209358
-110.8787698273457
-116.9947345186579
-107.57944557696356
-106.66881464168026
-106.76938174244624
-89.34906917002168
-112.58050148483225
-121.6597791882333
-129.82672184688985
-142.42215848484074
-142.45623213994054
-144.07702391414838
-144.51758122246753
-160.1481834481394
-145.6611148102844
-99.08414139388766
-110.53361406092868
-118.93815604788111
-125.08363166178516
-118.77550648447188
-118.2201166822046
-117.60175466360202
-126.7340072455856
-125.1916817203173
-145.43486145694322
-171.43727608905706
-119.037728548858
-151.94347732302236
-169.6116929642439
-141.07402213027865
-155.2888418212637
-119.84727444636466
-116.4577311810991
-114.50768265094608
-110.04229488197142
-72.93413997251326
-76.82909618245047
-75.05875905712485
-84.89788873957981
-89.22961819373762
-86.22982342332325
-101.34031974195062
-95.27073866812299
-97.50371643435325
-89.19378185832007
-98.15624443447719
-97.83143152451903
-98.66406933477616
-90.6130378260187
-90.08002816820752
-79.82571899678707
-95.03627317322247
-96.55819055034381
-91.84867789795351
-89.62804496855888
-91.44669961274109
-86.69676502555701
-93.70900754180072
-88.09207244431998
-103.0580152293436
-113.57481920232712
-110.61510448359806
-105.02004199305881
-95.84904681700864
-86.10840051812384
-81.34914215325982
-78.11563526770375
-70.36241737906212
-67.04906333353703
-64.62970394608072
-69.02564708116222
-63.748849326022516
-73.82309765168347
-73.50303687880331
-70.35180794729457
-70.25061952872059
-68.46119313558269
-73.85177815631445
-86.52693479912867
-87.2010336496921
-94.93760476279478
-81.93779153140615
-84.770791654414
-81.79728977959654
-83.71640835187085
-75.91876834361453
-81.34274829630698
-84.07342218162086
-77.61465573288208
-88.19606337145274
-88.31240330476035
-90.12154442265485
-85.47636500250337
-74.81750570086622
-72.32031292129626
-76.40573012983145
-81.41131051618835
-70.42839394031576
-73.16019427347254
-72.33946115848241
-72.33971900016142
-73.85635265091737
-75.65508046797362
-73.09687340717923
-72.55444596449075
-74.552124366359
-80.26487337949787
-77.83187888824703
-81.53941517882947
-82.52700814235506
-81.48125708154562
-85.24113690579601
-85.3895153596329
-85.99499507976832
-82.8884738183376
-81.95275595119651
-87.0678140543108
-83.12171137282085
-87.51436656761506
-95.75189849221056
-102.08572734777353
-76.75497555675103
-80.71259059102506
-79.13319161915305
-80.37065556989769
-79.83350547828017
-82.15799649826643
-90.16692641837552
-91.41517722495053
-90.89131397963234
-87.8416662192989
-63.587391494888664
-53.70119632258588
-47.916396392808366
-54.715950924077276
-67.80934720988193
-47.399391342870075
-55.6097651345337
-57.28650172245912
-54.78248789450299
-58.14493174791703
-59.46980322604934
-60.61804876380153
-53.95963749767404
-59.8620874152333
-68.9871262259597
-57.57051702622501
-63.486325263739786
-72.82249892159608
-58.94273780059455
-50.932534880586346
-54.17447883699331
-77.00489674065591
-65.95927599451436
-68.8253345909242
-71.82258588102015
-64.56737147607993
-60.73936551434099
-69.72407139336465
-63.66196974884141
-68.51206966916446
-70.0154691829067
-67.07221397914778
-68.30846227560131
-67.36196120872435
-56.19162823474641
-57.6540708173606
-63.3820317552895
-71.29161231444613
-88.28757332733963
-83.87877104521682
-98.53945661885224
-93.74248131910404
-88.01269233457033
-86.68121862694889
-101.99908173583765
-103.01921850215189
-61.05035352263701
-68.63163648130117
-71.76577095400742
-67.99483370747126
-72.19625044928054
-81.46280184157791
-72.76545428933557
-77.44195922376787
-84.23271208924837
-93.27503521733392
-103.48865685184201
-83.93531897017178
-70.64863978826462
-115.66014026158457
-60.82663943011014
-59.09305022786368
-62.9944156499207
-67.82041644544078
-62.46941673726791
-63.115359234158696
-58.88862873325155
-85.7394516705716
-66.1451413766544
-67.91315206071015
-66.67112330648611
-73.56403130171032
-76.08925110907724
-67.60705139374862
-69.2136897023726
-64.82385204866941
-61.76569978543622
-68.13835024558104
-68.77413008937988
-61.99040505081862
-66.2825656218377
-62.331840621505435
-71.46770718285613
-80.88590731462807
-75.12699835889632
-73.82896345137475
-73.55119437908048
-63.64467873385568
-76.00801567554305
-56.2577452074004
-63.37180734964445
-68.43853550287547
-61.49588079737444
-68.28194741012994
-71.4856735744466
-67.98917665192612
-66.85733230083844
-70.1741478366224
-64.4155808977795
-60.00805058214982
-59.78707362400283
-63.56709631216942
-58.82108596566883
-57.54137507538202
-58.13331381510333
-57.85428972089801
-72.45213028743262
-64.45733560211528
-61.29729833768801
-71.40302061937248
-60.98533780623921
-63.71965666811503
-71.36840131697195
-79.61118896774913
-76.30343976181284
-67.17774605803953
-59.98237602678294
-59.87039618742705
-57.83384610872221
-56.91758590002787
-60.765394134994125
-60.28406720738453
-69.38469320987907
-60.90406171083117
-58.4508460518563
-57.0862227753231
-60.53970452169707
-60.48237894769216
-56.98530632684792
-62.38845496047981
-57.232806338938474
-57.740550662608236
-60.45478397024281
-60.365410536547536
-58.5043357003322
-59.19389934407295
-58.75501933207389
-56.87872629215094
-60.44624846422702
-60.69036429793144
-61.59428600057129
-57.839291043343195
-59.16893886395974
-56.858057683774966
-56.473410864057634
-72.40878464028071
-57.98466785891536
-57.88561036301567
-55.67588801066292
-59.2138233541581
-61.45846621264982
-64.88049229462823
-60.88006466772004
-57.113543817776076
-59.97812861985375
-60.76124129305306
-63.485959738563324
-64.34210575891132
-59.70941342324789
-62.00087410705285
-59.40686272787143
-59.311807852532716
-60.730027375735915
-55.481377113655554
-57.56258750286419
-58.46174466848955
-59.53236721789844
-61.096213191145694
-55.497286445321436
-54.85422792172734
-62.744268753400064
-54.487173550044204
-57.66529305754007
-56.1727807371663
-55.796749348102104
-56.46522711954591
-55.47065001554179
-56.903523762527435
-58.2550443598842
-55.463566753838776
-56.873293068553714
-55.479931969967105
-55.89541211619598
-56.176753693615254
-54.90632718410475
-58.21838993461436
-55.466203946588976
-58.49089165059847
-59.81248876684249
-58.41592099973679
-63.607994901305005
-58.92423018975395
-59.85470673297897
-56.718094521394626
-57.72861779143109
-64.22617871738895
-58.304641390349126
-61.63443628630832
-61.48640065706018
-55.44427618811446
-58.83189157778537
-57.18065227074329
-57.441829839864596
-61.532483528827136
-62.08633428977442
-57.55015801614265
-58.479730494376
-56.2895290732576
-58.86675186094097
-57.817796062517175
-61.32201054037287
-59.03409711382337
-59.66049799734453
-65.28499284569294
-60.48905149079114
-59.735296434139755
-62.907069689632685
-63.58417334987821
-61.38323468558813
-64.4715114275936
-61.68899011364465
-64.78334644891927
-60.520991689292444
-66.3719655399905
-58.259147159594406
-56.87073682272498
-62.38889218015275
-58.51575991337152
-58.3914798222511
-60.771121038989826
-63.88446696165222
-58.84911513754503
-56.35547257973021
-60.006395154695284
-55.749341845386546
-56.683544564803654
-56.914592273517094
-58.61891650111096
-60.42971725230775
-58.25454650237128
-59.3408506788836
-58.37204244372148
-59.94871140306898
-61.105175148821495
-60.425863904985114
-60.33240353105336
-56.90569256928869
-60.09068106249183
-61.69738337500147
-58.63056933937433
-59.17590117697539
-58.66725709950087
-56.49560817350457
-68.20583827397287
-57.93349155585233
-66.59204318012249
-58.66441127232387
-70.84241483975866
-52.62125873536264
-58.5692629530593
-56.90727387752378
-61.05017815883854
-52.57014389018963
-57.61953531818936
-59.06317082089013
-56.58625000695201
-55.70839869280881
-60.22798750783149
-59.21226305777681
-59.400765744816525
-60.421389207891
-62.46566923181219
-58.51463620860817
-58.9496708611736
-57.373384340573175
-59.48052074455626
-58.125348354801766
-59.68549826763366
-58.57728048023864
-62.185889980784694
-61.34147761071236
-65.88361255683152
-55.70103380966618
-59.83891433727524
-59.420875580684935
-59.29530833256305
-57.86261444322773
-58.67085876340084
-58.41716131684526
-56.945014846446185
-67.38992939254572
-58.791017982405656
-65.51421559505211
-58.847219038936515
-57.42103856037808
-60.8351759125803
-59.538853659592334
-64.36179764140553
-63.545193289488864
-58.11668148401486
-58.86443884533539
-60.93265231200395
-60.34385730983187
-62.40742717654657
-61.12993100444893
-59.62859464658644
-65.68768546465186
-62.15459924747192
-55.46896521900603
-62.0139127426873
-62.63637213218125
-55.47229774711081
-65.40871943730617
-65.06994057566023
-64.48478480039356
-60.20357301841398
-59.11657127186922
-63.65403910454696
-61.26371915452661
-61.82899533699609
-60.25419122761007
-61.59941438465579
-58.75668538124799
-60.35081213373268
-61.182910373357736
-59.30226659918758
-60.894408785560934
-56.53490966914279
-56.601851447966226
-57.8000631846485
-58.96209774383195
-64.13543029773678
-61.40123019397135
-61.372413039142344
-59.009343944569785
-60.88354515479672
-59.083892329171306
-57.41548226246043
-57.796521338956026
-62.41163644732014
-62.00802220625911
-58.83526701542844
-58.38562792197964
-62.06898122478694
-61.548704509649916
-61.73291498701345
-60.79245825008146
-65.41359659069599
-60.58351427372249
-61.29016690002456
-62.592036469348365
-60.89941384658321
-61.51548592111462
-60.93323564199453
-62.16794769882422
-60.994795211842465
-55.93484705871107
-57.25354911328419
-57.532603810497164
-62.10669856545616
-50.542029861494306
-56.180311415204024
-55.55296528938656
-59.159909839320434
-54.604005203134335
-58.34078295354572
-66.6205420124545
-61.094232895541076
-63.89391822686384
-58.29977673313366
-57.7672526110509
-63.75056781511294
-61.68624131188237
-57.910797693555814
-67.24975878290617
-60.25403911606272
-56.5147882243796
-56.34627195151258
-60.338381693082034
-56.208874498316845
-56.50920243823858
-54.009338244238
-61.31321938586255
-59.20219698744735
-58.59774352144361
-59.25387383749903
-57.71360175691195
-58.96794077798904
-59.59045922261713
-57.73435817881002
-63.46052783213332
-65.68491516997037
-60.928080002830846
-58.324234850233815
-58.9652354027922
-60.21484090044084
-54.00152647951491
-55.701365108394434
-62.66024941583588
-56.24422217697845
-56.84292313141421
-55.47221754898301
-58.3458072171644
-57.19764741298249
-55.5790186232022
-59.44775504183935
-58.62021790810163
-60.15518637856327
-59.86504439778219
-57.22660624673049
-59.21256033438007
-56.72881725473478
-57.411621575484965
-53.24455979430015
-55.00235760134434
-52.95535415742901
-57.12190850664804
-62.93002461323766
-58.00171109725783
-56.489490722957285
-60.667191877872206
-58.578844553749995
-57.03108181778421
-58.80357694713569
-58.874950674034196
-57.671540841468456
-59.97792707460278
-59.21535703367071
-58.19784519814594
-63.24573919656214
-59.36741836986956
-59.72635477742243
-66.98334576863424
-61.10348275901133
-59.053308990298625
-59.43214927170238
-58.58184687321022
-61.40188702756967
-61.8906017461933
-63.11426405829079
-60.70041377751008
-58.697464153717625
-59.75553880797455
-59.518366998829435
-57.91367647904721
-61.714554893702974
-66.34237688170315
-59.80646544828814
-58.85640677441303
-58.697235584386185
-60.523954966683036
-62.24354329567459
-59.524308990558815
-57.043578849517594
-60.83713776382879
-61.32158439394242
-58.17079067245917
-60.4886371464167
-57.69547254988587
-58.8431232609831
-58.25150179748011
-55.5039778973367
-63.72131221691606
-63.91225058975347
-60.19199625777303
-61.548041869727804
