-119.33644027319696
-140.7194839963445
-159.40123866654312
-173.747485525399
-103.20073594372822
-109.2157325611567
-90.65218768898285
-86.4440664014653
-85.92434159236029
-89.94096663254318
-96.55088815687152
-96.48284457720717
-104.05117279595153
-108.23204201439086
-88.50350282907766
-92.0849152145527
-97.79053329330897
-89.61965901821333
-119.9217419066045
-120.8831150640869
-117.52484304734354
-86.43499035804334
-107.35503200764128
-98.3858026573346
-87.89552872823998
-89.06179923022633
-80.46499761228894
-80.9303838623275
-89.10947711223362
-84.86975112520982
-80.76304864326151
-77.39748456302836
-86.20641784381746
-92.12081775891632
-79.15638360028055
-77.69272832703186
-113.27211958253542
-99.27919455292682
-99.95082644621476
-107.19870526170251
-98.79071136970578
-99.46231033057755
-89.30021713780307
-99.869130200771
-99.87447856908997
-120.02279278084758
-122.85564822267231
-117.34588896369027
-113.52566139932104
-84.56915698776052
-103.33401704239931
-97.5295997550798
-98.11422508051123
-102.55019729463355
-93.25665169873616
-90.13868976681749
-90.71956594159003
-114.29629334104168
-110.04229075443145
-108.35653876190518
-100.33425243968625
-124.90882542250618
-105.4532214540015
-99.48614407805545
-145.63896042048248
-104.28776148411256
-97.47388425418009
-105.18124536513953
-104.83966461009805
-98.47551733656891
-95.98395559790698
-98.16935395754528
-93.11408584975639
-98.61391669893086
-99.37753887675152
-101.07149397905042
-92.29087855269123
-91.0222976444733
-106.40511527601365
-105.99429017226194
-100.16325226849253
-70.84001079091203
-68.39152520188155
-73.65298371877545
-71.46562937231519
-74.97006155260445
-81.97541805734319
-83.32565859950213
-81.00297729270223
-86.45444423656942
-86.56173170640173
-90.89183808599914
-88.07589440220524
-102.97703701931837
-79.45284470018176
-88.23081357276537
-87.56054706130321
-85.02448319574839
-82.25819465872978
-90.28593181507503
-82.59459781183885
-81.68306222245252
-82.42599370055608
-78.84480324512697
-77.35020061420907
-70.62001647667033
-87.66471853189402
-92.85302895124644
-71.07252210087793
-68.8921795758539
-70.93491958093018
-76.80669562620002
-70.72067759783442
-70.73076761929029
-75.37415263699872
-72.57555764368277
-80.80536044032033
-93.63768172381783
-98.26057092710204
-109.55361397147092
-127.50766636619652
-113.33367088483682
-93.1374698406556
-90.6856416044438
-108.92070603718501
-101.4322993062731
-84.0640634515627
-90.48390761363049
-111.75387980152473
-105.29661551055149
-97.19187527863212
-113.21863625390205
-115.72185757546514
-87.41324561946435
-95.56444467847817
-98.99233516353667
-95.95189755337755
-98.71919474958102
-84.37851597372342
-83.04381247174136
-84.15003252029346
-97.30687934402329
-125.33133169147978
-85.42995698632403
-124.38749833217383
-101.80651957849993
-102.4815349400821
-108.4131088043205
-117.32912377380896
-95.38017265199491
-93.3943659881888
-86.01846293170318
-80.86981181414987
-77.8902474453104
-90.2406120627777
-93.46090570872938
-83.34950112065363
-81.49881122482613
-71.40888020961224
-75.42268959947688
-74.72463995234374
-63.00619628694938
-78.34113447984959
-93.97717184972005
-69.97402223332264
-65.07879010986697
-67.30331005611961
-62.19383582555218
-60.377637117154016
-61.38897243644404
-66.27737402136229
-75.75709779122049
-67.5105536597156
-65.51269016979788
-64.17793274866705
-74.9973744759883
-67.55617249630752
-57.83199511131385
-67.30829844085693
-66.26285249696897
-63.25141131591278
-67.18330503877868
-61.23643788903474
-64.98562088909549
-72.07064492702949
-61.710692278987416
-61.43704103624542
-74.48683038724147
-80.66355354104859
-66.48711903914484
-71.61132734220293
-70.97484205106107
-74.05512869588614
-68.49277771365378
-70.07758028970734
-74.16248638756365
-72.91528090914295
-72.87593306197043
-69.48235493820368
-73.4832369040363
-68.38508487515841
-72.9944199756844
-71.02502088691091
-73.91114765470309
-67.7322334843431
-71.0998033485039
-72.12645741644508
-61.718915796893754
-71.65442049416946
-68.51542910636488
-63.80782895214557
-63.03329008153328
-68.33283734456816
-62.44804734526267
-67.20302240912645
-64.08484227195679
-63.04835976257699
-58.8230548602992
-59.947372824935805
-55.33156931616523
-58.94203850543554
-60.96853990324674
-60.42164474761345
-58.113771084774584
-55.30376985406228
-57.28843093951471
-70.56530827114922
-60.21346952119878
-61.32646019572103
-58.97815381448416
-57.27528205339949
-59.07600051029248
-74.84594817790281
-57.06564427871993
-56.03590250621972
-53.95005032523657
-64.89044059715587
-52.90516536231657
-58.27196086389758
-72.0464906467846
-57.60214606919639
-59.57454228031059
-58.260622130083306
-58.723022143935104
-63.9486485042564
-67.22779892369127
-62.99295636452648
-60.212232434012144
-60.176534039498435
-58.36326486018659
-63.253020189597706
-58.51663336516823
-65.14709667854432
-59.89099968029353
-58.12617088976893
-60.03948679911107
-62.140611209268435
-62.67454906929723
-58.851442849221385
-59.91990964971347
-66.54585233768776
-57.42427623699169
-66.19382041294867
-61.539932631745145
-64.97170759016373
-64.63912580001897
-64.79853507952797
-63.76328203195825
-66.8369021574623
-62.32731110898631
-61.313142953177866
-59.0543676351607
-65.6717707700629
-58.957248694646545
-53.94766790692005
-59.91661496724531
-75.78789237855136
-112.51975321745243
-84.00464272684793
-63.798178348011575
-70.91836888513458
-62.68158469072709
-58.655262411676844
-65.38181579916282
-63.10346420823618
-62.718050932154334
-60.445011180286336
-61.63384613582046
-62.99633040902398
-63.41849139933356
-53.95872293203566
-69.7202979824123
-61.89764364595428
-59.83235339692605
-79.45781420529806
-54.92834771915308
-62.396352583472165
-56.904009552867265
-58.78594336640917
-73.50493109334963
-57.21170739964293
-59.98520344610078
-60.78648323914607
-64.65763396210957
-60.25891365577043
-59.9558372893078
-64.61522118617563
-61.17290145361679
-61.35338754335976
-76.46870275389384
-59.61006531771208
-65.35192493446225
-67.62611532996347
-60.65493657961544
-69.57359096337215
-63.85149232984255
-71.37679953316807
-65.71892960430259
-55.6154551170191
-65.15199080641388
-58.823573593922454
-55.71316721675407
-65.49767284601036
-78.45033369125495
-79.25793181856736
-73.69836432383242
-67.04085866662413
-60.939905056647056
-67.3985923146276
-73.2879430410309
-58.94214487132581
-73.87420503618792
-60.743507887947025
-54.962270830994285
-57.76994658827537
-67.15828456395906
-59.442814827131386
-59.64343798864511
-64.18176091397156
-59.774854917546854
-55.45554020344532
-63.16846428127788
-78.39449803671457
-57.059041916450084
-47.794410875409504
-65.38794706848309
-56.15368046160225
-62.20887944692834
-65.73769898363611
-62.29893190236306
-63.08101883593825
-64.78130280774224
-64.43081412970587
-59.01125925103437
-59.56179286086839
-57.93774012304539
-74.60829934121308
-64.61705735360073
-63.28653027424669
-71.36656131828182
-65.31307598675212
-63.43212246978341
-65.86319253710751
-69.0049806800943
-62.22915591539024
-84.24530848203268
-68.80979962586262
-66.72318726830042
-69.94636966872744
-71.22910381136946
-68.8724852335826
-64.3209697271904
-57.80712425849554
-68.48047736898715
-65.40057097925103
-62.866668845757765
-73.74987633048609
-57.519776903993915
-58.11727296572816
-61.95823658537129
-61.90778537713204
-63.058803910459815
-89.05698283948765
-64.72654943310047
-56.034783017302175
-50.531886554276085
-54.67425866304906
-55.44047271795055
-53.03362589776737
-61.88034915736687
-57.51329580370533
-57.84280494186261
-65.15754089688008
-64.90330443518042
-104.32007566955497
-84.87955903178657
-100.6842347828956
-86.28010803459544
-81.21646204614056
-78.55360584015425
-66.15728640347315
-66.09686347818587
-65.43192426495446
-62.320736919883714
-56.97749232870834
-62.84887633711886
-59.95880891868985
-68.69782878167997
-60.35534429918993
-58.677669345728404
-62.598713291241474
-59.134939629599465
-63.378657843852
-62.69038784999066
-60.30285714475969
-54.54645550668001
-55.67245193429591
-67.45630859054931
-59.56208340191582
-65.6531583848877
-58.631301960219965
-63.81914442235211
-51.825479133562375
-71.00444935618161
-61.25021235768821
-58.971912195742526
-57.43112726127721
-62.048153981823134
-64.40630206051694
-67.46341891490866
-61.54828541280808
-71.90265923506821
-62.036042865678624
-58.89852324020344
-68.85329192992808
-68.22990857116484
-92.06059530212805
-71.00936584003675
-68.70935994372813
-113.31789224400327
-67.57322026338431
-64.36451992194087
-84.01323026012702
-67.46006329845002
-68.47835297564467
-58.272864260115504
-70.48525454505857
-64.65880507284162
-83.1248632422458
-72.82007787204554
-68.04305755532091
-61.39558542284869
-68.01331549625405
-64.35036135607149
-59.187005428683996
-64.8094785895153
-63.71075670067882
-67.55907679086103
-65.40716302460457
-65.09032926026052
-68.81450876080655
-62.74190127578773
-66.80485247490148
-66.04165229353595
-64.11580091876215
-59.67116867882721
-59.76261629311999
-62.46867482373051
-63.06595367574975
-69.5837365361974
-65.10673889538079
-67.94531526182024
-63.25740171737055
-57.19978313682988
-58.08054352643495
-57.13501955660812
-71.29936323385193
-56.44106805806253
-56.906137860056106
-65.58051820253475
-56.89771330668136
-62.3257190969769
-79.55439821791593
-58.448039350640805
-59.49783604335937
-63.86063848943615
-57.14218620422807
-63.06057422405167
-66.99017845686198
-70.84517886939092
-66.58149581461238
-72.1061398824363
-61.24900390822845
-76.86182743190946
-80.40742525428388
-67.26001819362067
-68.54820251750843
-118.8659200071823
-67.18103314223805
-70.59300815319014
-62.265120897997484
-67.11871632416442
-67.31674836034215
-80.49528755750848
-59.477444218834094
-68.78948777362176
-67.2063927019591
-61.54541785197629
-64.23179733559799
-61.118412305461106
-68.84864267997601
-58.677125079568505
-56.83146218378174
-56.25179379338137
-81.83332392910131
-57.87503505551213
-101.72165035714028
-64.6276909166431
-72.02697898914239
-73.9567168265077
-65.04877303990918
-64.80841565899507
-66.27737952955718
-84.00670689485501
-58.35960596790604
-61.550508971144446
-58.780419202418486
-60.72720185197217
-66.27117138658203
-58.46147356795514
-68.47299853417424
-51.01490369156784
-61.159924395139214
-58.271914269618996
-66.2785961190326
-68.66980462309712
-63.62132067702584
-70.8647112232377
-74.42708906625411
-73.2270361491727
-64.19138120646355
-83.77146694101441
-70.8642681077493
-72.0888460884026
-71.58965235022774
-171.6222732313113
-120.0327814305389
-78.86449378275168
-60.44104881060219
-65.28068107462484
-123.71773544626696
-138.63824737096274
-78.31267966495413
-81.26004405019299
-66.73845316565202
-109.14424723315206
-71.75674304553381
-64.70531258505315
-68.84345064722699
-65.09740192604635
-77.58015973214043
-78.88792191322013
-53.22908738239202
-66.54586468699574
-59.19905360324192
-59.42583260553197
-64.75835827742945
-84.66831681043412
-51.08231993001042
-46.857216194158845
-60.860775386097195
-68.0158774903433
-65.27004420318576
-66.11414626635134
-65.0040451854588
-60.699298896340025
-60.08878805840772
-61.65114708788131
-68.130636238461
-62.957952701155435
-64.98403859102231
-76.16421793119207
-59.33955468833416
-47.13221875418165
-50.43508263069837
-52.4386017249325
-70.97174050385802
-60.219224983940784
-60.868807538481626
-65.2633388758571
-79.52383630357784
-60.45572300536382
-60.39619846581474
-70.25945688667659
-72.86272380587464
-55.78363966467338
-63.775157176321706
-54.32998066320534
-61.24311995529103
-54.002612833737196
-75.80207759458575
-91.77163346755358
-76.37431025394552
-157.70248437024466
-73.08043652099191
-61.31073426350516
-40.86390938358458
-53.472907839789436
-51.65542385485686
-55.561934176877145
-57.19477614152279
-56.48602130591934
-76.92031716081095
-50.9739098084038
-72.78999098508558
-45.006991318642825
-55.3130987010784
-55.48431354260353
-65.77287118474317
-67.59271689405708
-53.70929127896404
-50.012348224741906
-47.78521423490386
-61.27737060470135
-67.42920856026767
-61.22775115931895
-59.59755475601787
-69.70470036156054
-68.86849613152764
-45.643558035608606
-48.31625852124925
-54.95284541717958
-59.6623428327686
-61.48730612449837
-51.82948105599921
-55.9989563274419
-66.1649193414861
-51.514923381845094
-50.3671762866471
-54.79824404477723
-52.127302145126606
-46.70936860131137
-57.49140629930906
-49.188263264929354
-53.924191301666525
-48.31119162440891
-49.6920374131125
-49.27278060383204
-69.11418668933396
-59.16690922040201
-41.28496812332116
-57.07403293994888
-59.978739748599224
-64.21408284563435
-50.17546388090828
-52.408148963781144
-52.64394759199677
-64.74961806736236
-62.578029431388664
-50.02843379659938
-53.37903057725935
-48.65287613757397
-68.81033213081338
-62.36284504537675
-46.63201724730477
-58.24750094435704
-56.93020915461057
-52.68896263622965
-55.9705101267047
-64.58518270099
-52.39677142692151
-70.45024622745184
-50.033603239870615
-52.81505488203855
-52.85028518076015
-56.63517175592186
-70.63516373680467
-72.15520975352794
-53.96103932991815
-55.27521040871907
-50.626445047709176
-56.89399990485906
-54.11588608622406
-59.819795473295045
-59.00451941829043
-61.81751981902616
-48.612365899701345
-55.78948963612732
-71.9422815907415
-103.84767242519516
-53.409294767129936
-66.84377006449662
-62.124574489026976
-53.29047809130319
-53.30684198063514
-65.38825683681114
-58.755323206905004
-52.24176036261676
-60.26537771467075
-61.31793429366923
-58.76073920249445
-56.3422729157238
-47.536946012368865
-55.92270843394956
-66.41394081285425
-67.49416366250092
-62.16328973630905
-51.07259108812466
-60.1657841598269
-61.2858787115336
-61.95310420970932
-59.16416466394256
-55.78336359054995
-56.19295572224345
-53.87334978217467
-59.32580053479521
-58.19863385467253
-53.60664215354031
-56.979681237686336
-66.97351456510242
-49.20629141542874
-51.9800329983081
-54.20700519560673
-50.174566262396844
