Episode: 141
5501989.384116702,0.20008368132008403,4.997157559561636,20.0924982546915,19.971849588202275,30.839738258833055
5503787.196105786,0.20011370053977384,4.9968582428719825,20.158874454583845,19.965630841858918,50.447490020253284
5505433.521908989,0.20010405791718675,4.996636776008657,20.2264463216223,19.95187023741938,68.39195245156291
5507061.58148516,0.2000704360855363,4.996896858972486,20.30044965537267,19.92662630205865,84.58977752145314
5508751.792514633,0.2000313623505464,4.996854155375896,20.344238128013977,19.927580250146683,99.18059437935331
5510450.723126255,0.1999757410159074,4.99712031936305,20.3907283122851,19.923302538873727,112.39927011282187
5512161.949478406,0.19990548715977843,4.99776826241479,20.437376250460698,19.916763910740766,124.49981367447195
5513856.99515103,0.19981687630937506,4.997727468407758,20.47432178588538,19.91698242095801,135.71992673663732
5515479.520614615,0.19971298842026705,4.99802137486089,20.507798158200018,19.91582666649807,146.26991678237653
5517103.15462946,0.199587251755706,4.998822329941899,20.536209872915666,19.914491020353104,156.3310687385338
5518618.531779958,0.19945261505311893,5.000758765245629,-339.4456343079677,19.915161066745316,166.06494318154597
5520181.012331035,0.1993029797840356,5.002731507100596,-339.43662359805313,19.919711443600807,175.6112780548861
5521680.207472967,0.19915203755408006,5.0060493778120865,20.551925784512385,19.934231143612116,-174.8912546648304
5523233.911873169,0.19900101058549688,5.00859960884051,20.52428990383683,19.951368009422072,-165.309116538517
5524688.255735161,0.19888002002472494,5.01135112416432,20.47573890081137,19.97783408021658,-155.5104613086806
5525796.431128824,0.19885137704645475,5.013662398125283,20.40835590551627,20.009280073908517,-145.34970616160984
5526072.293889632,0.19891948147366045,5.015876555821897,20.342727032424612,20.05359768692249,-134.69590718652793
5526994.50331183,0.1989854386183021,5.017190639601407,20.26727202231883,20.09761376572225,-123.3420994791562
5527684.936527068,0.19907394779910886,5.017587032121549,20.212025351838957,20.133666500827058,-111.10080946306637
5529512.858860008,0.19923449949532948,5.01746485590285,20.161184079827095,20.148238230678295,-97.70554438542845
5532171.7875783555,0.19945147408638933,5.017165763437395,20.1131144599625,20.157915726237157,-82.9186989566042
5534980.871184889,0.19972284771667584,5.016483848164259,20.085033883972912,20.1689904064727,-66.53523968540489
5538033.023577452,0.20003482367059058,5.015210612769744,20.083737075809474,20.180127954423323,-48.43806387374108
5541077.759906383,0.20034550524518374,5.013905847232465,20.124035091786165,20.184981165922885,-28.746762030506392
5543107.3954963125,0.2005485174950524,5.011827035983298,20.208359676356178,20.183987215349234,-7.930256979383921
5543331.892612791,0.2005544352336537,5.008162196032167,20.311208794976903,20.165949643380152,13.237043174098897
5544718.490566466,0.20059384451941867,5.007269709601482,20.379892685459726,20.15587483517048,33.85136547716265
5546025.300227528,0.20059504073481127,5.006568347113203,20.447938985751236,20.139314708763752,53.15516497887419
5547654.987057323,0.20058131860493472,5.006298650562093,20.523739123646084,20.115927909690214,70.76837200882157
5549347.459275376,0.20055307573843212,5.006442011259499,20.582265001403137,20.10548234333241,86.65614639913382
5550895.956208918,0.2005042588215081,5.0067032206048445,20.63047163757246,20.09873853904888,100.9798049510149
5552660.980271978,0.20044962776718508,5.007570897843215,20.686267487047786,20.086035831213504,113.97091631926634
5554366.4855560865,0.20037165498618958,5.0068207627832155,20.718571220884265,20.09299433251529,125.88565480972966
5556077.694679441,0.20027749911241768,5.006531441114081,20.75351985137383,20.09469799632123,136.95341595919302
5557754.681945959,0.20016549719548435,5.006655517641226,20.786193386468756,20.094235138233984,147.37838929861323
5559394.1293379385,0.20003740441358572,5.0087187096449215,20.815762702768378,20.09139838591754,157.33720824460295
5560973.056228796,0.19989121775778923,5.009838958521204,-339.16891326411917,20.09205673672963,166.98944443403664
5562469.500316884,0.19974789904285975,5.012701878590955,-339.16335466303235,20.099351742555026,176.4668454435246
5563824.424857568,0.19961148288115876,5.015667629078021,20.82733643946256,20.113055314862464,-174.09450165093696
5565275.710487265,0.19947312771535347,5.018381996752157,20.79637645871769,20.13203198741212,-164.55820722838206
5566905.1387024075,0.19934206882716984,5.021469844623064,20.73927021714097,20.162744908456727,-154.79382913224782
5567574.4761660155,0.19934527968869334,5.024527612066122,20.66911120950775,20.205710628714023,-144.67290308540495
5568337.3984716125,0.19940257800349226,5.0263685501347215,20.596914272749068,20.24389461287298,-134.03099578873815
5569132.912739521,0.19948242202496044,5.027518739699558,20.52767583566016,20.284430550988457,-122.69871832713386
5570045.067824705,0.19957950020714674,5.027951686388315,20.458394010169847,20.329454452513154,-110.46645655016904
5571930.815339858,0.19974238869942643,5.027655627480594,20.391771201791496,20.359464860811926,-97.0817882055396
5574163.075965285,0.19994360737831166,5.027312748270031,20.35212814916178,20.370018931529728,-82.31502463567999
5577050.528958568,0.20021414059852266,5.026530410833228,20.321698024436447,20.382301683739072,-65.94561790113339
5579859.173454674,0.20050332368032095,5.025502196346742,20.324024112148848,20.39098193339813,-47.87596367408194
5583080.168257723,0.20081956535869894,5.023213008913987,20.358168648145533,20.399222347521235,-28.227256442097428
5585158.983086726,0.20102262365052803,5.021596200641782,20.441371237686607,20.39817200009041,-7.479046367614078
5585078.59602689,0.2010060616263723,5.017414103329717,20.552411014163777,20.377055291589915,13.591840306289953
5587011.869880186,0.20108004477158015,5.01658528648328,20.622945309231216,20.36753988130757,34.10138900493132
5588614.9559059255,0.201095489227183,5.016040683996112,20.69160297145065,20.35445471258253,53.30039171272813
5590088.324960746,0.20105314869386726,5.015807460450877,20.768733890133248,20.333332993290277,70.81913641388897
5591764.828846859,0.2010308048061797,5.016150407383719,20.83846185906245,20.30991808840506,86.63030488433344
5592979.21737868,0.20099181558653842,5.016392513286605,20.877118384091176,20.30372828292723,100.8959420959742
5594713.432860214,0.20094207096987898,5.016834435995,20.925641223169762,20.297250668407777,113.82977421371176
5596377.650293196,0.20087138689871034,5.0173082711095125,20.968404064105624,20.29277352667163,125.69307436638736
5598111.103332179,0.20078181669419526,5.016878821053679,21.00342023384222,20.29531311939819,136.71107093953802
5599802.88468658,0.20067235423231616,5.01714624608368,21.037332615126754,20.29434902750111,147.0878433696779
5601326.468150908,0.20055884767149915,5.019058912938029,21.066365191358344,20.291698375983653,156.9990760735271
5602945.845779438,0.20041535561085594,5.020126638665219,-338.914566505665,20.292299639308716,166.59752137504802
5604418.1143627465,0.2002738264873358,5.021515853587106,-338.9069220791473,20.295777171344533,176.02272098318082
5605988.163565554,0.20011685642674681,5.0244000725153235,21.079446388289707,20.30893599260488,-174.59317942111562
5607319.652628612,0.19999249959860976,5.026883456180468,21.048929982554487,20.32607835061431,-165.12240639278124
5608130.847602779,0.19994575422644786,5.029681373969413,20.99897312594694,20.35352159760218,-155.43896802991938
5608538.349774085,0.1999863431255906,5.031828864321246,20.94074589952095,20.38319196242534,-145.40678466729565
5609018.834298985,0.20005058942113113,5.034094775199006,20.867900704681382,20.42914739670455,-134.87826382447605
5609848.189635862,0.2001297505878919,5.0354758947251135,20.791055266153805,20.47597546684723,-123.67125094311548
5610892.244381743,0.20022022576924273,5.035914708157756,20.722785388351316,20.516433116327594,-111.586922601337
5612322.556493457,0.20037489539173528,5.035652141900001,20.66457648629521,20.547598891949434,-98.39276477794368
5614651.159202006,0.2005788834660179,5.035043614240893,20.612769377956926,20.5674448190657,-83.83598459976308
5617117.768973539,0.20083572399916091,5.034062957863923,20.5850378791493,20.583636451280654,-67.71439905057235
5620149.610594533,0.20113806995161546,5.03224644416376,20.574857492658715,20.59998193014174,-49.893717782519566
5623400.521634271,0.20145705941294542,5.030257227225911,20.60515082992611,20.60795266016702,-30.474319181632165
5625403.003451135,0.20165964865985225,5.027855934153547,20.682830348508347,20.60751982466989,-9.888983993784462
5625814.1526730005,0.20168470434403643,5.0235789148712335,20.790001262511296,20.58814710179227,11.118625989187473
5627780.487641644,0.20176694185932298,5.0228778703938275,20.857093821680888,20.580663441151803,31.670223086643265
5629501.056118766,0.20179451725400482,5.022229669764684,20.927471279339272,20.566507558225098,50.98463290184134
5631204.669800572,0.20178975116454625,5.021947055456982,21.00008781567352,20.546632270432454,68.65581601109689
5632939.7643744815,0.2017716512382619,5.022287809062548,21.07645255494859,20.517823763843953,84.61444496686609
5634377.048526984,0.2017363184601365,5.022078423747859,21.10874168344411,20.523221173300932,99.00469805827963
5636076.304424878,0.20168685343932286,5.022721742924361,21.15995859490805,20.513293384722882,112.04285300088323
5637835.306903813,0.20162078901334543,5.023412038064033,21.20750464142532,20.506452610124853,123.97992064323081
5639572.999492759,0.20153579559828425,5.023855297280233,21.248313514469782,20.50358715697545,135.04769177631812
5641269.8214971125,0.20143012748806588,5.023390615814559,21.280142622973923,20.505325769060118,145.449954811999
5642854.740071015,0.20130551677128497,5.024911109939524,21.30769657182195,20.50278841376107,155.3662404928028
5644441.558087578,0.2011700016637292,5.027190079023419,-338.67158435505536,20.503455621630355,164.9451964395542
5645993.842274055,0.20102611541337886,5.028927766065384,-338.65914665861726,20.507289323650756,174.32607396763476
5647561.394441826,0.20087024639147347,5.03119874218294,21.33645130191014,20.516867377111893,-176.35695779701558
5649021.170365421,0.2007268970980937,5.034056499739337,21.311461863382203,20.535387718166177,-166.97877192101132
5649988.103774255,0.20065620257860695,5.037143596487114,21.262961832453602,20.563909830700755,-157.4108342646767
5650347.316536512,0.2006918819681425,5.0401931362340155,21.19648470477646,20.60342242620174,-147.52492294008619
5650870.415621361,0.20075411590576558,5.042641159501282,21.12094025028086,20.649268018225214,-137.17596221854757
5651628.954299387,0.20083806725384676,5.044208815353663,21.043438623984265,20.696392962665914,-126.19592446594342
5652566.778016927,0.20093186306638228,5.044882642526378,20.970485782035997,20.742451188379142,-114.39318760361996
5654004.926099362,0.2010773052287122,5.044706234638544,20.899336654599303,20.78390211756424,-101.53828973384513
5656657.352311591,0.2012753762479231,5.044286643229786,20.84000715685902,20.800408468153197,-87.37756282432036
5659456.89860036,0.20152621247835417,5.043455558062618,20.79955523039505,20.81611139245284,-71.70661975277851
5662383.236245986,0.2018229002768264,5.042818717961662,20.79498654351278,20.822671765854412,-54.3712263734314
5665421.76900392,0.20213357644586474,5.040972353401712,20.818761986235685,20.83198840219814,-35.39573240335104
5668116.186923599,0.20239218854893928,5.039205346945241,20.883324788448746,20.833343569906063,-15.113668445880858
5668766.171594212,0.20245109649983328,5.035158579985924,20.980435044435314,20.81962825256155,5.799339031625971
5670462.651154155,0.20252793992142518,5.034470138936224,21.04292377485974,20.81344025573187,26.485300528916635
5672060.172053447,0.20255826936552138,5.034193000153324,21.102805775707786,20.80840902663602,46.10112206372685
5673739.87815541,0.20255603123590815,5.0337675356065805,21.177045611730613,20.788499989268214,64.14750216280542
5675444.348302636,0.20254124978901666,5.033837356261417,21.238497696210647,20.774861711126075,80.48386639022932
5677173.413558347,0.202511495846007,5.034154692555405,21.293865785495523,20.764257941078327,95.20334514562788
5678952.113123672,0.20246607593867977,5.034186411094845,21.33801771251364,20.763575409415214,108.51759111145704
5680750.58574697,0.20240628903706015,5.035030624568148,21.38925200981879,20.75423929486735,120.67151795413876
5682528.558052041,0.20232685772023895,5.035888199857594,21.434824186681517,20.748040275485316,131.8998980131445
5684221.947539635,0.20223099797360664,5.0355278586699805,21.46809090338126,20.74961106115531,142.4126250212229
5685753.1736373175,0.20212692894280748,5.035188121671114,21.495734100244505,20.75034512190798,152.39206488496134
5687088.89530755,0.20201540106616261,5.03658027146113,-338.4853047432459,20.74997833754521,161.99873244053285
5688693.22979906,0.20186639684864194,5.0381237139725155,-338.47291531256735,20.75250387450262,171.36647420838344
5690090.511676533,0.2017278787177646,5.0409795686381615,21.51973593850836,20.762757757910574,-179.36774061695152
5691583.428591549,0.20158264176466117,5.043976439388053,21.49374891886227,20.77994524608662,-170.08102249355747
5692478.223453959,0.20150981610254526,5.047278404185631,21.451063413659575,20.80728367147059,-160.6550649466504
5692554.365189496,0.20154349698713417,5.050571302727268,21.39619331106606,20.845430054345403,-150.9657351510116
5692757.509064961,0.2016029453253859,5.052619513194207,21.34112224268228,20.879102562460698,-140.86817857941216
5693450.82394141,0.2016791830001074,5.054330440110628,21.267476473039935,20.92204121483292,-130.19750087819833
5694050.198392706,0.20179208339981172,5.05515476965367,21.205678020112085,20.961302688973223,-118.78718162091772
5695324.144510221,0.20190062377934517,5.05526527665282,21.13142380290855,21.005986831425272,-106.41056144235846
5697410.560730493,0.20206912333339902,5.055226748180073,21.09275632672256,21.008342713530233,-92.83223871207079
5700457.3443413675,0.20230309502477578,5.05487660689927,21.045623851927,21.016707321967896,-77.81427709381157
5703764.215989785,0.20259554734039095,5.054359556152367,21.021590008780233,21.02336001498254,-61.180491505427156
5707186.266232463,0.20291734581522952,5.052737597823786,21.02266640525018,21.03440604652512,-42.8734145397365
5710020.183869634,0.20319658127429477,5.050428126614016,21.068757252334436,21.039817488897203,-23.100235467433336
5711893.067710068,0.203367228116758,5.048669444585608,21.158951957064957,21.036626483466637,-2.410571645077459
5713900.790046915,0.20347967423415406,5.045601080428865,21.239973239303314,21.016845016901712,18.41140485263903
5715429.507106585,0.20351980617234178,5.044511206568944,21.310081362961757,21.002019701360492,38.463231505778154
5716979.011712149,0.20352251242035022,5.04379248084238,21.38575937876697,20.980434239698035,57.103740526468634
5718604.665030954,0.20351404428210154,5.0436503714798295,21.46455251820449,20.94886390839172,74.06230662856773
5720371.300764507,0.20349580936003941,5.043944093065842,21.524694563377015,20.934441008762686,89.34957211039325
5722116.371798582,0.2034628790978019,5.043721536744765,21.562901439382856,20.939043122153294,103.1454020381211
5723930.139330843,0.2034126255760065,5.044877827724649,21.62063682521084,20.92390424168036,115.68458556061219
5725688.6363030225,0.203344114101666,5.045435697295574,21.66505290465853,20.91910485552697,127.20942765075479
5727461.2129866,0.20325458876112384,5.044168555252779,21.69583902707065,20.925991703613118,137.9363171291692
5729034.328582047,0.20315161996208755,5.0441661188625595,21.725411963993803,20.92597396823303,148.06112291383576
5730722.733518228,0.2030244303852686,5.044907710289568,21.754097283708823,20.92517026359565,157.74204013755167
5732272.149418665,0.20289159134972706,5.0467650222040765,-338.2270710598016,20.92671519188819,167.1296630558774
5733652.719936563,0.20276162262879718,5.049500381441701,-338.22209564643794,20.934181126002372,176.35525063379447
5735120.029712658,0.20261602809527668,5.052086821218055,21.76679446328747,20.946467380110057,-174.45493174879812
5736183.317701746,0.20252104063901888,5.055290387766638,21.73019142063972,20.969100572205065,-165.17633864265204
5736407.439929547,0.20254462673352736,5.058136223160571,21.67742257617609,20.997381649224003,-155.68982532628198
5736731.900908064,0.20259901618756396,5.06112834226681,21.606680305546888,21.038969370813785,-145.868066618283
5737123.783701843,0.2026744408226476,5.06342747694342,21.534072561179414,21.085508621571147,-135.57030328574848
5737940.560672365,0.20275358146948952,5.064839756087899,21.4573346007453,21.132712821307184,-124.62038254205913
5738774.471640546,0.20286308382013896,5.06537302828452,21.387923017202333,21.178830007088045,-112.83258259037416
5740351.080459392,0.20299292703326194,5.065060402389116,21.31395588809519,21.221392113758956,-99.9701292301396
5742526.391234206,0.20318508916525424,5.064612872391202,21.26848060122069,21.236876696464673,-85.80187673549909
5745465.902135912,0.20343700326366085,5.063945792307729,21.231520427196962,21.248477791839466,-70.10189098681316
5748446.722225705,0.20372501970932877,5.062552281716142,21.219184260955736,21.261847887232303,-52.741785400431674
5751558.338513976,0.20403212823275088,5.061253263365241,21.2461817591548,21.267699877619933,-33.7682032830749
5753984.929838533,0.20426747013733174,5.059345829572541,21.31407053388571,21.268406809584206,-13.54193278235095
5754899.831373831,0.20433891750821292,5.055307624342168,21.419548181959748,21.253081280392724,7.244213658239959
5756909.092499841,0.20443071805847313,5.052760225906337,21.50190747963365,21.2294146367126,27.746542085670868
5758646.418802531,0.20446586577295692,5.052089249390228,21.570438908475868,21.216595016694647,47.14433701232883
5760354.902857419,0.20447143488068684,5.051538998881815,21.65016624164073,21.187791704274257,64.96979624635557
5762056.47899856,0.2044520162646325,5.051788197659553,21.731653867836474,21.15391705787021,81.0944967229061
5763827.0580967795,0.20442522163660332,5.052237412547529,21.790190308334747,21.139881252311714,95.62325106812621
5765628.252050953,0.2043845632009598,5.052004610422602,21.8294107365127,21.143654339340245,108.76830402651171
5767437.0202387795,0.2043271723326148,5.052769520348959,21.879129480116717,21.1354146382896,120.77104235332109
5769221.697520893,0.2042488832966146,5.052862716165169,21.918817758954862,21.13471789564839,131.86194103514495
5770983.30710358,0.20415218722920644,5.052586737292133,21.953686440643743,21.135887028593615,142.24496762350188
5772703.346296996,0.2040360717923693,5.054399155816697,21.988985637277576,21.13194032445564,152.09833242645405
5774379.216449613,0.20390277799536297,5.056104962831565,-337.98528923225393,21.13154410422143,161.57699117038524
5776021.996737182,0.2037573088035364,5.05812772589255,-337.96898913135095,21.134853215694637,170.81701825461673
5777368.261437459,0.20362541095883893,5.06061891191002,-337.9730921991336,21.143702852086506,179.9525833911582
5778407.838997757,0.20352509797055493,5.06503072483013,21.99488815470981,21.168645809697477,-170.89989983712766
5778691.042753205,0.20351904306391688,5.068517389397902,21.949069820096373,21.196984110257514,-161.6226333632539
5778828.961411094,0.20356409903056755,5.0721308203449755,21.883194625363355,21.237874212453306,-152.093613025142
5779517.890655169,0.20359334576432717,5.074783387967457,21.809362831181673,21.28013252542697,-142.17726915718177
5780386.138065586,0.20365356650634134,5.0766569321064186,21.730511858849642,21.32496222626966,-131.72398964308752
5781191.865912031,0.20376687109058528,5.077664377587818,21.65812066628096,21.368705554288628,-120.56527158844563
5782437.565029597,0.20386641836187624,5.077880330366887,21.583204300692444,21.41408138249734,-108.49162366478863
5784075.220327526,0.2040261130525226,5.077633354669613,21.538694689661526,21.43093546736146,-95.2772730144792
5786949.145259751,0.2042472005247702,5.077128802364708,21.487633075916943,21.444206037373956,-80.66993472601372
5790152.723929422,0.20452668570033852,5.076989753146202,21.465579462949776,21.446156004289115,-64.48604264851322
5793566.884007741,0.20484628907125382,5.075840760280107,21.464007417003018,21.454920219914374,-46.6343911342668
5796815.54727176,0.2051529283953225,5.074178477871901,21.500016649840557,21.459992736966,-27.253608900488572
5799277.476276083,0.20537140099014609,5.072248494569565,21.578015897419768,21.458051387398967,-6.817933064881488
5798434.381577637,0.20530509953786555,5.068364718079203,21.677551257682822,21.437118434055076,13.912222071126081
5800315.707552025,0.20537668140296164,5.067247366469859,21.746521306975158,21.423933903976696,34.07061508026403
5802167.389881022,0.20541147919294706,5.066849060095525,21.809886403137085,21.414075132536315,52.937902342894304
5803956.97260719,0.20541687305446346,5.066684701533189,21.875258374276992,21.39816197292308,70.16442786138781
5805698.7010233775,0.20540105514504076,5.066847439417358,21.931615208511094,21.38723860867116,85.7114537407409
5807385.134136962,0.2053722216342108,5.066823893045001,21.9725338918701,21.3876272682118,99.72907702149433
5809225.263693944,0.20532731281334804,5.068285541429553,22.03653989725886,21.36652888009753,112.4390190711792
5811050.793377241,0.20526394163735942,5.06856616832323,22.080291157191315,21.363846494024976,124.08373074953795
5812572.05150662,0.20518873604205967,5.068745126173858,22.113479660684757,21.362717238286248,134.89071114903658
5814303.337039737,0.2050839719206921,5.068217482981363,22.145113528995896,21.364612506687745,145.04295094935944
5815944.080253061,0.2049616689192351,5.069806965456329,22.174275110378915,21.362093626911502,154.71633040019228
5817525.201810695,0.20482880251682223,5.070657966720134,-337.80513418203157,21.362347431721123,164.05608367764103
5819016.28849015,0.20468786798574515,5.072507635477037,-337.79837775221034,21.36634097248462,173.19740021445403
5820302.952047901,0.204560968329095,5.075809267578814,22.188938479229485,21.379860851909633,-177.73862993077606
5821003.970819421,0.20450428027237735,5.079461059774081,22.145607742181905,21.402693232135768,-168.62352624021824
5821051.113204049,0.20452875149078556,5.082883780356595,22.09691523717759,21.43297910322965,-159.36234624828242
5821044.236915462,0.20459080027705395,5.086324148083875,22.032640524557035,21.47521262953075,-149.82401200771866
5821580.39428623,0.204631737312348,5.088936875412578,21.960352988705907,21.520699759990613,-139.86925228948277
5822177.774419928,0.2046933684133136,5.090533988168988,21.893058080526014,21.563540471582975,-129.34868325114726
5823119.957734836,0.20478693024744646,5.091428614549948,21.81725142944577,21.610985694669427,-118.07590724091054
5824459.890800413,0.20489684804958175,5.091453295754009,21.74278322254361,21.655795238147864,-105.84634596711345
5826608.620492024,0.2050535833059832,5.091251295624635,21.695545471404415,21.666274817312143,-92.42308065253454
5829340.4017927665,0.2052753812932048,5.090743617409688,21.652885650768493,21.677799019278797,-77.58137523713769
5832356.412909808,0.20555495371312563,5.089856200170274,21.630835213012343,21.688849180799263,-61.13918846934351
5835731.137453042,0.20587298151389974,5.088206168731048,21.633735720843944,21.69977115155204,-43.03507379557466
5838631.2828603275,0.20615452912334273,5.0862739376108115,21.68020745204757,21.70411750111425,-23.470748857272522
5839880.761497164,0.2062821901907695,5.084010930797691,21.76678191149534,21.70008174214694,-2.979246198609237
5839420.643810641,0.2062306050991112,5.080351715973435,21.86148307644586,21.67675977104809,17.653427728407856
5841351.573147986,0.2062979277895772,5.0790407447073145,21.93458496176062,21.659194798297168,37.559936554373955
5842924.442144521,0.20631240107220955,5.0783009072008785,22.005676975191214,21.63749108767775,56.09281439286727
5844599.87952991,0.2062978966159649,5.0781278440116555,22.08886822632681,21.60408283017121,72.95902318181972
5846391.682896929,0.20628211688848214,5.078354733260144,22.145790204132023,21.59247646037139,88.1683421377256
5848211.308959294,0.20624714300768354,5.078777812219491,22.199145998722194,21.583081303735238,101.88721585936851
5850091.359092625,0.20620285295381088,5.079191765418608,22.247920119025018,21.577514390051665,114.34669005825448
5851952.968779791,0.20613761210416895,5.080073103056289,22.296986691242445,21.569809548928408,125.78325294341211
5853783.397390965,0.20605203224006996,5.079539961754179,22.332715479606943,21.572776777107016,136.4123203095609
5855392.414062573,0.20594955971439927,5.078938111841387,22.360716403954175,21.574723254607395,146.4272633271868
5857094.076849844,0.2058188522859299,5.078956004051275,22.386976016265137,21.574682423284624,155.9852559112982
5858773.420269303,0.2056807927340053,5.082197223341137,-337.5914074354516,21.57660836682712,165.22729585727527
5860347.709591309,0.2055311720099153,5.084996125274505,-337.5880328066953,21.583416049333223,174.29158381295588
5861559.820061751,0.2054112849032466,5.088668790317162,22.390440681409785,21.599467446745,-176.70089132345203
5861446.766635038,0.20543492634217975,5.0925568944869815,22.348687414630984,21.62494189859978,-167.63996486915516
5861008.59869772,0.20551509426083567,5.095898990858177,22.29862836590692,21.65569532416265,-158.4163949303604
5861154.960031508,0.20557277093524343,5.099261555117607,22.230030569585598,21.6985383382933,-148.90177213555876
5861475.822859844,0.20563898129230837,5.1018228824387295,22.159326048074494,21.744964726163314,-138.96597957820194
5862334.581364807,0.2057236358336209,5.103376558816872,22.081890274969837,21.788873202417278,-128.44158727539022
5863146.00568133,0.20582955522893348,5.104187963164209,22.009600267160703,21.836242459648147,-117.16571382014145
5864317.4039320685,0.20594642237326302,5.104135771809611,21.940228109234365,21.88077425903076,-104.92221674011267
5866026.876858987,0.20611881652569278,5.104007800755223,21.90946425271281,21.88686913802321,-91.4802691158145
5868833.390906954,0.20635053297760975,5.10360519933522,21.870788429174194,21.895538433642287,-76.5985423982123
5872189.074906891,0.20663849153080024,5.102959322971233,21.847001030411448,21.903208043010014,-60.10470362501572
5875530.169037649,0.20695244408475696,5.101884979897346,21.855865800548344,21.909893634545455,-41.961357785562
5878778.761700971,0.2072480058399653,5.10005634812546,21.899118689158023,21.913479967557524,-22.37440306495724
5880759.2092749495,0.20741910631767005,5.097898593896172,21.986021784744715,21.909056452123508,-1.903471214577212
5881095.60274077,0.20741595700538373,5.093738680018022,22.08539483275401,21.88129126026282,18.661796152091796
5882848.219978914,0.2074676523745162,5.0924061048090845,22.15981993141572,21.86275750476457,38.4621471759908
5884695.8225924,0.20749388584816608,5.091854459781906,22.229473599863365,21.845718075442864,56.86547622048734
5885627.250666456,0.20746025077977792,5.091766049853774,22.2865914555714,21.822780335554796,73.61776835336968
5887370.5479140505,0.20744189761845505,5.0922051174787715,22.35126790977013,21.802093883313518,88.7063469778994
5888997.800608996,0.20740899970777807,5.09263956392474,22.399640553357695,21.792759571670516,102.32018251419807
5890847.729995495,0.2073638272146078,5.0935379038704,22.453459388646063,21.781063922693743,114.68314366142192
5892693.190731319,0.20730071792881902,5.09487442040731,22.5055449032794,21.769650809988335,126.03368461659521
5894387.642611444,0.20722398998959324,5.094591644395885,22.539775090706417,21.77117624961341,136.58765529413034
5896155.754659949,0.2071179846657651,5.095446059186117,22.57631656183179,21.76842714325332,146.5272043638517
5897679.617515814,0.2069984749459201,5.095859167065603,22.5992871365848,21.767913045349975,156.02187376608046
5899362.80557486,0.20685984884897837,5.097740341886596,-337.3788031683339,21.769101497082584,165.1998650717321
5900896.447553471,0.20671296569354564,5.10024858923185,-337.3765872644508,21.775261728072707,174.2024249643567
5901577.867793225,0.20664391134148152,5.103905342277973,22.59037688741438,21.791270478973473,-176.84279138990567
5901556.1947705895,0.20666179821901948,5.1081605157538865,22.54146298431982,21.819094015350988,-167.84357223295493
5901514.086104503,0.20670319422467368,5.111468976861273,22.489551008869732,21.849396188992728,-158.68785276876173
5901773.456342652,0.20674598753263246,5.1142136759472345,22.429327527190388,21.884119132875064,-149.24919263992103
5902156.469704673,0.2068153469567246,5.116755041745096,22.356662326817684,21.929713768108254,-139.39412911792306
5902930.390122199,0.2068938132511897,5.11820946327006,22.28567927176537,21.970128632938806,-128.96664495061154
5903574.91557844,0.2070015459757236,5.119053101174402,22.21704425273504,22.017574223646317,-117.80178502298087
5904682.87687441,0.20713095850625704,5.119034468783521,22.14885825723929,22.062277983413797,-105.68322390474727
5906779.351954207,0.20730607004126192,5.1189047323591526,22.10911635444099,22.06874145933415,-92.37458214577698
5909630.412215941,0.20753584028692987,5.118558893702192,22.069760286147527,22.076424298217272,-77.65125723519652
5912730.649401531,0.20781624856565875,5.117760884107687,22.04790866549124,22.086207010473647,-61.33448239997306
5916088.4492516555,0.20813095967579218,5.1163518405878845,22.052501139940848,22.095407471854685,-43.360941837274034
5918970.091193244,0.20840990026068057,5.114312875297706,22.09795501218606,22.09995851483337,-23.922424786854684
5921116.255748214,0.20859412018720452,5.111957403609289,22.178934611950336,22.09583054238568,-3.536290729644442
5920374.080368409,0.2085257465931238,5.108249070618275,22.275672215232188,22.072514617947814,17.00773448401624
5922098.476129398,0.20858260735450068,5.1072133876759045,22.341480712500918,22.058814353334697,36.85622155449985
5923962.499705983,0.2086139036694883,5.106634290326592,22.409870155542674,22.04222670722313,55.343692353799746
5925806.293627474,0.20862182638061136,5.106509230779599,22.47873360472197,22.021163109014477,72.17784907799593
5927679.724403759,0.20861354703264615,5.106799112129919,22.53932342045921,22.006019160293835,87.35381035527777
5929564.34293309,0.20858744715132338,5.106887937126396,22.585515493421784,22.003889356384256,101.03528755260218
5931458.909738908,0.20854540207342206,5.107847208994134,22.641267771800234,21.990960323641676,113.45100802175433
5933277.873894876,0.20848576632108656,5.108607716936409,22.687934440741103,21.984216960269478,124.8367225547165
5935118.296852155,0.20840397686953852,5.1090201897878185,22.728950793864954,21.981815259578884,135.40450861143657
5936900.370364837,0.20830345789797536,5.108759537923141,22.762900816115778,21.98267649726006,145.34342338331047
5938636.799332084,0.20818098638849022,5.1095659238493365,22.793261868363768,21.98153249278915,154.81639465788672
5940284.878635541,0.20803498211540897,5.110248038999871,-337.1897432252297,21.9818163019935,163.97042580270042
5941689.579964321,0.20790674528565825,5.112022819104696,-337.1807138179692,21.985777084776792,172.92358462132444
5942392.473021835,0.20783512087388767,5.114798238946048,22.797407643487134,21.997209306623287,-178.1888036259771
5942211.403206753,0.20786598373544352,5.118597592579257,22.752660117892315,22.02084572541064,-169.26746702304013
5941972.929638015,0.20792104612281423,5.122781309260675,22.69682329697159,22.05739994446833,-160.21156527863872
5942007.6374005005,0.2079705393870323,5.1263067280965195,22.634666012377515,22.099808158384622,-150.8989441139041
5942300.122222809,0.2080318355104685,5.129049109111996,22.564641350196094,22.146126531734133,-141.19454063941214
5942410.083422707,0.20813241281272007,5.130939860780744,22.499518122819577,22.194421185296584,-130.96048156127253
5943391.345039159,0.20822184465840424,5.131946109130623,22.42194187255385,22.24256504852006,-120.00569607071706
5944341.654908149,0.20833565076599106,5.132068030925704,22.358525408529974,22.284585875222362,-108.15256696162814
5945954.901434233,0.20850160551659522,5.1319970007112365,22.328972468469807,22.2890381612233,-95.16578298363548
5948647.020183891,0.20870771601496352,5.13150718455169,22.283292510661642,22.301320876646972,-80.80422583513503
5951535.74821171,0.2089727000303161,5.13093106657398,22.261924678084807,22.30920377415124,-64.88570854139203
5954951.781471031,0.20928660283391556,5.128997079518829,22.254075051988643,22.323727492554177,-47.304044573275085
5957870.714466494,0.20956747888728416,5.127632141049824,22.290504002107635,22.327823879640615,-28.18951509579591
5959931.339168416,0.20976125675702,5.125384836827406,22.368649108095457,22.325758489193124,-7.9931456111332535
5959070.1467822455,0.2096984750050259,5.121530530855913,22.471302323226613,22.305657903370527,12.543620783138099
5961095.719334476,0.20977975421739906,5.120430969712393,22.53939898148357,22.293097770594496,32.5697495021107
5962969.335131127,0.20981902972063168,5.119752001919213,22.60703153729305,22.27699749529586,51.35163044630612
5964816.982858956,0.20983257259600088,5.119407271301872,22.68484640817645,22.247039441814604,68.51688220792519
5966622.566826902,0.20982198546230535,5.119750750337394,22.75433680373532,22.222682014141796,84.00737328773289
5968514.642428447,0.20980144145620408,5.119892848649587,22.80214453331929,22.218905036991305,97.95935791857146
5970383.822934989,0.20975790031700134,5.120834184592867,22.858564614308833,22.204938796276913,110.59401990541807
5972263.669194583,0.20969915667488537,5.121229992288568,22.903644124749352,22.201075758292944,122.14647137942404
5973980.818098808,0.2096214220691252,5.12069002541037,22.93596282420099,22.204459744583485,132.839435484601
5975789.975370977,0.20952137480175614,5.120694838845066,22.971230218870634,22.204415400781972,142.85968450402322
5977506.38440644,0.2094031569234895,5.121542476702616,23.00193583501645,22.20283463306687,152.3784890422734
5979201.474965908,0.20926684408042884,5.122474805776523,-336.9747079742153,22.20282138744571,161.53936955575784
5980402.082767639,0.20916164088282097,5.124620669687828,-336.9649762918692,22.206639389769165,170.47378516348633
5980751.93216113,0.20912043929688554,5.128668932940473,-336.9930777403907,22.22128029197553,179.31551051030806
5980211.307273952,0.20918217240056092,5.13358825216292,22.9555169214487,22.248946494461748,-171.84104637798555
5979775.030836323,0.2092506291996377,5.1370227313418,22.909546340570472,22.276342997919127,-162.90028124377417
5979405.7053843625,0.2093329898437321,5.139978050693173,22.859839324672016,22.308781486500596,-153.7422643607298
5979476.809175888,0.20940334267613472,5.142957013050111,22.79353203767782,22.35414951201794,-144.23590394673002
5979755.53105462,0.2094904605242146,5.144759970755841,22.731333295014654,22.394356035084517,-134.24228509544582
5980391.860535806,0.20958737749183354,5.146033378302764,22.658964670223064,22.44277408106241,-123.59779104163027
5981005.152943404,0.20971649510871931,5.1463882206751315,22.600474461828114,22.484731994964722,-112.12351024105101
5982211.129630132,0.20985978202201686,5.145954339642412,22.53798480736895,22.52702300571038,-99.59294437103495
5984853.172717212,0.21005480414482686,5.145753731012776,22.494659407501,22.53335438776195,-85.75827222906875
5987506.431841314,0.21029687306863262,5.145088121922239,22.466391115116117,22.544286344186855,-70.42978260311517
5990920.323740298,0.21058779198654723,5.143767260217488,22.446621817035783,22.556452001559023,-53.443505697085016
5993841.786312116,0.2108751876438306,5.141608898013207,22.468821893491533,22.565985434311454,-34.854314676064924
5997123.134832351,0.21115897894530608,5.139540417777115,22.527293445281554,22.566796174594774,-14.978241797564754
5998232.624080513,0.2112466937855517,5.135557331687862,22.628093986350304,22.552245693271654,5.51064586066203
6000186.956275053,0.21133716524684001,5.133454032820224,22.701512603942277,22.533410278283775,25.790825344016234
6001962.138478881,0.21138012303984882,5.132842819243736,22.764410591945154,22.522283349030353,45.03246621616076
6003764.076579506,0.2113935635325171,5.132116446162069,22.84890935945497,22.487651494170024,62.73971125318576
6005353.18810251,0.21138269902883372,5.1323179771177,22.925496917617963,22.452850236459437,78.76538614418456
6007152.590066895,0.21135490310125957,5.1328344173278095,22.986302790197225,22.435947263382285,93.18532958549561
6009060.227773802,0.21132666435826294,5.133475698323612,23.040308800603324,22.42473473107274,106.20563500216824
6010854.316991745,0.21128280785881168,5.13449583151868,23.09098900013934,22.413397771419344,118.06419001888361
6012609.462270772,0.21120431008944082,5.1351178298289435,23.13211884546824,22.408797581553983,128.98643541494314
6014324.241061147,0.21110893036088252,5.134486625608584,23.162283049139624,22.411718493932295,139.17401795037125
6015947.321277982,0.21100622506997835,5.135153115578086,23.193099778230458,22.41001008623154,148.80117932115417
6017597.635457132,0.210876672690206,5.13679642057954,-336.7824718439784,22.408922925203505,158.01980753150866
6019207.681656154,0.21073879892680344,5.139405188269048,-336.766619609083,22.41183957304779,166.96045855137695
6019914.421357838,0.21066000677663696,5.14346032069581,-336.787987781899,22.423613698945886,175.76566322547117
6019264.704165291,0.21072362428956115,5.147761311201704,23.17298316399436,22.444292487566535,-175.47313888980455
6018775.328915764,0.21078776492469448,5.151562344308612,23.129491791034518,22.470814589350653,-166.6571040854805
6018158.017524824,0.21088378275317346,5.155387990295066,23.076949306218726,22.507702420029307,-157.67421814038215
6017983.982223045,0.2109586235874334,5.158096376849619,23.02416033963411,22.543549805351933,-148.40222222012977
6018551.914962916,0.2110063729514878,5.160614116919498,22.95016365604488,22.590807953464562,-138.69957705041608
6019372.936571566,0.2110840898948921,5.161954886841576,22.880734116537614,22.630131715042708,-128.4212323781538
6020065.379500313,0.21118818106160062,5.162560098110694,22.822437568990836,22.667487863515014,-117.40441756156032
6021301.144458048,0.21127938398382715,5.1624933066692895,22.761288296507058,22.703178324777436,-105.43285275221507
6023557.188469183,0.21144932805080366,5.162181260961235,22.711594639203497,22.717509195048706,-92.27385737008252
6026511.544373399,0.21167673309891819,5.161598726136449,22.666655535498236,22.72998070286648,-77.70474416655598
6029337.185435718,0.21193597765870306,5.160460464982987,22.644369922804056,22.743608841558224,-61.54778797111743
6032315.33252335,0.21222093038857687,5.158568831894798,22.647821468341878,22.755746373844477,-43.72844783293046
6035361.937464127,0.21250568517104385,5.156833979517503,22.69081809878344,22.759508685625264,-24.42572056708531
6036831.566847058,0.2126479238597831,5.154582638332886,22.773195961403417,22.755579484810085,-4.1568883473895735
6036107.605806053,0.2125838480806843,5.150630027865323,22.868850541437702,22.731024484769414,16.30170233880847
6038242.9289885685,0.21266376660226446,5.149473240548839,22.93898955852095,22.715947956980497,36.08305766038683
6040215.779840447,0.21270108266155965,5.149056170202148,23.002622977137317,22.704237109895264,54.518796332489465
6041964.234397896,0.21269983402919773,5.148950469200051,23.06600533556565,22.687855627305325,71.30349758003644
6043836.667337853,0.21268876314377935,5.149338331515265,23.131449979856168,22.667399761772476,86.42367097846426
6045713.93830736,0.21266776969387424,5.1499949577556325,23.18862972663252,22.65260749555597,100.04097688042617
6047320.657230753,0.2126337053003783,5.151286911660018,23.24151978167779,22.635108439433676,112.38719947547398
6048997.532116657,0.2125689378262849,5.152698000811687,23.28974785290784,22.622521107513005,123.68860366069778
6050820.953830807,0.21249439403144182,5.152435092166343,23.326008019170594,22.624023142053204,134.15672262499177
6052192.865820758,0.21242674817127488,5.151805102603134,23.351313338654876,22.626214466705473,143.9896767027574
6053750.286177335,0.21231738700533145,5.152154429304196,23.37722387658795,22.625656199375246,153.33933269689695
6055453.475102678,0.21218078575217802,5.15288475445025,-336.5998833076124,22.625822164137283,162.34495741032984
6056591.902177105,0.2120693668350091,5.156436238685584,-336.60293968677996,22.632897576936422,171.1466814404489
6056462.870281413,0.21207339639173803,5.160631337503803,-336.6380073420781,22.64885188138388,179.86156447429792
6056044.27879755,0.21212208333054128,5.164798334103663,23.3195655949321,22.67299916184856,-171.42621305597686
6055701.030652236,0.21218790550928515,5.167672064684837,23.27332106947711,22.696394851435308,-162.60282122506572
6055379.32153436,0.21226184065636755,5.17040451625255,23.22746678539692,22.726843236889188,-153.5667782005759
6055428.235869905,0.21232582510298456,5.173194509187601,23.166507297237377,22.76984162646258,-144.18454972200976
6056143.533691814,0.21238730386179036,5.175068634422283,23.094754754668678,22.812058894081158,-134.30806859788285
6057061.452474061,0.2124743764424305,5.176338992410229,23.016607234121736,22.86081556012291,-123.7889217759862
6058152.839095639,0.21254678317944936,5.176727147167401,22.94463636512355,22.907314969978717,-112.44512407453493
6059479.040387757,0.21268568327525383,5.176333377924254,22.883626172785135,22.945786467006144,-100.06272409850297
6061977.513632886,0.21285321507420848,5.175722615939643,22.82840936695447,22.96503028718965,-86.39184215485808
6064809.588805804,0.2130920232373838,5.17523658099604,22.798662431532268,22.97309252816319,-71.23232153608296
6068055.89538697,0.21338385178819258,5.173609770760069,22.780746524120037,22.988315130769347,-54.42721551946632
6071421.504233932,0.21369409293891944,5.172298802291499,22.800640841713474,22.994242403847828,-35.99552018772321
6074008.466460519,0.21393728651884003,5.16989572377662,22.86099844412733,22.995626692035334,-16.250336298908348
6074749.639085414,0.2140043828115599,5.165720991787333,22.954700740593893,22.981354270731067,4.17079567850668
6076941.151322115,0.2141133349792482,5.164898060621747,23.013270602308538,22.974169378231405,24.436979417519364
6078891.244671913,0.21417103481878225,5.163906356494206,23.081024121253005,22.956945629063238,43.70449796197894
6080605.8441062365,0.21418524371960387,5.163214741468082,23.15835764547014,22.926544113098792,61.457351879777875
6082465.631062971,0.2141925861307879,5.16334656174112,23.232946637990644,22.89590387326905,77.5217763064274
6084376.585358363,0.2141852244231557,5.163680117767346,23.287505134717073,22.884367695733467,91.97047277533494
6086344.464757726,0.2141586625430243,5.164082819282114,23.338163537042714,22.877073411288364,105.00051514019215
6088163.722704088,0.2141181275729587,5.165017911417799,23.388043393028973,22.866404944703117,116.85129032153499
6090004.275813207,0.21405343694537116,5.165871550547976,23.43306052484748,22.859923021646843,127.74619130251716
6091890.998797337,0.21396737718360934,5.165354353878783,23.468429997962655,22.86241095309206,137.88725132272882
6093687.470423512,0.21385433016076288,5.165143469422234,23.499506153883882,22.86296596807894,147.4544157432477
6095365.723132797,0.2137343057727708,5.165870204499049,-336.4731962203684,22.86232760250649,156.5965984195702
6096598.391806763,0.21362097652512377,5.169222517595053,-336.4661938744347,22.865301025739434,165.45660426843475
6096592.624892546,0.2136020015200166,5.173726543171184,-336.4966877266683,22.877142748316093,174.16380712389753
6095866.724564586,0.21366945523483524,5.176858224270531,23.468961592472482,22.891137647766783,-177.19949732705496
6094787.32649013,0.21378950547479506,5.181589513835514,23.419419552804513,22.922082107831063,-168.53045692549844
6094338.502608346,0.21386531803602854,5.185206511998286,23.36981245009265,22.954770559314674,-159.72082181386597
6094068.25474192,0.21394946204422705,5.187777852092341,23.32000343064574,22.986472519542694,-150.65285954619137
6094189.185967419,0.21402407816238175,5.190502740105045,23.25308459733762,23.03337846906705,-141.19927990358363
6094627.293225346,0.21412005899559292,5.192381886713564,23.180355772271806,23.082097655725534,-131.21433203078925
6095473.735547945,0.2142125345811014,5.193383876517026,23.106561764201647,23.130603167473975,-120.53431596100984
6096247.725509364,0.21431725161837975,5.193515489283868,23.04454014756624,23.175893928238768,-108.97582402330177
6097704.647290092,0.21445588170899998,5.192834887100726,22.980356826231763,23.217767320239908,-96.30458913084543
6100121.129232833,0.21465562534114194,5.192280226205486,22.939209077410094,23.231928442378493,-82.28522545726948
6103125.356160458,0.2149134560973688,5.191579996209777,22.912197814606454,23.24174710834525,-66.71346807097089
6106374.197646424,0.2152069340109966,5.189999336988948,22.904156757027792,23.25408337414778,-49.47282889505677
6109747.793445537,0.21550676793149048,5.188456125092534,22.929432630643927,23.25924445158024,-30.646512910057524
6112859.117779776,0.2157636266205478,5.186493572357788,22.99198914168556,23.258184748134727,-10.643211420349745
6113190.5519328695,0.21578589290972494,5.182363089181481,23.096425048091874,23.238908586909627,9.80242056733999
6115405.672792986,0.2158847197149876,5.181587768437842,23.156311236672252,23.23072177495969,29.852426906558545
6117363.831423845,0.21593080884842367,5.180985401717152,23.220621834377784,23.217807068742427,48.71935925137652
6119181.241671501,0.21593807722268812,5.180504430611038,23.301828853966544,23.18522934425685,65.98462889593839
6120971.731661186,0.21592677136143726,5.1808329481279936,23.37504087284517,23.15624190591659,81.55855566145573
6122599.111619391,0.21591260292449307,5.181222366260144,23.422350670827313,23.145446760590886,95.56582417652356
6124009.094868099,0.21588978726219182,5.181685463697825,23.460252014319757,23.13815398247074,108.22068583380374
6125854.756054744,0.2158407960101437,5.182548467640111,23.508193363884377,23.129368408561486,119.74512371983322
6127734.598770337,0.21577586881608918,5.183080147668452,23.5507358187497,23.12575089721271,130.36924857171087
6129613.1166531015,0.21568594388925003,5.18215928616733,23.58371065676576,23.129644485542173,140.2891498270341
6131454.815881724,0.21557745350849983,5.182525204258094,23.618192681949555,23.128812423320163,149.67292658099012
6133027.536123408,0.21545311229208608,5.1840577015459175,-336.36004434014677,23.128159481391812,158.67375461985915
6133611.396280546,0.21538155824735955,5.188069984414579,-336.3705096339214,23.133372585447773,167.43150025961634
6132603.501830453,0.21546253713177724,5.1925542007635235,-336.40618009859793,23.14698254870538,176.05021842981844
6132083.793362578,0.21551368824497563,5.196575057581093,23.552862511245696,23.16665816073439,-175.38067305214472
6131582.067288531,0.2155813898421976,5.200147423520501,23.508603456825625,23.191713561281922,-166.75717795588827
6131452.122973718,0.21563297509541737,5.203086429068604,23.460817396166448,23.21997123147696,-157.9690343709965
6131481.240149913,0.2157006658210211,5.205411440349366,23.408045226414067,23.25045139027445,-148.8984144383763
6131625.232926492,0.21577772994875627,5.207740424218479,23.3456722151999,23.293397444877087,-139.42286012245467
6132356.88851111,0.21585123250085228,5.209459925359773,23.26997891104796,23.342235415727014,-129.38574194012872
6133374.796237456,0.2159541412938082,5.210230702486848,23.197904458486477,23.386299043648638,-118.62332708081269
6134310.174982976,0.2160354097095774,5.210215108240939,23.133532439005993,23.43184649816769,-106.94843109390777
6136435.027683882,0.21620045750315878,5.210067746430725,23.093398365593796,23.439344750345885,-94.11420605399302
6138950.788986722,0.2164130857036614,5.209397692313982,23.053215539243983,23.454603162173385,-79.90470488540939
6142043.365153104,0.21667868863153675,5.2093225691316745,23.037777340631358,23.455545615760975,-64.1111704789946
6145475.943157978,0.21697964232917777,5.208537339278178,23.038097784595926,23.46097657741029,-46.6373134287297
6148247.582099777,0.21724980187841858,5.206554196078704,23.076918828542553,23.466350887352434,-27.622898960813554
6150242.952155344,0.21742909136967414,5.204969585757531,23.14698453759879,23.46444931101873,-7.514111451341552
6150039.048034137,0.21740689837269753,5.201284524274097,23.249600360716467,23.444466858781855,12.913014256807989
6152076.619407823,0.21748943836732468,5.199850944659124,23.316173724540924,23.427784126265088,32.80965035194945
6153570.187100939,0.21751018609484443,5.19858209539796,23.39098992255201,23.39686592551662,51.4358592902174
6155191.60965318,0.21750914180428865,5.1982974460599,23.462028630878372,23.369706700065027,68.41928833470965
6157090.207561167,0.21750889374345117,5.198642675468318,23.527886439745462,23.347055562800676,83.71126070591016
6159030.387256885,0.21748933200745119,5.198947357807393,23.578430217876658,23.3394367099724,97.45518100323658
6160959.075594667,0.2174595979878809,5.200154297672112,23.636986195681626,23.321941677540707,109.87635552735425
6162875.561571106,0.21740250876183456,5.20111583288902,23.68624620783362,23.312773071528127,121.20992948310607
6164801.608474761,0.2173325076446604,5.201600915565487,23.728606789758555,23.30968083106352,131.67323483373147
6166683.108727502,0.2172419583301549,5.200878888161187,23.762337963516906,23.3124965355947,141.4578945754792
6168479.409748001,0.21712582529328414,5.200667115023472,23.79233900988283,23.312895058063773,150.73003444753644
6170197.800054407,0.21698764215700694,5.202410747628845,-336.1853236022691,23.312554366670756,159.6322061989279
6170717.291524371,0.21692396202436484,5.20769348534993,-336.1985426176267,23.320522032924757,168.30637156209139
6170077.912982274,0.21697078985429427,5.211580372174083,-336.23198557654143,23.333090344017815,176.85223747790363
6169620.360073762,0.2170175203467736,5.215879157896782,23.725040622998737,23.354988973513397,-174.64032247372245
6169061.96858279,0.2170917195895265,5.219566862389586,23.680120187169454,23.381646211530857,-166.07047955125068
6168564.477193609,0.21717580676693052,5.223166786846416,23.629631587844006,23.417155289376915,-157.33187122722504
6168338.455437981,0.21725780845115022,5.226494107489471,23.56879722387165,23.461833759901687,-148.305285341239
6168470.316091666,0.2173468896767525,5.228482623693981,23.510522735223677,23.49944649667367,-138.85960205399306
6168845.462065237,0.2174385884327007,5.230154125978896,23.44211056423287,23.548542046019243,-128.85415945296006
6169659.638575019,0.21753790730298708,5.230930965746541,23.372264475806645,23.595855258150056,-118.11403614665379
6170889.365871476,0.2176472061146103,5.230878669716323,23.311115574736824,23.63285341536846,-106.44257395561814
6173008.488978576,0.21781205281553837,5.230849689173898,23.277984400789705,23.634351847748096,-93.60904631756007
6175922.24837104,0.2180203173059779,5.230079189673208,23.228078239564123,23.651299032132066,-79.38151988336048
6178852.243157655,0.2182808845857237,5.228971269297798,23.203767267139227,23.665006300065485,-63.57309362723954
6182379.811616609,0.21858989255872205,5.227255793808534,23.19938151780171,23.67660104086495,-46.07701677776971
6185823.095626859,0.21889546508028423,5.225184917672732,23.23337680566877,23.681891106271056,-27.036837380246542
6188239.376538683,0.2191013897896546,5.222998884761281,23.3075922442575,23.67905211632857,-6.92452164445631
6187272.305513801,0.21903105287696115,5.219418428535068,23.401922031706842,23.65906418023097,13.493195333880614
6189403.0033243,0.2191178315586449,5.218000072990458,23.468577413580718,23.64220461678423,33.34520758124886
6191382.22456992,0.2191629688685501,5.217021496046447,23.54140798871091,23.617704404571104,51.90191935404319
6193271.889247505,0.21917289041001772,5.216663417554368,23.62607347181492,23.579982110014345,68.80664743054044
6195236.586987199,0.2191758441602287,5.217167045605062,23.700564973541116,23.548970287318614,84.0202213624496
6197203.830397775,0.21915980246186575,5.217548922377427,23.752421808823506,23.539688796225775,97.68852095011947
6199127.292373968,0.21913197943392254,5.21854963160419,23.807123463365794,23.525407592773085,110.03836601220132
6201101.777382093,0.21908136659271105,5.219800060807707,23.859767480570707,23.513665308819427,121.30330951888836
6202654.10397923,0.21902966840564256,5.220024078025255,23.892821787043445,23.51223702771884,131.70988891299464
6204421.5236350205,0.21894514616265826,5.219995525947736,23.926745996827457,23.51232494170579,141.43515156334414
6206253.687846569,0.21883094757702748,5.220228867820682,23.958753616909945,23.51185796998219,150.64573296594875
6207880.504323712,0.21868779696465784,5.223563972609043,-336.02423293149906,23.5112541319145,159.49351658605417
6207645.054621538,0.21867740182560083,5.227026508847398,-336.0491124137551,23.516448253056634,168.12134668792535
6207005.041097479,0.2187248850811874,5.231674593475796,-336.08327282460596,23.53135812900459,176.60302557513876
6206061.033332935,0.21881764463962303,5.236183471813623,23.87713389329965,23.55409997938197,-174.9592912094974
6205279.189743187,0.2189129112721166,5.23957939044968,23.835056809556338,23.578367584227763,-166.45983016681708
6204442.817283589,0.21903114211167476,5.24340305448385,23.78354037749342,23.615582973413158,-157.7976602242879
6204019.233929409,0.21912068554714223,5.246771047815053,23.72766530828585,23.660073292870507,-148.8591741963842
6203997.331496483,0.2192055969541276,5.249108418507974,23.668794406446917,23.703345772696018,-139.51141760032633
6204442.364379585,0.2192932986959198,5.250678754710316,23.603316805820196,23.747995341264375,-129.6092640699606
6205151.94701935,0.2194097755676213,5.251412519039191,23.54018839007141,23.78978823702476,-118.9896365964199
6205881.308704516,0.21952008063522382,5.2514035326898245,23.480310891090745,23.835671878846295,-107.46464838856751
6207604.112729019,0.21966937049064433,5.250841029064745,23.426867593182592,23.864305167820667,-94.79287329428024
6210148.4238587,0.2198660128232901,5.250417200569123,23.389943906301436,23.874080739137945,-80.74375852129896
6213612.0894848835,0.2201267132040291,5.249399770698461,23.35309597741013,23.887211455898495,-65.10501844901327
6217019.332238451,0.22041933592895305,5.248192505404265,23.34802778744372,23.89580644720412,-47.78130102775666
6220586.810316481,0.2207257300945429,5.2460225441679675,23.373621833621137,23.90207267399911,-28.87477069529456
6223808.573142182,0.22098417402746576,5.24395634632261,23.441148187580268,23.900080523828137,-8.8300174662389
6223860.653857129,0.22098245662004698,5.239706810683592,23.54660613661011,23.878260405137734,11.591620130964381
6226024.609094979,0.22107346505835587,5.23887510683707,23.606058471241166,23.868911610449647,31.533111754497273
6227937.694943292,0.22111052758061314,5.237865380800809,23.680396397607733,23.845528609608717,50.22044430144696
6229644.21735484,0.22109458183479516,5.237444136636283,23.766321737338888,23.810179111186045,67.263345891298
6231542.747072732,0.22109109120676873,5.237879571404639,23.840474592395175,23.779322674810476,82.604349512859
6233246.117125293,0.2210798212444996,5.238644440302992,23.89627052720846,23.75990969758037,96.3811655564535
6235253.550124416,0.22105439212893474,5.23975758124234,23.95439508937085,23.74344327973948,108.80531175162169
6236767.754915647,0.22101814901003805,5.240497461149358,23.9927044546757,23.73623751830023,120.13063708213195
6238675.007161388,0.2209439119215674,5.24151580105678,24.03707908735351,23.72962542512054,130.55974784686282
6240596.546862138,0.2208566400365151,5.240979395941476,24.07195879406859,23.73179116581505,140.29181379619357
6242259.919459388,0.22075491874945521,5.2419405560490135,24.10260375208932,23.72973696992978,149.49836228926912
6243175.229000809,0.22065929261936207,5.244979765899881,-335.89167756387695,23.72859960702725,158.33548370064003
6242585.714234056,0.2206804705084027,5.249456688136091,-335.91863376741463,23.734385322428864,166.92757748476467
6241817.57413942,0.2207357014064828,5.253836916455435,-335.95350388503147,23.7473962428398,175.36015230965455
6240910.979080917,0.22082234001301757,5.25800359188423,24.006916168074277,23.767233909825716,-176.2659053040462
6240182.184317946,0.22091029775731616,5.2625990079051626,23.956785851564707,23.79843746255874,-167.84799781099673
6239900.086781574,0.22097843856734106,5.266159952181848,23.903048625862837,23.831384374823944,-159.2799585930791
6239613.599909607,0.22106595671899498,5.269259434149028,23.84698616515133,23.87015619298089,-150.45684240707584
6239977.297509257,0.22112774786905287,5.271737635796478,23.78053002044479,23.913145143513464,-141.24681651079783
6240312.169423526,0.22123053658914857,5.273314918059857,23.71848173318691,23.95411320805229,-131.5190564785368
6241329.204567974,0.22132055420984786,5.274227039438431,23.646900256013875,23.9979564535617,-121.10217709237527
6242293.158707961,0.22140186878234766,5.274372490729513,23.581874276103825,24.043193895570646,-109.82084784162969
6244192.88320508,0.22152999281547134,5.273814244962694,23.51568859557605,24.078638979515986,-97.43769259063002
6246628.012841051,0.22171212434850246,5.273409240566936,23.4769166452027,24.08921627974068,-83.72763128121757
6249836.330264807,0.22196159093618442,5.272803121207336,23.445781076220207,24.09791886394693,-68.46520932147627
6253064.34327578,0.22225054140491277,5.271221926057896,23.436405803460598,24.110710951066714,-51.52006633976082
6256411.503988605,0.22254948418057474,5.269491138113327,23.45947450544059,24.11704089912934,-32.93490991561847
6258742.573755143,0.22276335497060282,5.2678373315336335,23.52300134536125,24.116707701912656,-13.081287511510617
6259968.068561843,0.22284796716356975,5.263968945889752,23.6154332532993,24.100555684682455,7.34096110309829
6262176.4998713415,0.22294370189202334,5.262244700254791,23.688289293565852,24.083954696359946,27.4527852243238
6264163.377652667,0.22299673391664682,5.261146562461174,23.758139514767876,24.062457169223027,46.44034007743992
6265832.770405242,0.22300972713310457,5.260627182124728,23.829378948184853,24.033247931839217,63.83168109961784
6267723.9029052425,0.22300454057100752,5.26092284688769,23.906599999116217,24.000341657053003,79.49521497947013
6269715.544221094,0.22299817465539237,5.26143356732763,23.963493270284395,23.98533904468262,93.5445965722283
6271684.964983942,0.2229763965051378,5.262026551949837,24.013771305565502,23.975651136000756,106.19380897719387
6273450.619468389,0.22293789291719637,5.263423180832663,24.064453931503277,23.96094207913929,117.6860821921406
6275365.542259155,0.22287808581358526,5.26363637348243,24.104286859584803,23.959404099478913,128.24020051592467
6277298.689381085,0.2227964564378405,5.262889682444932,24.13829030969647,23.962775878820345,138.0573142337132
6279174.213279551,0.22269327752862453,5.262389762765892,24.170810385807332,23.96402685487911,147.30933895950983
6280768.886977555,0.22255661345625874,5.264610663732277,-335.80993936894464,23.96230228121294,156.15359803364078
6280830.138566246,0.2225208888018538,5.269293314462807,-335.82684881036096,23.966443349473753,164.72953965991283
6280172.894400269,0.22255934219433418,5.2741856302689785,-335.8617928446575,23.97882584026039,173.12843236722816
6279406.885045966,0.2226272363357707,5.278726816745823,24.09769154127548,23.998176000564456,-178.55723524545886
6278708.960624455,0.22270751199135502,5.282379907088591,24.054754858634602,24.020783834786943,-170.22676257933998
6278032.788536135,0.22280606281617804,5.286347628947553,24.002518072604115,24.054434530108985,-161.78000318154548
6277623.327358985,0.22289227285677637,5.289354375015847,23.95364391803911,24.088793685998883,-153.112829931341
6277260.877649717,0.2229933000517531,5.291680771364984,23.905219400817586,24.12516499507551,-144.10685610221407
6277618.770261474,0.2230878705705231,5.293656628577533,23.837617083262924,24.16991667623945,-134.61634296016143
6278119.781112744,0.22319821255061165,5.294946315518589,23.768734698926945,24.21908866859785,-124.5014852701353
6278830.470070828,0.22329727522173262,5.29528690451804,23.713601678760334,24.25776763868636,-113.58229687684107
6280090.763001487,0.22342407152188862,5.2948693108066,23.649618259844825,24.30161737397561,-101.6422136841058
6282273.706490718,0.22360457608341225,5.294339229771173,23.606259385719934,24.318957501862066,-88.44433677098132
6285232.773332002,0.2238382723938201,5.293427335600977,23.567005444696772,24.334625875941253,-73.75781469416287
6288592.807499787,0.22412173031048582,5.292399837691366,23.549701901299517,24.34470597152305,-57.40699460778714
6292293.705020456,0.22443493105399245,5.2905481316665695,23.555302639103374,24.35397223272404,-39.357926139995094
