Episode: 138
11879.763294642888,0.15310324155178073,0.12877140751328478,0.04101004963217801,0.01490110108100823,1.2375084487439292,3193.817503153055,9169.961310811344,658.1914510384512
11881.531593320786,0.15298187917277298,0.12895292053543203,0.04100941467534992,0.014897054692265337,1.5807792676736223,-88.61208300117646,10082.220260608174,831.1542848245255
11883.1376148883,0.1528375154276188,0.1290896373527269,0.04101170059320069,0.014883479250529689,1.8949149591173158,-3369.8759459768507,10033.431600578067,925.0479508862144
11884.396217181971,0.152663510061445,0.12916649992062873,0.041017927262116685,0.014871044309838074,2.1784851912065926,-6379.596290422455,9154.37609981986,942.523789761659
11886.073004702475,0.15253333215372772,0.1292596327253996,0.04101503947316843,0.014874113649387356,2.433945929180706,-8943.387093301088,7625.305255805798,893.2545899399389
11887.744218573322,0.1523922685096796,0.12933135328824732,0.04100786837890653,0.014878841660115764,2.665421686358382,-10967.63222565973,5630.274453343616,789.645148598982
11889.348554504697,0.15225664498422306,0.12938823161351787,0.0410161248124594,0.014875614788111122,2.8773490599057325,-12415.108752857064,3335.333908332168,644.1959900867741
11890.864046774675,0.15212134858069845,0.12942530140334652,0.04102865607325946,0.014873507097294191,3.0738602279292184,-13284.176283860472,882.4001706802103,468.4641904247011
11892.347375874597,0.1519825113824691,0.12944300815787108,0.0410430201450392,0.014873856925742055,3.258592639680684,-13594.329213627312,-1609.5074438258155,272.80201804891925
11893.810439559082,0.1518410990018052,0.12943263928146156,0.041066606260199395,0.014878766635624844,3.4347034066805504,-13377.315961766788,-4040.3465868610056,66.35587658838877
11895.396321961076,0.15168918925746985,0.12939416197182996,0.04109130813118872,0.014888583296872154,3.6049615989777877,-12672.180702171254,-6324.750826822646,-142.71554459328837
11896.650589548188,0.15157671902993297,0.12933802995197055,0.041114300703744784,0.014902573205296019,3.771858098072614,-11522.891324735096,-8388.15788158143,-346.9685958474483
11897.842405015193,0.15147705824187244,0.12926986061326953,0.0411405777914739,0.014925288628327756,3.937721328262721,-9977.663522640967,-10163.704590784371,-539.4756066795402
11899.325870241199,0.15138699583548446,0.12915183348599124,0.041162707264118456,0.014952004167774407,4.1048313530045455,-8089.421444490396,-11589.887361103782,-713.6047997269525
11900.551232971202,0.15136589141164397,0.1290311383063997,0.04118168936666782,0.014984913665269098,4.27552595482927,-5917.276011342028,-12608.855348909916,-862.8252260487697
11901.647095556114,0.15135203128252245,0.12892715467007387,0.04119235483983311,0.015014138276995919,4.452309660619462,-3528.9533474623872,-13165.716237168017,-980.5702086915495
11902.129907186116,0.15142329015505504,0.1288919033523922,0.04119906378966119,0.015053447492298802,4.637967561460654,-1004.0516633666322,-13208.786485528819,-1060.19016918104
11903.102101752867,0.15154547203518698,0.12884725585941922,0.041198233815244026,0.01509103149319387,4.835680056358509,1561.7892593290735,-12691.48262128692,-1094.9792307053324
11903.952520700812,0.15168708217396715,0.12885905963187946,0.0411904237111863,0.015124844802466373,5.0491116643543545,4051.796242869072,-11576.958660021397,-1078.361533843937
11905.437934290074,0.1518669603902801,0.12888232783794956,0.04117665595658683,0.015153369126342874,5.282405438230718,6322.884720372899,-9846.606986617697,-1004.4604372425084
11907.707394741816,0.1520962764129059,0.12894328796887894,0.04116559161135683,0.015166663189404267,5.539965924318095,8202.565459210955,-7514.578265950649,-869.1680453015834
11910.625284190635,0.15234793797605806,0.12906613547915777,0.041155412256255956,0.01517368963396389,5.825781936089321,9492.726699763247,-4649.85845032016,-672.106198607621
11913.674198432353,0.15256337271589435,0.129291805134164,0.04113959809887251,0.015178580927717135,6.141985736011325,9989.131603616357,-1403.5558620261759,-419.5318322706054
11916.885687290816,0.1527124992358368,0.1296023675881285,0.041121705633678486,0.015177942314348308,6.486617129595507,9526.413198558983,1970.794989553579,-127.34246844309773
11918.499407088688,0.15265225382448133,0.12994494652652222,0.041097748271580664,0.015168030239189402,6.851508945660033,8046.510150316738,5129.51700579883,177.86511865000156
11920.009997227507,0.1525663028982253,0.13018969600464675,0.041074809783314556,0.015146208848862018,7.222485132903434,5658.136967764286,7707.354505693034,462.6442718773727
11921.755253913278,0.1524761688325578,0.13039128414343856,0.04106423312153483,0.01512400391236129,7.583280258622442,2633.637936215964,9423.654375048201,695.6200964959817
11922.902074626929,0.15232094116919936,0.1305308568056568,0.041062865103175084,0.015110147512134547,7.921019039577557,-671.4549314936548,10158.657273895538,856.2179208478349
11923.277229875159,0.15208571279379,0.13058107860165624,0.04106851673772211,0.015085177650935064,8.229238858055684,-3921.50397057929,9952.383308517126,937.5670865468602
11924.719647144464,0.1519596187375067,0.13067212653192412,0.04107157863878792,0.015079651402280795,8.507276792038382,-6864.128556834875,8947.659798278499,943.8130711915907
11926.457827870197,0.15182463728022472,0.13076505270740474,0.041066665679253066,0.015084505960650751,8.757925872330427,-9341.261026697095,7327.064886492528,885.3073535756553
11928.201509661809,0.1516823197725481,0.1308399055505852,0.04106316574184479,0.015086594501520646,8.985373271769436,-11271.056220477783,5271.687782636256,774.5103372171329
11929.954172859341,0.1515345391450909,0.13089998193770302,0.04106848238111323,0.01508471596717928,9.193990323408139,-12623.914706851388,2942.8896142495473,623.7703578585533
11931.66115826966,0.1513793873197301,0.13093420295152883,0.041071839218337576,0.015084241668661744,9.387801606187193,-13402.776355976182,477.80579267612745,444.44101190811097
11933.10246921525,0.1512443241868252,0.13094873724046785,0.04108038772284558,0.01508469586543589,9.570334938231055,-13629.781013632857,-2008.717741672585,246.63674074161355
11934.649163080328,0.15109527711520576,0.13093704814229562,0.041107241341767915,0.015091067807222304,9.744653329665253,-13338.175748895881,-4420.095149867746,39.25406460367022
11935.810120539873,0.15098524139286632,0.13090497078791832,0.04112545311279717,0.015098856103785986,9.913448613249754,-12567.839840970228,-6673.749104400296,-169.72765578573689
11937.248898183538,0.1508644303964187,0.13082603627090558,0.04115051954369077,0.015114970639417039,10.079154278084111,-11363.200851916941,-8697.410701345192,-373.013912027255
11938.725720000306,0.15075663079523405,0.1307244333287923,0.041173241380631886,0.01513556798324323,10.244058455114956,-9772.757616565847,-10426.156045997584,-563.8097556084001
11940.134251445896,0.15067056416304905,0.13061312009505485,0.04119427647454485,0.015162171521625679,10.410407545760547,-7849.735124208964,-11800.125376408349,-735.5745427350197
11941.72148663515,0.1506236327089935,0.1304650649023502,0.04121308324558314,0.015196507783351198,10.58051504778863,-5653.552843273672,-12762.997542291787,-881.8779820808155
11943.18084135135,0.15062744738035283,0.13032511551927278,0.04121992772609919,0.015216581567127381,10.75686808374535,-3252.2386970293433,-13261.319297305932,-996.2086422566
11943.682852221002,0.15070524350522116,0.1302910719649325,0.041225420131485675,0.015253455742899057,10.942238095568065,-725.8149564021762,-13244.91895845539,-1071.9836148560198
11944.46245671309,0.150834738998744,0.13027118578975147,0.04122380419596281,0.015290949204236346,11.139790254297221,1829.5857180066205,-12668.998077797733,-1102.6123837698535
11945.638816271576,0.1509808566061664,0.13025597728491425,0.041216267874844996,0.015320737996059345,11.353174620164983,4296.824034113269,-11498.881134435887,-1081.6343068314152
11946.953361118774,0.15114702203492442,0.130290158105223,0.04120221559517109,0.015348361981286496,11.586507447829995,6532.693031648379,-9718.705935633085,-1003.3363538641332
11949.444529555447,0.15138706329413099,0.1303440760274857,0.04119188010281417,0.015360263818595064,11.844138836690865,8365.189780354618,-7346.041545441177,-863.8471338411878
11952.164240830254,0.15162258178144195,0.1304832946444667,0.041176085570333074,0.015370675279732878,12.129962470158162,9597.968961495453,-4453.9414435793415,-663.1272577965645
11954.883369502702,0.1518093338510123,0.1307205120983334,0.04116427870997974,0.015374032704858515,12.44595586138314,10030.664542015149,-1197.6830810090992,-407.8144818964499
11957.98194680613,0.151945449161515,0.13102848704698664,0.04114506303100116,0.01537295551831395,12.789973473731552,9504.466791204397,2166.4645660970664,-114.16510049203904
11960.254742017349,0.15192143302074504,0.13138492099193114,0.04112348708285072,0.015363519640103632,13.153710174367333,7969.6947007099425,5295.69036632244,191.03755016918305
11960.867144423606,0.15175106006516376,0.13162653279770686,0.041098515078590345,0.0153389352902321,13.523003290157282,5542.403838896827,7830.242304038288,474.5066418915602
11962.795224862884,0.15166588475267065,0.13183604709153973,0.04109184530361292,0.015324254595021371,13.881799893627068,2498.028892787149,9498.151952285967,705.3890458227481
11964.501531750675,0.15155038369144636,0.1320000240884483,0.0410907515301455,0.015311305243212838,14.217509469912512,-809.9218066680361,10187.919251655492,863.7212746540774
11965.130109576632,0.151317710204418,0.13206553251646852,0.041095764973194254,0.01529032907449357,14.523869066012608,-4050.7974440986795,9944.464015173653,943.0399051630122
11965.868206437199,0.15112666525506582,0.13209192092795874,0.04110660543589715,0.015271622811960366,14.800293018408464,-6977.3830858811225,8912.039667266516,947.6215749140127
11967.59106102,0.15099885775785998,0.13218503908463441,0.04110875768673666,0.015269405050742684,15.049577655706097,-9435.720054573041,7272.7203322082805,887.8079885874474
11969.025567472483,0.15088441332266575,0.13224763251910748,0.041102378966888585,0.015273193694451358,15.275865589434959,-11346.81226560526,5206.290336165658,776.0781066634358
11970.764686455406,0.15073770973025416,0.13230578727836706,0.04111093442036901,0.015270260262887837,15.483472015970452,-12682.767576229724,2872.479024457098,624.7204355095247
11972.33062056107,0.15059032030097436,0.132325660504673,0.04111372647997843,0.015269877637228582,15.676373558382842,-13447.510042292995,406.86362041263675,444.99497620002944
11973.861329918023,0.1504440141032715,0.13232605629636154,0.04112338512308168,0.015270441354669222,15.858056608724457,-13663.708457838982,-2077.0974730865364,246.94235464780152
11975.512380605933,0.15028561672272148,0.13230911749617513,0.04115455219806449,0.015277975205149032,16.031549503392476,-13364.879197832115,-4484.058219683054,39.373647381381346
11977.130260365444,0.1501327525837407,0.13226508033433604,0.04117987861608116,0.01528891075745247,16.199513380459116,-12590.975823071885,-6732.58515017016,-169.81713489535778
11978.415505875066,0.1500297840097921,0.13218643961105597,0.041212163294172245,0.01530978198410337,16.36434921391713,-11386.328445771469,-8751.439241493517,-373.40881038409003
11979.683695418184,0.14993275821478025,0.13210460001830615,0.04123944757317051,0.015334595685166796,16.52831014497447,-9799.21503770824,-10476.686418444106,-564.6646207276339
11981.182195352509,0.14985872571490277,0.13197523843636857,0.041261991174592956,0.015363141473387219,16.693608913385926,-7882.4178776353465,-11849.49521737227,-737.0990561897148
11982.570606036255,0.14980381225475634,0.13185087983657215,0.041280886985094245,0.015397595195985617,16.862519773441637,-5694.709317067191,-12814.608076588058,-884.3438039313504
11984.000502876406,0.1498179936277766,0.13171306539367156,0.04129187589966399,0.015429661829826948,17.037481495442847,-3303.1739835272015,-13319.625198481865,-999.9939881876695
11984.280717632202,0.1499254974266731,0.13170384669883728,0.04129794959400732,0.015469534766519414,17.221205251440843,-786.4346278029485,-13315.31158715085,-1077.5542346038799
11984.8459273967,0.15005805059323263,0.13170491708242715,0.04129653286039087,0.015506863588162657,17.416786764725146,1761.3271362645792,-12757.694084645826,-1110.4832373199754
11985.692604625832,0.150195574141714,0.1317169389295742,0.04128857561964349,0.015539300052267854,17.627796778295586,4225.671611644445,-11612.512254815634,-1092.3821508981987
11987.122886881463,0.1503591510159526,0.1317317120277588,0.04127436566192824,0.015567931536532253,17.85827337585707,6466.964034460242,-9863.372294438896,-1017.5434482975021
11989.326028152343,0.1505772966283957,0.1317878767519042,0.041259466112526316,0.015585534972977275,18.112516233017235,8317.443651040743,-7525.628590762679,-881.9861391431838
11992.105652206035,0.15081706849878554,0.13191523678959724,0.041252377566664084,0.015590381291460733,18.394454889973773,9584.886357488074,-4667.437668522589,-685.2826182508353
11994.930551226404,0.15101444914141965,0.13214202261344368,0.04123398821573438,0.015596071010536911,18.70629909747701,10071.064663104864,-1435.804696074273,-433.3882682023674
11997.872894020222,0.15114551151430886,0.1324416042982555,0.041212264739245684,0.015595421803866609,19.04640636212246,9614.257941640351,1923.677408861382,-141.5935382028227
11999.773175964361,0.1511076292705841,0.13278165604592834,0.04119002816131497,0.01558644011158784,19.407192425627407,8154.459635683552,5077.256769933808,164.38554004783725
12000.324606821485,0.1509179896329315,0.13304603042903596,0.04116138271841772,0.015559921143650585,19.775111875564228,5791.843049791981,7666.605792875107,451.7697417550501
12002.14601124996,0.1508277125283618,0.13325373321250433,0.04115462935246174,0.015546179492557367,20.1342311273161,2787.698686901266,9410.946753892971,689.2659191559172
12003.892260622786,0.150717266143356,0.1334213489882893,0.04115390240766533,0.015539890821078416,20.47152430858319,-510.1125052394962,10184.303226086491,855.7578316589015
12004.799153291264,0.1505451424355274,0.1335047261815769,0.041157632326131365,0.015522028525497411,20.7800735096295,-3767.89716375424,10018.855980004359,943.501161386364
12006.42135394987,0.1504001262102592,0.1336065283846443,0.041165187761111985,0.015508135553430823,21.05875334262785,-6731.204722216121,9051.580721349894,955.8465451056541
12008.055753136228,0.15027642671221994,0.1336946760798833,0.04116262889502473,0.015510696924099662,21.310042720943404,-9238.677438365632,7462.06611137075,902.6597635728272
12009.752034854122,0.15014421183277232,0.13377104498420075,0.04115675271622322,0.01551435899533457,21.537951184466763,-11205.654978061362,5430.451640211485,796.2369979009063
12011.509541708676,0.1499993267362848,0.133833368306129,0.041166730233614966,0.015510715349486701,21.746764709372062,-12600.590383036175,3117.9838797222424,648.858467925345
12013.245463123518,0.14984686085740961,0.1338755777188337,0.041175899219501745,0.015509340771309168,21.94047141591331,-13425.217536384876,661.8771216607222,471.8528231049271
12014.92374402148,0.1496895998943365,0.13388705013081806,0.04118067410789858,0.015509519150906323,22.122582335733018,-13700.919806617258,-1823.1093270485355,275.3688364470398
12016.465988977632,0.14954197636941638,0.13385658876411283,0.04119702291483888,0.015513143305334388,22.296145468134988,-13460.366449460491,-4240.739470071615,68.34594945296806
12017.691401267459,0.14942571415640912,0.133827874842811,0.041219590338297016,0.015522389994439702,22.4638312414788,-12742.919222114391,-6509.088185559411,-141.27685028179297
12019.184253977077,0.1492933087661315,0.13376157051832677,0.04124250214974068,0.015536583917746883,22.628040349615084,-11592.359410992556,-8556.882107460868,-346.27570933578056
12020.313889363266,0.14921810982686462,0.13367631660355503,0.041267082633199274,0.01555805771322215,22.791010267568463,-10056.173847322345,-10320.431245090384,-539.929287929543
12021.429544246605,0.14916719532655878,0.13357683395358919,0.041290654543336636,0.015586643894833614,22.95491845464733,-8186.06689218365,-11741.33862687087,-715.8228189375134
12022.856908822429,0.14911441755384042,0.1334477049115273,0.041305348337330135,0.015612042520317958,23.121987866641298,-6039.267205674241,-12765.016591875865,-867.6481199258836
12024.249902157619,0.1491151775238319,0.13331373544626712,0.04131719256339045,0.015643997299079466,23.294587440264433,-3680.63676771218,-13339.779988756074,-989.0953346270837
12024.652006392607,0.1492322298519578,0.13329007714294624,0.04132429986739428,0.015683358286191745,23.475330605131575,-1185.7026109625765,-13416.885675142901,-1073.7930485338454
12025.332010129048,0.14937465653628962,0.13327847714673227,0.041324026338793556,0.015721685711349288,23.667192654228323,1355.5892132232577,-12952.285130930053,-1115.285651236772
12026.160443523939,0.14950801206199363,0.13328333799209727,0.04131744408124031,0.015753252646213217,23.87360478566504,3834.372800523583,-11910.518923295573,-1107.196984121623
12027.613829868196,0.14968233537285452,0.13329867115200567,0.041304103965513095,0.01578307439425842,24.098472158448995,6117.974035176731,-10271.759583852372,-1043.6930905069034
12029.677160385794,0.14989572962055311,0.13335311568928718,0.04129163385597575,0.015799276261445984,24.3460300567318,8046.4340244878385,-8044.167768920059,-920.368295265548
12032.648821708193,0.15015281426980837,0.13345612670651677,0.04127966117672524,0.015808443640375442,24.62034132133341,9434.303447271133,-5283.092034181759,-735.8896745163125
12035.39541377665,0.15035526935935747,0.133666190845653,0.04126148498046395,0.01581532960744625,24.92413801513069,10084.892282119128,-2116.0452524454236,-494.5798636479943
12038.3175893085,0.15049859208868827,0.133962944428335,0.04124417730880423,0.015816006061600968,25.25686828155719,9826.425625902632,1235.0763813112471,-209.35870261132436
12040.887229654098,0.15052619783889687,0.13430522437402861,0.04122028625171195,0.015808428016978338,25.61249288819101,8572.575591187771,4455.500532905292,96.46413679229764
12041.081610475267,0.15032273091293266,0.1345745685390205,0.04119131824772008,0.01578556514275464,25.97877652799335,6385.475981200131,7187.840757131155,391.31804736298903
12043.098192478932,0.15025340182883792,0.13479390889875228,0.041182954154980564,0.015771433491541323,26.340008579500626,3493.0145283368133,9128.447961505994,642.9435950484374
12044.916020762807,0.1501495819162728,0.13497180929217528,0.04118266187269351,0.01576978064175907,26.682162606404066,230.02070436064918,10115.108327021964,827.4886351528614
12046.376430229824,0.14998777349609876,0.13510147428986136,0.0411845987344715,0.01575566822501121,26.99682198182147,-3061.487853125524,10147.869029359932,934.1597934956084
12047.71944606465,0.14982611276144853,0.135187017995314,0.04118962694050816,0.015744799310447158,27.281633809796965,-6108.007909726494,9345.191060630415,964.0631899188055
12049.4583956099,0.1496938134070896,0.1352834251362956,0.04119216727946711,0.015741735220372876,27.538383375834503,-8728.891253808199,7880.741439641045,925.8658649713733
12051.252133534326,0.1495590841985693,0.13536917020989722,0.04118828412813814,0.015744421415974746,27.770813395946067,-10824.76712646191,5936.139191150276,831.474853735833
12052.93626139688,0.14942051082476468,0.13543015636784397,0.041195322404761224,0.015741441761662745,27.9831739756866,-12354.33118581646,3677.0134016379543,693.2497399426763
12054.407881097268,0.14929108173506483,0.13546590865357155,0.0411917357233188,0.01574210568983252,28.17951694388475,-13313.36578107679,1245.3777361531497,522.7759395613407
12056.072564419914,0.14913678560321972,0.1354820984682437,0.04120088976799007,0.015742069856944423,28.363443207233324,-13719.796062577841,-1239.8867340380489,330.42989666842243
12057.661005967162,0.14898580646199744,0.13547226592752654,0.041209910732908736,0.015743670125316356,28.53808433627998,-13604.282165796367,-3679.418444664895,125.34959545384862
12058.945352142071,0.14886409694017352,0.1354460703811419,0.041239593165320165,0.015754438550006623,28.706169053189125,-13004.847250143075,-5989.114561829522,-84.37359843565036
12060.177738734008,0.14875522254380683,0.1353917143275527,0.04126295115092637,0.015767619123639446,28.87012895017227,-11964.138077712832,-8096.3229195869,-291.4330680302025
12061.495060596264,0.14864955614673728,0.1353144192518054,0.041286718076800684,0.0157867040395491,29.03220605136068,-10528.42707180447,-9936.706760426547,-489.04519981476295
12062.81880083947,0.14856820085847536,0.13521138267961835,0.04131192521391241,0.015814745831457012,29.19455385686564,-8747.797969530573,-11451.759099573064,-670.8126617387155
12064.22621251948,0.1485165237561543,0.1350833373894074,0.041333711490250655,0.015848815981766205,29.35933691302276,-6677.1998732245365,-12587.033539406866,-830.5137266324399
12065.368880221878,0.14850375896724047,0.13497424990002496,0.041348056920909204,0.015882543025038717,29.528829636955624,-4378.334301808182,-13291.135536044218,-961.9343268161555
12066.034939517513,0.1485761372962586,0.13491564436139947,0.04135723123012488,0.015921827828745825,29.705518367234358,-1922.2906267933417,-13515.495762483753,-1058.793597487144
12066.803853598545,0.1487142619809717,0.13488413128986226,0.04135914377868575,0.015961481554132285,29.892211561251116,607.0399173884683,-13215.427952381537,-1114.7269083761435
12067.615741124944,0.14886200300983074,0.13488837702710163,0.04135380433433973,0.01599816257702722,30.09214007361058,3108.705607240274,-12353.158848616673,-1123.376028566967
12068.3205357804,0.14898302836924404,0.13492306559163897,0.041342006830520334,0.0160302517577346,30.309006432532783,5459.960108836115,-10903.649971119125,-1078.7275325339922
12070.359147717545,0.14919477480158688,0.13495358514016526,0.04133322418925389,0.016043706525119137,30.546921160868244,7512.201695962123,-8864.637903313474,-975.7734609031259
12072.890268611662,0.1494227334476534,0.13502622050806265,0.04132502813525154,0.016051225311926792,30.81006485382457,9090.35998887006,-6273.066953818223,-811.8878536299409
12075.875945615086,0.1496567104401691,0.13519190793740227,0.04130965899754281,0.016058895559331057,31.10180219369546,10001.639963710855,-3228.0819813449584,-589.0897086462536
12078.774909408574,0.1498263550226689,0.13544675923914132,0.04128987508988244,0.016061950288947368,31.423034969807993,10062.594279949311,84.6506625901807,-316.8813350052845
12081.753087378649,0.14991792433284856,0.13576789188765806,0.041270969333582624,0.016058384279671212,31.76998079305246,9150.96335100325,3383.161526779503,-14.67544175172801
12083.11839189764,0.14981257277933666,0.13607971969263616,0.041251827740578145,0.0160468100097077,32.13266830029853,7271.179081837109,6319.581217451871,288.59551320186716
12084.825075079549,0.14972622070967576,0.13630688091188248,0.041230083124817456,0.01601917501202172,32.496266544941875,4593.360236581869,8562.322551306921,559.9824826289318
12086.678439993297,0.14963086204433143,0.13649737665221276,0.04122972187886835,0.016017867667131334,32.84562841694307,1422.1621718529198,9893.67507917072,771.7768849955055
12087.41280048895,0.14943647540457886,0.136598111051967,0.041230225454671976,0.015996393081683772,33.170058900360665,-1894.4249303870151,10257.951717571335,908.2596445576987
12087.835097403617,0.14921539529050737,0.1366299070253265,0.04123799783840086,0.015973835109958583,33.465093526748355,-5054.526776784065,9737.49802423988,966.4803798828111
12089.40988927844,0.14909920684571884,0.13672349800088662,0.04124088042077258,0.015969630595387457,33.73121649432462,-7845.085716810282,8491.865276753291,952.8538716967563
12091.003303454401,0.14897572812802715,0.13680121607022244,0.041237466585512146,0.01597244685678158,33.97160092398099,-10140.425443052665,6702.882132561631,878.4725517581536
12092.801158752907,0.1488343706967638,0.1368748907528128,0.04124609105814557,0.015967971001582256,34.190377147642046,-11881.182485628584,4542.724620856967,755.6542445363937
12094.487522831292,0.1486862410546611,0.1369179958937117,0.0412595288447582,0.0159642964684927,34.39168388752195,-13051.909028831027,2161.5216071158643,596.2628266926159
12095.975537777536,0.148552771911866,0.1369444049852795,0.0412667650679413,0.015963760578622203,34.579272226244186,-13663.917280272643,-314.38665248241006,411.11243861413953
12097.698404258364,0.14839231172749576,0.13695364475954608,0.04128781771925189,0.015966097694916956,34.75641855189279,-13744.068753054968,-2779.65082212772,209.75789755070664
12099.223811213009,0.14824794222258436,0.13692892342928056,0.041316238599819206,0.01597439210017786,34.92597051678744,-13328.059409493368,-5145.760481987309,0.609554255955552
12100.590642196537,0.14812556022195333,0.13687338325448078,0.04134217791389184,0.015986945684506544,35.09043713497366,-12456.849610924808,-7336.990946260019,-208.77059757002345
12101.930647639314,0.14801745990172246,0.1367962257499911,0.04137856308791914,0.016012577036440385,35.252095749049204,-11175.1271468052,-9287.028110905982,-411.4926480452166
12103.108254087003,0.1479254204586388,0.13672316343984478,0.041402464532905414,0.01603597193678659,35.41309188081726,-9531.086824988419,-10936.28368050082,-601.0826368012393
12104.210973911637,0.14787191889504173,0.13662883887557922,0.041422559741186714,0.01606326476991738,35.57553896749379,-7577.082686827145,-12229.846402252748,-771.2801122766172
12105.731209905953,0.14782157658609138,0.1364905705366244,0.0414358700471351,0.01608941744793086,35.74161887198759,-5371.083740530762,-13116.185276493885,-915.9355865185328
12106.277048212844,0.14790243814698023,0.1364346095944872,0.04144645440711257,0.016123393299112023,35.91367455849799,-2979.0046994480435,-13546.476869160206,-1028.8784304079527
12107.142981305973,0.1480180160123068,0.13637565782331795,0.04145039553978872,0.01615447001789992,36.094317544248895,-477.6917762612749,-13475.124488359885,-1103.8493957847963
12107.671360554028,0.14816594192034788,0.13639090529649228,0.041448101155749165,0.016192728615640244,36.286535709725165,2041.2823817390308,-12861.809075460813,-1134.549568298521
12108.486150713434,0.14829290741680887,0.13640231953060578,0.04143899976601092,0.016227076846010286,36.49376590740306,4467.1482906259225,-11675.678514375348,-1114.842350641428
12109.718746886236,0.14843839940472855,0.13642492446667673,0.04142408687191614,0.016256068625203287,36.719903323017675,6665.496874254802,-9903.090557389483,-1039.2203958637667
12112.264825204456,0.14867273871374598,0.1364622692707296,0.04141635824047067,0.016265036931691085,36.969119861089965,8475.544161376401,-7560.515078297637,-903.757398218674
12115.01790862859,0.1489065443963514,0.1365882592315713,0.041406687342710635,0.01627158842358249,37.24529750667849,9713.44656775173,-4714.216288597305,-707.9077157186156
12117.550583569204,0.14908044056769706,0.13680978530492424,0.041390986101994105,0.01627647652412491,37.55078560061306,10189.126850684053,-1504.6865145513684,-457.15139347365294
12120.664547140606,0.14922072479976875,0.13711014481328446,0.04137761363492393,0.016276150952500887,37.88442153345696,9745.270966934977,1834.217200531037,-165.7676673632279
12123.139385490513,0.14922818020866224,0.1374437455077966,0.04135756577114818,0.016268386816855905,38.23945500760082,8318.239207588254,4982.832279167614,141.78700603914
12123.757285612968,0.14906528610605285,0.1376864032322061,0.041330586995781675,0.0162443709563816,38.60321251670212,5995.559816594132,7592.436726895912,433.6667707395763
12125.867633108981,0.1489920777815862,0.13790529534000298,0.04131999622153225,0.016224094215298964,38.960168035746214,3022.470676178105,9381.574324719899,678.5566721615991
12127.672105360212,0.1488735893412658,0.13808015924682987,0.04131940823758564,0.016219744513413056,39.29703106082021,-264.2190074066315,10214.662158359648,854.3821731381157
12128.287713503227,0.14863312809943394,0.13815317792060666,0.04132310210744462,0.016199775638088505,39.60621659717396,-3533.4084594116284,10112.10410193025,952.0835037022331
12128.965588175364,0.14843771927920502,0.13818067905116507,0.04133199964570409,0.01618252011929205,39.88594159830721,-6527.4102758101735,9202.326760570473,973.8797749171782
12130.279928620617,0.14832258163481982,0.13824530688290204,0.04133749953379245,0.01617646416135547,40.13823254040389,-9079.992122076132,7660.741608972541,928.9465981619471
12131.80090463987,0.14820594907958842,0.1383140471018874,0.04132762156217851,0.01618295109376081,40.3668512966427,-11102.355801453994,5666.1510000961,829.3084721744117
12133.605735130111,0.14806212436904045,0.13838095870727843,0.041342892293216485,0.016177037631325313,40.575965564251625,-12560.066179192221,3379.6665000431813,687.1740755489781
12135.392518342282,0.14790959618195945,0.1384283341710193,0.04135221701517534,0.016175444387470175,40.76951818382856,-13453.058743923842,938.6380037862571,513.8610866198007
12137.103043867139,0.14775439457838216,0.1384508834840432,0.041354602275947235,0.016175473097336534,40.95100019299349,-13801.612871653202,-1542.249547837471,319.56714025330336
12138.81391943217,0.14759362909124685,0.13844878084495948,0.04137223914027759,0.016178985284549554,41.12344384504707,-13637.636209850529,-3967.257875872505,113.24102025774943
12140.141745336212,0.14746908089529595,0.1384192949575676,0.041388034187029125,0.01618503224545527,41.28949528667223,-12999.697196641782,-6255.413548050375,-97.18944477331338
12141.75536042507,0.14732740454515186,0.13834882863091225,0.04141142804620376,0.01619873090204394,41.451515423312884,-11930.535369020812,-8336.818729927865,-304.56228662715654
12142.688663417555,0.14724795904010696,0.1383008207312391,0.04143530421213893,0.016218462657779247,41.61167867874518,-10476.24782071103,-10149.579652309481,-502.27904670985987
12144.044970434892,0.14717814107987814,0.13818549343127942,0.041457383557631906,0.016243631186531948,41.77207367880039,-8686.432182578352,-11637.445457207237,-684.0739030382445
12145.311352221253,0.1471306658815104,0.13807152906567466,0.041476682670133415,0.016274495312672905,41.934802494994656,-6615.245362963218,-12748.185514438059,-843.8605414478106
12146.394751969281,0.14714432844075678,0.13796373079446725,0.04149202538346788,0.01631138871007265,42.10206918375629,-4323.250259075363,-13432.54048064311,-975.5893199354957
12146.314461971197,0.14726139276669165,0.13797721156053885,0.04150144085119834,0.01635276924236685,42.27627705948467,-1879.9276342798692,-13643.984963501778,-1073.1413423122508
12146.621774506306,0.14739079569122643,0.13798674408575345,0.041503174400262605,0.016391115945278048,42.460140457015214,633.114814556821,-13339.86140364365,-1130.2987359723677
12147.753490775895,0.14754509368265997,0.13796325556825623,0.0414977663000092,0.016428269899258545,42.65678765627423,3118.2239101680816,-12484.107751976395,-1140.8517425794626
12148.690182443606,0.14767018996192888,0.13797551957986823,0.04148592577723597,0.016460834053197666,42.86980512766401,5457.069304137019,-11052.586067076212,-1098.8984056986037
12150.693530586275,0.1478741176461019,0.13799886051805607,0.04147533771849842,0.016477323455046846,43.10319019735384,7506.652929573578,-9042.465548356433,-999.4483286827863
12153.28911603746,0.14810971308050785,0.13807636038343488,0.04146473122535573,0.016487298265283966,43.361066633858,9098.411780623832,-6487.446589196474,-839.6888664891055
12155.662546011214,0.14830075376879537,0.13823975721959175,0.04145060687182289,0.016494673873320296,43.646896950713156,10045.646362499318,-3479.436321379057,-621.084915393569
12158.347273710886,0.1484580583628245,0.13849424606544886,0.04143495612950662,0.016497473466656927,43.961977667326956,10167.57736721096,-192.1570269515442,-352.10305243001255
12161.27099527414,0.14854846743863004,0.13881759380485814,0.041416590336870104,0.016494594355744803,44.30331306741488,9336.899479806132,3107.060557194654,-50.749891038730034
12162.996711814498,0.14846876862779432,0.1391427096246694,0.041392181909393734,0.01648106364537864,44.661938760821,7543.006434328164,6081.300114652109,255.30979710380427
12164.821198859207,0.1483936880999327,0.1393745477825475,0.04137089086478215,0.016456012024102212,45.02373926687454,4935.298782499006,8398.608920428054,533.5428631089943
12166.80150175712,0.14831268181320495,0.1395694480252987,0.04136560864549463,0.01644141570540421,45.373529039580504,1802.116291010477,9828.28271439907,755.343770285696
12168.503683542185,0.14820435877558408,0.13971913235425015,0.041365345957176544,0.016422402643983796,45.699917710456575,-1513.4345527595563,10296.56699757739,903.3398993224992
12170.334302455598,0.148082774698529,0.1398518990361393,0.04137031006490319,0.016406106523023066,45.997564533477956,-4704.48185855205,9871.356923245945,973.0539462035246
12172.169419937449,0.14795746531133516,0.13996388248960567,0.04137323599308167,0.016401536778147506,46.26628166032326,-7548.904109050747,8704.436942220675,969.8096597492491
12174.008281699791,0.1478257502376593,0.14005882574177764,0.041372814327269095,0.01640183698364459,46.50887577153401,-9912.53200523582,6975.365758691224,904.1393488404561
12175.836118804744,0.14768514095950092,0.140135897807857,0.04137233353362059,0.016402049156109596,46.72932874240007,-11729.90365121143,4857.065036171075,788.2464193837417
12177.544973502623,0.14754579544005983,0.14019235371964825,0.0413868443639869,0.016397662464371274,46.931742367797774,-12981.708138124675,2501.342183711354,634.0411696005302
12179.327361693542,0.1473898798080852,0.14022966192522598,0.04140117240770419,0.01639625026329658,47.11988282417765,-13676.971578585646,36.103942634689126,452.3886275404015
12181.063608094273,0.1472299914748256,0.14024079872358983,0.0414155994589184,0.016397471621948444,47.297051779584386,-13841.170497961057,-2432.212981417614,252.95918728308826
12182.43458495153,0.14710082243753772,0.14023433556215567,0.04143773460200954,0.016403310126748758,47.466111849555126,-13509.093440758708,-4814.558100665727,44.266857692902235
12183.786837451711,0.14697802817752714,0.14018781395177574,0.04146112248319699,0.01641386763855261,47.6295743444088,-12720.893552964817,-7035.246332022996,-166.110594603594
12185.211927056907,0.14685949829266337,0.14011330176386375,0.041486147767374595,0.016430466791607708,47.78970114371038,-11520.270987322923,-9028.50490534288,-371.2881747594724
12186.381754510918,0.14678018625581002,0.1400291214794596,0.041512011629591575,0.016454320456146348,47.94860011743734,-9954.059978524336,-10735.649569784853,-564.8685774267794
12187.456992336394,0.14673132144713263,0.1399348610648711,0.04153371691691875,0.01648190024930903,48.108320986235526,-8072.707887301941,-12102.984777579346,-740.7357840456513
12188.72193546435,0.14668363895817627,0.13982215388491842,0.04155258567878418,0.016515964157139764,48.27095238963979,-5931.515895327937,-13080.419969283135,-892.9064072405373
12189.308283270535,0.14675368787647025,0.1397583215676913,0.04156426728427727,0.01654887995959609,48.43870959006142,-3592.597483528814,-13620.574212206135,-1015.3836887309941
12189.699493051648,0.14686397861252687,0.13973583543569917,0.04157137257922094,0.01659032133692576,48.61403860668089,-1127.5581563283918,-13678.945376441225,-1102.099931789466
12190.44350750468,0.14700959639406339,0.13971981257264665,0.04157107921498829,0.01661950683227678,48.79971944466047,1379.1494069304242,-13215.398012966478,-1146.897078942266
12191.006341462642,0.14714910593669384,0.13975583843474462,0.04156364307687318,0.016655794331090008,48.99895542542745,3826.0902528101906,-12197.339592452903,-1143.6779024979905
12192.439972093483,0.14729965354122967,0.13974767044828273,0.04155004493859739,0.01668713602088961,49.215410428844365,6090.497131621085,-10605.893828351262,-1086.7955186962263
12194.352573126953,0.14749748132017626,0.13979596590179352,0.04153805300574158,0.016703394388462536,49.45312169514952,8024.771795405683,-8446.378385786351,-971.7218146054639
12197.308929265322,0.1477476733703802,0.13987335614154087,0.04152461616410776,0.016714368159429924,49.71612482457611,9456.994149117216,-5764.853525512024,-796.4979376829897
12200.446551002926,0.147979638633577,0.1400496098594725,0.04151174791205525,0.016719894751268317,50.007532273597874,10201.446204804048,-2670.5017925624634,-563.9781323107121
12203.5595920472,0.1481488816476645,0.1403078706267217,0.04149558644176607,0.016721454635590563,50.32786163769972,10087.450954031647,642.1724711993057,-284.62874224656144
12205.967217262292,0.14817969207211568,0.14063689168043975,0.04147443850412819,0.016716292272754667,50.67288511133016,9011.458875982813,3887.830212861334,21.257294716067285
12207.501651479082,0.14806422625699261,0.1409560725839699,0.04144949442879336,0.01669949334109375,51.03235468274106,6998.8442527507605,6725.5436952383125,324.4343397199211
12208.663805537954,0.14796084167455267,0.14113880403217546,0.04143094755666672,0.016673434656117474,51.39156901082756,4235.107998679861,8841.787480482784,592.6016337300886
12210.42604418588,0.1478645569773572,0.14131477854842073,0.04143082144507268,0.016672772634654748,51.73589790917656,1028.0631586440977,10041.75363198357,799.389254169233
12211.360249953525,0.14765834393940572,0.1414244051723389,0.04143215968462955,0.01665107465478384,52.055260384515215,-2282.8038911096605,10288.53653982046,930.430021509641
12211.772954173633,0.14745969985037252,0.14144946930611232,0.041439652219707024,0.016631454572373593,52.34560696773498,-5409.432683957521,9674.573484332086,983.7167727642728
12213.490685240778,0.14734283668070583,0.14154998559153892,0.04144661219962645,0.01662206604682484,52.6075738091524,-8152.043527871579,8361.764513986362,966.0676839160674
12215.170463162165,0.14722290617295772,0.14163367651433575,0.041444766409070674,0.016623480727522087,52.84431671162145,-10395.087936882628,6529.698807086365,888.6206889726429
12217.030027068558,0.1470824833915396,0.14171116846897236,0.04145081529314607,0.016620491676773083,53.059868879367286,-12086.000426099883,4346.449531666523,763.6012269695491
12218.795428500021,0.14693839518533616,0.1417671854166716,0.041457430318604854,0.01661879743525581,53.258252965094414,-13213.572228858644,1957.6348562469336,602.706723243597
12220.616751554951,0.14677922507960783,0.14180350186454233,0.041469904501394046,0.016618088475008168,53.44311038803655,-13791.58796661636,-514.7215068234032,416.5200928341748
12222.336039779539,0.14662012062595522,0.14180730516966722,0.04147696425227787,0.016618953576375967,53.61762077423618,-13848.181986740405,-2969.190450701754,214.40664365213124
12223.860089473124,0.14647712964252188,0.1417885954862415,0.041502101982811464,0.01662657200066131,53.78454261968771,-13419.563476810186,-5320.798930209744,4.603198248817425
12224.886983455239,0.14639003986888022,0.14173480804314723,0.04152223004451723,0.016636502670602037,53.94630278202589,-12546.632723073328,-7497.076965923205,-205.53778541598993
12225.836566129985,0.14630896839031854,0.14168914710897781,0.04155312663185975,0.016658494275153677,54.105097408418196,-11273.552042611796,-9434.803522478334,-409.3106940060766
12226.821418194844,0.14624528919856264,0.14161588684372806,0.04157858548854992,0.016683512590021238,54.26298891300156,-9647.478984605204,-11077.406231677944,-600.4632906845643
12227.925232165751,0.14619549170396454,0.14151991680808237,0.041591050903714344,0.016700390328253635,54.421998728346104,-7719.145655896697,-12372.96269604851,-772.9361629443084
12228.878936928082,0.14620050069505153,0.14142194699130595,0.04160563647585147,0.016728705222929515,54.58419902239005,-5544.256363701985,-13272.859354533688,-920.8066922621985
12228.88308985408,0.14629426360855122,0.14141466998581398,0.041616909823282665,0.016763770573004114,54.751799233461384,-3185.5556038261207,-13731.126508120627,-1038.1801081491965
12229.010165654172,0.14641778214705453,0.14142312314684483,0.041622749510650245,0.016805246717642115,54.927252444415515,-715.4829332785159,-13704.811612632515,-1119.0709292434294
12229.778543561235,0.14655655097764358,0.14140801310862203,0.041621153004073076,0.01684472283054787,55.113359609645656,1780.481701928238,-13155.566055034546,-1157.4165238301678
12230.512677460365,0.14670198420341185,0.14143710146400687,0.04161265622422084,0.016880542869446867,55.313346421397924,4199.624343583364,-12053.06327261843,-1147.2172735766376
12231.447050337503,0.1468269924012978,0.14146702224392343,0.04159960282613756,0.016908199583325286,55.53089349299643,6417.719182111604,-10381.53728575633,-1082.943471786291
12233.830993938776,0.14704915952015496,0.14149717995770353,0.041585426434180964,0.016926142950408986,55.77003608963472,8285.967780575216,-8150.686277282721,-960.3343617641605
12236.300906169818,0.1472601851732733,0.1415905245365137,0.041574143847612405,0.016934723994535147,56.034745497995374,9632.25098123557,-5412.691261985695,-777.8625781277208
12239.120027692603,0.14746271040672795,0.14178317709464378,0.04155808495504784,0.016940939112318282,56.32794912640754,10273.030954346827,-2284.649481381565,-539.0465757248375
12241.170506874447,0.14754917881777196,0.1420474928530506,0.04154226800160216,0.016941845320257755,56.64980882391853,10044.22023339957,1030.4033388083146,-255.23840814645317
12243.867692425529,0.14758756105465387,0.1423827400122678,0.04152057668650876,0.01693562809360633,56.995602606107454,8854.587416935918,4241.228600625389,52.385851981445434
12245.329833560185,0.14747939752473094,0.1426696385324134,0.04149364500138975,0.016915931537191228,57.35463375082227,6745.813542167939,7008.241618430706,354.08249159242575
12246.764919734691,0.14738675845713384,0.14285925116552486,0.041481484118292285,0.016897333072360524,57.712076932920816,3917.65042950551,9028.722076204895,617.8935331256582
12248.741275850616,0.1472928271106526,0.1430444810941172,0.04147851580314626,0.016884712032216895,58.05362048467491,683.661840463174,10124.579136216651,818.4596353357015
12250.576937027778,0.14717872762607773,0.1431930067139195,0.04147993798443162,0.016869555229306273,58.36973134828989,-2620.522313546052,10274.47473107334,942.6734589830771
12252.125856990739,0.1470106898254235,0.14329464541192458,0.04148783375292133,0.01685058165950514,58.65682581785788,-5716.211651486104,9580.319198897883,989.5606124554164
12253.892753678276,0.1468869896489208,0.14339490765294508,0.041492403832262575,0.016844711352547878,58.915807229809516,-8413.50716997074,8207.149296744763,966.4529952707925
12255.708033677865,0.14675209953525017,0.1434805327639363,0.04149139041868103,0.016845421920189774,59.14992859495964,-10604.738885148752,6333.813000550191,884.6540178286157
12257.132472313542,0.14664284284196494,0.14353723921866707,0.04149546499684231,0.01684350221949998,59.36322197978966,-12242.81406349177,4125.933674139568,756.3557342140599
12258.94557016088,0.1464916346113653,0.14358846939012737,0.04151019905409648,0.016840069163019077,59.559664878812704,-13319.980584355617,1726.1787910521527,593.1170378193641
12260.716309649943,0.14633352514427658,0.14361377897821798,0.041516177366948265,0.016839822340525303,59.742845791364275,-13852.06411868343,-746.2772962660124,405.38110627188985
12262.281567939568,0.1461902685194843,0.14362406281111728,0.04153425127450208,0.01684235580262323,59.91588748583851,-13868.351136637004,-3192.464650085692,202.36465236691538
12263.812861390232,0.1460475929408957,0.1435978219289418,0.04155801945096241,0.016849934346746052,60.08150094399813,-13405.626235837108,-5529.518131927186,-7.839565542588616
12265.381132444269,0.14590933568057624,0.14353440789668653,0.04157581219846855,0.01685900472531489,60.242074895296795,-12505.001800811753,-7686.811519870918,-217.96581137211788
12266.166460020566,0.1458372765058419,0.14350497446688165,0.041598880416036266,0.0168758427065201,60.39976823550387,-11210.668298271945,-9602.66502868571,-421.39049052103576
12267.490018030432,0.14575339092009254,0.1434054746657224,0.04161893296090193,0.01689598179239524,60.55661083065763,-9569.619180829783,-11221.840675799791,-611.9405038354099
12268.416087798525,0.14572973453793114,0.14331448671238584,0.04163341535634246,0.016916006163412683,60.71459585923109,-7632.300332313039,-12493.621198980774,-783.6707797316034
12268.647141518779,0.14579995552777825,0.14326952857136424,0.0416524051524726,0.016953699031704263,60.87576319547766,-5454.0774682952415,-13370.458483136314,-930.772279874692
12268.752134061673,0.14590682338856273,0.14325279169771654,0.04166468142837999,0.01699294330876983,61.04229634939276,-3097.158524657869,-13807.49560785901,-1047.4308725584651
12269.262950985012,0.14602623007428003,0.14322617178405245,0.04166942851541873,0.017028374515363567,61.216624876606915,-633.2070649634949,-13762.915945308732,-1127.7057881173318
12269.604909815236,0.14615494514530736,0.14324845052311586,0.04166760590501661,0.017067954341321606,61.40151583734375,1853.235416214569,-13199.384876015805,-1165.598665818927
12270.91327894573,0.14631870218562756,0.14323253175225553,0.041659615973282174,0.017101007921279086,61.60015847459541,4260.771731984025,-12087.414492181297,-1155.1837497523748
12271.910303725987,0.1464493690181517,0.14326231161586211,0.04164772442412069,0.017126019224917105,61.81619925317877,6466.924521405609,-10411.794762979389,-1090.9727765842053
12274.314807869801,0.14667543054633433,0.14329816090991498,0.041639537269885556,0.01713636882140995,62.05364030520234,8325.022459898837,-8182.263763412749,-968.696703067824
12277.353010504747,0.1469280958870935,0.14339056282907703,0.04162758068905936,0.017145472508917084,62.31645215570192,9665.414265850532,-5450.0671297501285,-786.7770651906076
12280.472918672696,0.14715048936169797,0.1435744613031272,0.041611876552751594,0.01715159829387832,62.60761683757051,10306.863050923706,-2330.0225274628315,-548.5828473091233
12283.865556798659,0.1473267686465175,0.14384710795024053,0.04159412279630085,0.017152713455570803,62.927448033613416,10086.383301341992,978.6198594831043,-265.1447448915898
12286.692244097505,0.14737544565127136,0.14417964726751728,0.041574235240377566,0.017147141771095293,63.27147261579787,8911.394802786348,4189.04604909513,42.789410712826324
12287.254821064256,0.14723593301321364,0.14441333606203863,0.04154359726945968,0.017125137703222167,63.629254340905234,6819.454050754711,6964.728131391162,345.80978044571725
12288.815222313027,0.14714219772998716,0.14461434080942737,0.04152438435414218,0.017096426674110807,63.98611059566132,4004.8120564059427,9002.846252626412,611.9734273615766
12290.612819718208,0.1470470069990036,0.1447873740704008,0.04152153212039119,0.017084727008458495,64.32766112139332,776.9419656100365,10122.064390567628,815.6638783008926
12292.173683592853,0.14692739388434506,0.1449182025042887,0.0415228920216406,0.017068687018379186,64.64414195203327,-2529.6330396264852,10296.773058490275,943.3599541637631
12293.894260533569,0.14678551235169993,0.14503327736796823,0.0415303342945478,0.01705034260800697,64.9317298652124,-5635.147934378317,9625.67242644956,993.6799380897073
12295.77419587123,0.14666180713360794,0.14514183856497737,0.04153767699327938,0.017040812088629568,65.19115873782872,-8347.877873427095,8272.14027597364,973.6829368085654
12297.49355420976,0.14653958196239383,0.1452255962652714,0.04153908105744815,0.017039647786189632,65.4255927557777,-10558.505911064613,6414.467408715732,894.5318444212136
12299.235691870093,0.146408067226321,0.1452962291078217,0.04153997136085251,0.017039184817757874,65.63903087532968,-12218.816645638108,4218.243482647789,768.3977925290545
12300.971369298759,0.1462675878824798,0.14535036703346219,0.041555239165236485,0.017035509746222026,65.83544242358725,-13320.369933997375,1826.2327574963585,606.8416895887283
12302.800015118688,0.14610921285213788,0.145386554896741,0.041576571520469584,0.01703452630188392,66.01841635775506,-13878.58494946539,-642.345187236903,420.2656460378376
12304.445057483255,0.14595769772281642,0.14538726460115764,0.04159103211648064,0.01703643564616386,66.19108078653154,-13922.438431295823,-3088.657103773592,217.89674235124133
12306.046918766175,0.14580855058840841,0.14536626833321775,0.04160741671254606,0.017041507584403603,66.3561464898478,-13488.436360443458,-5430.121157552689,7.875875264181793
12307.147694731451,0.14570895720745922,0.14533068537590113,0.041638564510576785,0.017057049423281186,66.51599358766394,-12617.404827750446,-7596.492567076567,-202.59288858880956
12308.353766064456,0.1456103429891254,0.14526678062483525,0.0416671435158043,0.017077491638394903,66.6727703290824,-11353.045532219574,-9526.635572350935,-406.9575279825904
12309.259657984598,0.14555144682041277,0.14520027427533075,0.04169014130828012,0.01710010181426915,66.82848710083391,-9741.714107648864,-11165.958431658351,-599.0685610931167
12310.391108634785,0.14552182356478827,0.14508888168419845,0.041708391870457696,0.017124716801378725,66.9851067281061,-7832.985731804288,-12464.445176624233,-773.0400743448018
12310.773164001492,0.14557686518309312,0.14503186404814394,0.0417286520013944,0.017163622424818115,67.14463155746088,-5680.9692569484505,-13375.323543288307,-923.1358052201492
12310.474353185144,0.14569611362970836,0.14504947502612947,0.04173906476706039,0.017195205164029562,67.30918830084661,-3346.2433935439335,-13854.433767036793,-1043.59018702913
12310.569975438595,0.14582385519099392,0.14505946878342155,0.041745465795566795,0.017237412435574664,67.4811373105168,-898.2550674776796,-13860.476568061486,-1128.558963280406
12310.953339494135,0.1459628564547384,0.14507837151508274,0.0417444149283263,0.01727779219519561,67.66316315530086,1581.4683395341292,-13356.281606741355,-1172.1413644169213
12311.440200060431,0.14610108394758067,0.14512431783706076,0.0417375098245966,0.01730956636358472,67.8583587447835,3995.384324997465,-12311.797906270043,-1168.4298264078789
12312.236007700805,0.14621105857193306,0.1451508896233198,0.04172338511355706,0.017341449959291873,68.070275693464,6225.82887243826,-10709.888254635856,-1111.9054131585729
12314.162494125492,0.14640789536131021,0.14520023856039285,0.04171178970121204,0.01735708266281662,68.30285496576207,8131.645835542748,-8556.006977769219,-998.0932752052703
12316.90203626803,0.14664027161637752,0.14528211157837964,0.04170079568118981,0.01736611822414647,68.56010805573683,9548.347178414251,-5893.593568716946,-824.8536799922168
12319.837615920174,0.14685546522699708,0.14545358000331474,0.04168221157998872,0.017374309290419106,68.84528553866949,10297.237853284774,-2825.1786387848297,-594.546621247309
12323.067778180286,0.1470301781900034,0.14571689647376368,0.041662106253319245,0.01737657737244516,69.15933137438792,10211.310454742099,466.0233929757989,-316.68953097969955
12326.007665834322,0.1470977628833402,0.14604784123266898,0.04164286633050675,0.017372291701277055,69.4987868016174,9183.434630588172,3708.4535971245273,-10.234171572559315
12327.617980745843,0.14699509407097658,0.14636060621886066,0.041611888935679985,0.01735263072720577,69.85429916822892,7226.3842465112675,6571.505748338381,296.715101871857
12328.883616098066,0.1468806313401578,0.14656291929933024,0.041592786875274096,0.017327358758605787,70.2117082413285,4508.236488469225,8741.99231884902,572.1375368296277
12330.717908434088,0.14679044034837505,0.14674160357274565,0.04158880135345832,0.017314229817100835,70.55621816312086,1323.3638799749265,10015.014402714996,788.7996350123709
12332.513301572062,0.1466660133548844,0.1468939584589137,0.04158954221878931,0.017291950656703754,70.87703025153333,-1992.7790294813863,10339.859173532685,930.8665429890085
12334.04020309933,0.146486469514217,0.14699948467232196,0.041597232966438684,0.017270088793917338,71.16928249846656,-5148.595079031196,9798.170491800676,995.0054033319741
12335.924742194093,0.14636491646547817,0.14711083943237865,0.041601805879839006,0.017263550019658357,71.43302660164613,-7937.9552874515975,8546.257709546284,987.1567696119477
12337.830597379281,0.1462350516221772,0.1472076950187311,0.041601625380921596,0.017263627904816687,71.67110788696318,-10239.65623534496,6762.142346636726,918.0419130050306
12339.459978235576,0.14611061166906048,0.14727298655979673,0.041606575140613326,0.01726103378112321,71.88744037020943,-11997.311879404291,4614.214482630793,799.7580838848188
12341.3228012284,0.14596310969012444,0.14733497976557192,0.04162124111310544,0.01725697405352559,72.0860236406418,-13197.474981761134,2248.800292141508,644.0000894723778
12343.155901581336,0.1458045128354993,0.1473704091451509,0.04163181078300168,0.017256136626279252,72.2705156912987,-13852.695808112026,-211.67181213312503,461.40055754289426
12344.941494531755,0.14564219526371883,0.14737935132543903,0.041643337304766936,0.017257296812885486,72.44411436152014,-13990.35206141118,-2665.86850011984,261.37109507722147
12346.658936600434,0.14548312835899135,0.1473530794862198,0.041659266973121827,0.01726170946361839,72.6095878156628,-13646.0009693176,-5029.458131785185,52.16560679505135
12347.90013080783,0.14537154299616878,0.14731220644918416,0.04168598591325454,0.01727406124403105,72.76935430757791,-12859.76751225645,-7231.101525626783,-158.913936476081
12349.093452626747,0.14527584633551333,0.14724591009181626,0.041716047189012485,0.017294226929349423,72.92557925487885,-11674.663049907664,-9209.099231196687,-365.27079560533
12350.206433681593,0.14521121937065892,0.14715503590628798,0.04174134646001599,0.017317611452620372,73.08027074478956,-10136.131335759466,-10908.717168423264,-560.7671382078189
12351.268146085018,0.14518491748691756,0.147047277485335,0.04176303788464633,0.017344987734374734,73.23536788701838,-8292.501079699998,-12280.117808739855,-739.555783045949
12351.11623981155,0.14526105733447853,0.14703299109113166,0.04178594714508832,0.017385564741943662,73.39282293330798,-6196.162780984256,-13276.88594895533,-895.962150763736
12350.611296021329,0.14539473968872504,0.14706202285438125,0.04180161954808337,0.017427891667831572,73.55469163288203,-3905.2213688558268,-13855.254768485554,-1024.325628504347
12350.399487665689,0.14551527699868894,0.14709261860365383,0.0418097899928477,0.017470428170064434,73.72323654320236,-1485.7105445525021,-13974.163402837736,-1118.8990825385583
12350.473504560277,0.14563912659556955,0.1471271274485193,0.04181049059029812,0.017511556148954888,73.9010164632056,985.3995348403375,-13596.132276439228,-1173.84566466197
12351.184836166358,0.1457859185194731,0.14714648451485624,0.0418040959830035,0.017549645716667908,74.09097658962878,3416.554943481938,-12689.58431726426,-1183.3042268605952
12351.965775294208,0.1459300706771058,0.14719949643796182,0.041791910574088556,0.017581680454199635,74.2965121417831,5697.499335757175,-11233.664697158127,-1141.6426975395511
12353.091994288188,0.14606157279928292,0.14724413078516596,0.04177386805353098,0.01760932857048327,74.52144950727292,7695.603912400097,-9226.663547131506,-1044.0413426961763
12355.722655890377,0.14628970235860203,0.14730583019003973,0.041765101876366256,0.01761761139634653,74.76982577298534,9254.643310150075,-6699.309562443297,-887.5076771978057
12358.526103667216,0.14650512024841958,0.14744575924053524,0.041751584965430084,0.017624886915023192,75.04525498641323,10200.36119559792,-3734.056388578219,-672.7476806450393
12361.811858378218,0.14670346467155754,0.147675244183261,0.04173744229731849,0.017627763878753887,75.3496153338841,10360.282917812827,-487.36436183441396,-406.7749339640585
12364.699071382965,0.14679990738496015,0.1479698702200733,0.04171654109144516,0.017625246898626823,75.68106384023109,9604.771422503007,2796.392920105434,-105.47758112296425
12367.29665615674,0.14678707770402677,0.1482977900525983,0.0416981858519578,0.017616026918489187,76.03215706789027,7905.531735441344,5800.565016452742,205.63932444503214
12367.09860454658,0.14655087737422112,0.148507223736283,0.04167068882046718,0.01758671213703218,76.38992982829045,5383.08937131248,8198.735857697337,494.96482365215405
12368.8082492724,0.146463206770033,0.14868655799525649,0.041665587263330375,0.0175744783998811,76.73925190778715,2299.8061996945007,9746.882720326988,732.8820546842185
12370.68709265169,0.14635473858895998,0.14884946615669972,0.041664779406096565,0.01756153970794749,77.0677032039531,-1012.4104317682778,10347.97644831448,899.6905768285487
12371.440491973512,0.146138968332341,0.1489156446685006,0.04167002566915652,0.017541001723526094,77.36854008108268,-4243.0757447026845,10049.137032754203,988.3715023442927
12373.075777585056,0.1459830961055093,0.1490077949377745,0.04167738809301444,0.01752855773202281,77.6404735507253,-7159.600969861513,8990.396359709255,1002.4366704543975
12374.966768140072,0.1458570258328959,0.14910776891559568,0.04168341477579003,0.017522586458163507,77.88567753993513,-9617.539540913736,7347.424754345468,951.5252825915195
12376.856303857681,0.14572061569894676,0.14919162102447198,0.04167692867220485,0.017526422899786342,78.10785665020344,-11543.984026228673,5293.242441608523,847.5942702992231
12378.631233989106,0.1455844785019294,0.14925624130633627,0.041690937063359884,0.017521615148998908,78.31103434864876,-12915.063545521556,2980.963385499704,702.5807367576889
12380.48275796305,0.14542817511933154,0.14929921195248583,0.04170816872554503,0.017519281700581705,78.49898717804207,-13737.25999168921,539.5723365779514,527.4223713581174
12382.29805925135,0.145268003240539,0.14932413518163595,0.04171756332256195,0.017519718601863965,78.6750482503266,-14034.605114246298,-1924.2183683859282,331.8967520905856
12384.059043238769,0.14510582585426318,0.14931587887110304,0.041720467250866033,0.017520352138024418,78.84210136954265,-13840.815734777863,-4322.023366479983,124.61341592592098
12385.370535519125,0.14498642393839997,0.14928106854364595,0.041742211162230126,0.017529105716488188,79.00265100683922,-13194.873434883004,-6579.646973271237,-86.88745558207675
12386.37754839324,0.14490775784314433,0.1492189887013953,0.04175991581599489,0.017539739638950627,79.15891619079548,-12138.848097258688,-8633.495577280379,-295.850573950658
12387.234982413742,0.1448502155175009,0.14915675533954226,0.041779259871405454,0.017555897597445327,79.31292640180466,-10717.158127380446,-10427.733841011244,-496.04608060710376
12388.027229205023,0.14482275378531956,0.14907932359953158,0.041806161534249126,0.017586498804284565,79.46661100208769,-8976.728216123834,-11912.033024938954,-681.6565083654687
12387.757403769392,0.14492302107941052,0.14905883482292404,0.04183158596668839,0.017626436964602213,79.62187991118411,-6967.848486302111,-13039.823023834511,-847.061703739796
12387.159836098395,0.14503704762053943,0.14909099765105413,0.041848777410582294,0.017665975173738545,79.78071442246733,-4745.681783666034,-13767.404394813753,-986.6597714653171
12386.790257239392,0.1451635863754163,0.1491261952962529,0.04185861109281666,0.017704679658888646,79.94526272818774,-2372.214413022736,-14053.662117018335,-1094.7963717382409
12387.186489256117,0.14529277019277617,0.1491210758343973,0.04186147710431819,0.01774014641887138,80.11793191547545,81.12683576736426,-13860.434597122065,-1165.72459970414
12387.912489931641,0.14543716710384216,0.1491239033028265,0.0418578577079182,0.017777328337562938,80.30147860149737,2530.0672052283608,-13154.228877729814,-1193.639935138372
12388.689020914424,0.14557769533805245,0.1491575837384319,0.04184767253392919,0.017811828047312697,80.49908453893974,4873.54432087777,-11909.866439162692,-1172.8398544245147
12389.63802885409,0.14570854095641717,0.14920614762924025,0.04183236679546848,0.017840323548177824,80.7143875307297,6989.805157669407,-10117.132029284667,-1098.1190833420621
12391.853770796526,0.14591805362518806,0.14926462822123024,0.04182334389958891,0.017850658470358893,80.95137186702064,8733.822539278584,-7791.67791198914,-965.5536248904897
12394.414220383034,0.14612951884779102,0.14938211097699633,0.04181148739571317,0.017858815685325574,81.2139482236391,9939.26718339875,-4991.713676816775,-774.0290530086509
12397.397463663254,0.14632979451956532,0.14958073326370094,0.041794562858583836,0.017864497349653407,81.5049612493929,10431.15574271713,-1839.5276650967908,-527.549094756465
12400.075388143217,0.146441512065544,0.14985997935672443,0.04177421085305795,0.017864811061834362,81.82446970316826,10057.005754292033,1459.2095205949531,-237.90946423263233
12402.739372258271,0.1464632757306891,0.15019049235956156,0.041748836776533536,0.017856446247753007,82.16764749479603,8739.245917343458,4615.510726110975,73.43206150108621
12403.017727259588,0.14627961339429477,0.1504310220083311,0.04171883047524526,0.017832747754120908,82.52374271615875,6532.205671075486,7298.597350159991,376.77912676188896
12404.339826177607,0.14617954795308857,0.15060755704391257,0.041703821789074405,0.017808022785917494,82.87799113336146,3642.8473528371346,9220.192874277811,640.6080480332791
12406.418427569897,0.14608218960907188,0.15079395181258307,0.04170074069894129,0.017792822689637864,83.21623202413666,383.94156310347813,10217.897491331609,840.2521480411024
12408.31961395244,0.14595787073126187,0.15094297044036575,0.04170262820455922,0.01777738602527581,83.52907622657142,-2916.2429084936325,10282.425478776466,963.2743535576758
12410.093887985246,0.14584103724707198,0.151058392032334,0.04171154628063108,0.017757390558475014,83.81301742211537,-5989.214676223304,9522.167637179318,1009.1482998660651
12411.826967989646,0.14572330912198653,0.15115388665113558,0.0417216859482006,0.01774505693243954,84.0689643406073,-8654.844544423417,8103.647095293559,985.3825954441096
12413.74483895067,0.14559055018883513,0.15124577989644775,0.04172174459757132,0.017744947871261903,84.3001404722329,-10813.26052799699,6203.960302680238,903.298391823489
12415.523386365147,0.14545812539862063,0.15131631821155517,0.041720938822327004,0.0177452594913053,84.51053026604191,-12423.010106216316,3985.4185923258724,775.0430114530303
12417.073777294343,0.14532948062652723,0.15135697126079248,0.041735185437227595,0.01774213583178575,84.70405352919107,-13480.084870316177,1586.7900771397508,612.0396761849221
12418.733843896443,0.14518309952077466,0.15137886619656138,0.04174791447254789,0.017741765584114215,84.88424046866095,-14002.622522697318,-876.762715340574,424.5300008264686
12420.551574297173,0.14501944018416527,0.1513918668301392,0.04175222177123319,0.01774238835046337,85.05415984487874,-14021.156464931782,-3310.2712962502546,221.5712462478751
12422.284451045529,0.14485989078384015,0.15136597083039993,0.04176264681610712,0.01774575021344726,85.2164628154713,-13572.870000084198,-5634.734475614189,11.101528170033848
12423.502789915452,0.1447536479887952,0.15131721013282792,0.04178105335597782,0.01775514603594643,85.37346924609761,-12698.578865137692,-7783.208684209152,-199.86296814919382
12424.514275083024,0.14467481563209464,0.151258483133985,0.0418073429708073,0.01777420784777684,85.52726376316316,-11441.484398891804,-9697.644990579956,-404.97467384540965
12425.294321971047,0.1446298001367033,0.1511959251903119,0.0418361739422937,0.017802748875453613,85.67978821755457,-9846.956210960068,-11326.405877133797,-598.3380820793055
12425.348816121188,0.14467156165864895,0.15116289371255046,0.04185845314006464,0.017832804944486916,85.83292454123963,-7963.082301420396,-12622.305341318459,-774.2950648577149
12424.579354444793,0.14479336262102882,0.15119825315625054,0.04187485547211488,0.017864023309658885,85.98858065011036,-5841.859646445643,-13541.312528028142,-927.2846913847169
12424.5131007591,0.14491254144230742,0.15119209967353175,0.04188942023178921,0.017907096766045846,86.14878668938898,-3540.8308927060652,-14041.9736416662,-1051.7911409990772
12424.42254648185,0.14504695126298375,0.1512175575724015,0.04189649328493598,0.0179501522133279,86.31577941377276,-1125.4024709899952,-14085.404422755486,-1142.2288202339196
12424.786991074621,0.14518007508015182,0.1512328581894028,0.041896185933609414,0.017986929871060722,86.49209269955458,1328.176206308166,-13636.239344755424,-1192.8722293024832
12424.964667898183,0.1453115643758432,0.15130135151711563,0.04188960667266657,0.018021087992501825,86.68064920097441,3729.252855677995,-12665.102768986204,-1197.9739199209264
12425.720231160225,0.14542508849451696,0.15133234422153893,0.04187639273523104,0.018053592608589516,86.88482632888798,5968.848969893066,-11153.435534153796,-1152.0453814883697
12427.17997340991,0.14558444125542638,0.15138056660299762,0.0418576324146557,0.018081046128092214,87.10843870384564,7916.110079107512,-9101.751185246067,-1050.4023853289523
12429.426231187332,0.14578580503095157,0.15146678810777583,0.041845108911050095,0.018092407679771667,87.35551478670175,9417.1696961772,-6542.927534816341,-890.1876973855394
12432.206280209382,0.14599547613171837,0.15161971802961638,0.041837077585235576,0.01809653906660101,87.62966765149862,10301.024311334177,-3561.2674591532887,-672.2085560048238
12435.532487652068,0.1461912657566805,0.15184144005912564,0.04182092964369185,0.018099542945690397,87.93279192037011,10399.384120599838,-314.19158682949336,-403.565805631905
12438.724172059941,0.14629554950053647,0.15215397126465124,0.04180456089055349,0.018097275268787662,88.26306572550604,9587.397560472013,2954.4266306705913,-100.20246297512509
12440.999440791951,0.1462514965896743,0.152480830081665,0.041788982314623184,0.018089123874281382,88.61306355115896,7841.433006903726,5930.38622638022,212.40072466989386
12440.616639559137,0.14601018752289624,0.15267302109993888,0.04176379508814455,0.018061494473032322,88.96981813512514,5285.480775682181,8291.706505879834,502.6997048878078
12442.610336170264,0.14592909765080952,0.15286582554583014,0.041755495071500476,0.018041020781526387,89.3181730798798,2183.043565085346,9799.934380691968,741.1670292535846
12444.5149901469,0.14582607118416052,0.15302595355215062,0.04175462068460098,0.018023602782440057,89.64566824428782,-1135.3216408578498,10363.27068459069,908.2325416437193
12445.348999078853,0.14560898871911682,0.15309518618827694,0.04176082517621382,0.01800043180740152,89.94552376760005,-4362.222435891566,10032.593045745192,997.0443733486395
12447.267844138867,0.14548683697977077,0.1532110358075212,0.04176893073170716,0.01798705556023873,90.21642991746981,-7268.872628487188,8949.896465082908,1011.2378623086868
12449.242979090874,0.14535928270724638,0.15331509032821333,0.04178014814449333,0.017976212539830033,90.46054711471692,-9714.403401517822,7291.195660622588,960.4978360715899
12451.21561619989,0.1452205559720515,0.153402884121865,0.041790350401287764,0.017970146356268972,90.68157399089192,-11628.81263166883,5228.740241684491,856.7376017312379
12453.10533702891,0.14506765705503,0.15346078422143347,0.04180434255643434,0.017965450076194222,90.88353121856927,-12990.403093792043,2914.287795215617,711.8905170742061
12454.99178588375,0.14490918088440458,0.153503481667861,0.041809358461729056,0.017964781232956067,91.07018621941106,-13807.16264909353,475.18151032741054,536.9312345556945
12456.861356478596,0.14474570994561156,0.15352980577966802,0.04181433017942816,0.017965024781579197,91.24485798598346,-14104.092836687758,-1983.6024215833065,341.58221983665413
12458.680813971025,0.1445799755564387,0.1535318157088263,0.041831310225024385,0.01796885070037602,91.4104133361297,-13915.428553095277,-4375.446681719434,134.3055614281611
12460.08480920546,0.14445312146137843,0.15349338245099264,0.04184763428848278,0.01797544150222641,91.56933576603545,-13280.269427421468,-6627.920308130479,-77.4488130906972
12461.32380433863,0.14434571560495726,0.15344316975643352,0.041870158254002664,0.01798895679796561,91.72381788143653,-12240.481886734005,-8679.20137549751,-287.00810390720926
12462.301215763817,0.14428482180673416,0.1533661127055938,0.04189323494944433,0.01800814060892926,91.87585502729736,-10839.932737234101,-10475.184258000074,-488.2799428628951
12462.724681841992,0.1442986551168419,0.15330011362227827,0.0419164157065347,0.018034269308437458,92.02733217907061,-9124.627242654144,-11967.203106015862,-675.5391721049278
12461.605472484924,0.14442330200446987,0.15335718827726666,0.04193928868257582,0.01806966064865936,92.18010412017139,-7143.627642180879,-13110.408104384735,-843.2751057627664
12461.0049986203,0.14453713136724636,0.15338765634286117,0.041958277416521125,0.018112223733969875,92.33608944820531,-4950.275683970369,-13862.82691172335,-986.0591066566501
12460.51716937353,0.14466396522125485,0.15343127370422951,0.04196980100461203,0.01815531237154687,92.4973592794472,-2604.024825164832,-14184.910369877653,-1098.418843932688
12460.212765978082,0.1447955923137599,0.1534881478208308,0.041973663519291,0.018195150021042356,92.66621930171551,-173.0354092078115,-14039.770762950162,-1174.7630223644085
12460.415626564974,0.14492955414860523,0.15353240662296347,0.04197053403162871,0.01823576563728577,92.84530792425127,2262.7547244296006,-13394.626507282546,-1209.417989597653
12460.71364885187,0.14505983830148755,0.15360371540141268,0.04196185827003815,0.01826811394407968,93.03767898225189,4607.90655618769,-12223.911772984407,-1196.7382246562152
12461.799760465816,0.1451877094624337,0.15362610837367807,0.04194612793758256,0.018299680921481046,93.24685421316951,6747.617148734537,-10515.063639229287,-1131.4605721752216
12463.603098508413,0.14536485506371513,0.15367871104040884,0.041934558298761845,0.01831396439794236,93.47675372209861,8544.678454623734,-8278.16325866221,-1009.3696412165674
12466.188105932326,0.14557898802340105,0.1537759862063498,0.041926867590609006,0.018319788312765393,93.73137751446403,9839.994873460419,-5560.971484183234,-828.5760812068526
12469.628563336202,0.14581691577767317,0.1539357152512221,0.0419097858523226,0.0183265646803843,94.0139894198999,10462.08285722866,-2469.2769257658706,-591.6797782180253
12472.47374330173,0.14595582495066248,0.15418260767899492,0.041894934958985476,0.018327699914481917,94.32556298510976,10252.93006873759,812.480419331086,-308.3924989611339
12475.323386052001,0.146005176192945,0.15450709839267684,0.04187712309007256,0.018323120475772576,94.66267692600158,9115.325787284555,4014.8809632994744,2.2255535703016593
12477.048859195389,0.14589749813790676,0.15481862747828376,0.0418617654635234,0.018312613797185066,95.01600719255772,7071.063278326621,6813.720940303024,312.141149537395
12475.137905067546,0.1455912021668502,0.154907975683482,0.04184120860938155,0.018283825055594206,95.37136380784601,4293.957811733937,8905.674680278657,589.4574472916745
12477.169441548964,0.1455026800730034,0.15509297635951386,0.04183672430854534,0.018267619904039148,95.71390356451158,1079.072527769445,10097.256426915003,807.1301665804456
12478.996643228627,0.14538739996685615,0.15524008341543566,0.04183737647642406,0.018256070189650354,96.03277122417623,-2242.2823399151343,10347.783553273044,949.6975975545081
12479.70242750577,0.14518851146289868,0.1552847259145465,0.04184596369795716,0.018233293971097263,96.32303664926596,-5385.3952067005885,9745.284817672782,1014.1015761740462
12481.594197939397,0.14506556869181764,0.15539234267697077,0.04185588615441438,0.018219823528197832,96.58471726758074,-8151.736787222762,8448.827413581457,1006.4099628958984
12483.47313622963,0.14494038889124616,0.15548563496604154,0.04185690649764248,0.018218921571002394,96.8206405123315,-10426.946968753105,6636.381449419875,937.4458249394875
12485.38107755679,0.14479812636115846,0.15556094574154541,0.04186283210316842,0.01821594476682847,97.03470313458575,-12160.029133796683,4474.436507433704,819.345783298741
12487.319839442513,0.14464850698455042,0.1556258563800755,0.04187636621774117,0.01821239093145964,97.23088593832352,-13341.46765023459,2106.4592919657016,663.7659355550842
12489.229373091708,0.14448970769401484,0.15567006101986333,0.04189173182022812,0.018211353410111146,97.41282141273751,-13986.488692907418,-348.39694242639104,481.2400158106169
12490.682607073111,0.1443593403392156,0.15567664332650366,0.041899001683570206,0.018212139832789735,97.58367614882918,-14124.10529250344,-2792.2188251486978,281.0646391586291
12492.476664999747,0.14419511506524105,0.1556636830725279,0.04191091407511971,0.018215505748355922,97.7461811429113,-13790.690052716356,-5144.148060744396,71.36592869578502
12493.5864372042,0.1440934492588107,0.15563984478333986,0.041932405545658684,0.018225498503438846,97.90270924978267,-13026.491354815964,-7336.31164087944,-140.72397531223027
12494.40296398212,0.14403865576581,0.15557456211078463,0.041963087864371404,0.018246031858566995,98.05536753600676,-11873.94558393625,-9310.390641524718,-348.8110492616982
12494.645868183392,0.14404639091632873,0.1555286712757148,0.04199454029692135,0.01827482449606012,98.20609218463869,-10377.303855314274,-11015.007014192566,-547.0008385312135
12493.90306050519,0.14416884368380706,0.15552693125575,0.04202511662376422,0.01831270982729896,98.35673046505349,-8583.032828386042,-12403.633534155018,-729.7045615709962
12493.147882802166,0.14429619629260101,0.15555069249920087,0.042049134383716706,0.018353911743786,98.50913033226415,-6540.725058119972,-13433.243558791166,-891.493336020485
12492.503183855306,0.1444347228432445,0.15558754235127797,0.04206599286463748,0.01839689077010805,98.66522509226925,-4304.5609836616895,-14063.463181734109,-1026.9708549789702
12492.08462865499,0.14454713468555314,0.15563185926216716,0.042073203972271024,0.01842987637241046,98.82711506825825,-1935.3213120055254,-14256.241086984703,-1130.6614996247945
12492.303715339227,0.14465534256138743,0.15564291438022926,0.04207531525872366,0.018472446038052096,98.99716257337296,497.0301381384605,-13976.375417294732,-1197.0110933601818
12492.764628065977,0.1447858674758082,0.15567014881348945,0.04207122824303774,0.018504875931979314,99.17807780892684,2910.0835623230937,-13193.164608438321,-1220.3847129875614
12493.069060668093,0.14491030005798852,0.15574790204611397,0.0420596736933265,0.01854059609542452,99.37300477291936,5205.1623599882805,-11884.055920782757,-1195.2178745131791
12494.318422342694,0.14504709579227365,0.155772659310282,0.04204256313316619,0.018570758973722613,99.58555742728106,7263.6439823145265,-10041.166915257576,-1116.4540047534656
12496.507068529194,0.1452449846879018,0.15582417813546146,0.042028995713987195,0.018585662742282537,99.8197188403555,8944.43057456045,-7681.894261445803,-980.2711408261599
12499.327893360936,0.1454687326449535,0.1559407333410674,0.04201351452345838,0.0185959207399332,100.07943673266388,10085.793564587886,-4865.0968985910495,-785.5671618951583
12502.43586430667,0.14567117979449015,0.1561265220765861,0.04199872127989435,0.01860064718567462,100.36766616952542,10517.700035917062,-1712.081708899396,-536.2138853106404
12505.709510447365,0.14581925319287392,0.15639368934910705,0.041986393662179454,0.018600655854761738,100.68466530391262,10092.038516200058,1574.4177419672983,-243.74283947176474
12508.369356910207,0.14584580480379405,0.1566999355832867,0.04197123839320147,0.01859543160773319,101.025856465789,8733.812503552275,4709.85618198422,70.68793303221462
12509.042504937881,0.14569232538174576,0.1569368394233966,0.041944117016046154,0.018573639920933523,101.38066474109094,6497.53013174562,7368.062952317898,377.5226359721368
12510.34123644191,0.14555606312452826,0.15713315668238476,0.04192891758243228,0.018548197450205233,101.73429589233079,3588.61291832105,9264.149998920624,645.1030131241814
12512.256563892654,0.145460961086385,0.1573038923670924,0.04192755950260839,0.018541161845999975,102.0723450686141,318.0241932126215,10237.857314872515,848.4869280960974
12514.125853318415,0.14533099335952493,0.1574488338893457,0.041929991233239254,0.01852231219381027,102.3851040152687,-2987.603683444649,10281.576858399832,974.9360471762317
12515.96051431339,0.14520067895340324,0.1575651570325152,0.0419396212660831,0.018501087549548302,102.6688293104292,-6061.62838093886,9505.09973454514,1023.7250743859227
12517.928050558134,0.14507643265695502,0.15767414137071056,0.041943949408975244,0.018495828979641082,102.92431098103225,-8726.155151700374,8075.889847177987,1002.3707494886224
12519.903547989497,0.14494349950152566,0.15776849906176696,0.04194384253752921,0.018495842616294656,103.1547339158901,-10883.721959503682,6171.226105717035,922.235057228878
12521.6354169134,0.14481068873191455,0.15783125416659108,0.04194717988185587,0.018494346864163035,103.36408629148855,-12495.1044958049,3952.794560336445,795.4665200362789
12523.343722921692,0.14467728454935563,0.15788489266225822,0.041962339630108786,0.018491079770443532,103.55630458955156,-13558.15832983149,1558.1000566302266,633.505129908669
12525.198522491455,0.1445167744693311,0.15791239624726114,0.04196511101086095,0.018490988723643513,103.73493154769348,-14092.390598335318,-899.3982834803633,446.6170035119604
12527.031665404129,0.14435286976000036,0.15792156134700946,0.04196489660721294,0.01849094133899374,103.90303722284864,-14129.160425150649,-3326.688721051377,243.8274178601169
12528.612556088316,0.14420894099364598,0.15789256062690596,0.04197964726325193,0.018495677028312108,104.06326317672321,-13706.004322898232,-5646.863930983942,32.96632037076326
12529.705759057173,0.14410884592453005,0.15786774690412855,0.04199329774321488,0.01850257581295575,104.21790850383628,-12863.672651696677,-7795.204993067288,-179.04760683775717
12530.68460783945,0.14403862599710263,0.15780091155001572,0.04201462812750781,0.018517832705010825,104.3690249633332,-11644.789484886307,-9715.96525958892,-385.9664784568093
12531.02971064504,0.14403627907931532,0.15775391353862575,0.042043973355316074,0.018546350421054247,104.51850724430837,-10093.624071833307,-11359.81459733374,-582.0528056568805
12529.915259736359,0.14418417551584398,0.15778301500238778,0.04206957414260019,0.018580002382104024,104.6681708600343,-8256.649067479777,-12681.855776633227,-761.8347554892312
12529.266092377311,0.14429835325819348,0.1578053836975291,0.04208983571698056,0.01861709735065569,104.81984744508058,-6183.50233769261,-13640.475956703622,-919.9616716128913
12528.668295855032,0.14442189446851458,0.15784474514319624,0.04210490203606997,0.018658818230152533,104.97546693324144,-3928.505190774092,-14196.58868099913,-1051.1188187506277
12528.602220916962,0.14452981350083968,0.15786059053476514,0.04211261206818564,0.01869929013658667,105.13713645242366,-1552.7333072460954,-14313.31955092352,-1149.91394925962
12528.46679166017,0.14464798461402031,0.15791187735490542,0.0421135744005562,0.018741605924205876,105.30723188267315,873.3075046685818,-13956.673749335845,-1210.8379965752072
12528.623211075923,0.1447768440522195,0.15797374810166245,0.04210746184693399,0.018781385481332083,105.48849007656204,3266.4107067827645,-13097.395972829927,-1228.3027395930183
12529.37570386162,0.14491610794231943,0.1580224554482904,0.042097480947281225,0.018809583806077126,105.68409511827885,5526.973966557082,-11714.820011008404,-1196.7933651781873
12530.84701643625,0.14507064507305056,0.15805001560778867,0.04208195650959911,0.018835235234577634,105.89770656398296,7535.274083370745,-9803.646100869815,-1111.332850158206
12533.407098204045,0.14529057272048343,0.15809730678985412,0.04207265079137876,0.01884487888902476,106.1333350832222,9149.201774687004,-7384.990724699062,-968.3013406946361
12536.297365292185,0.1455134468053275,0.15821796891928497,0.04206299458097708,0.01885085169695707,106.3949064491486,10206.841425062532,-4523.023400640998,-766.9486230642033
12539.620169347556,0.14572192203087916,0.15842413456045681,0.042049120482929664,0.018854771454900658,106.68523989700286,10540.036353707641,-1346.0285518787489,-511.74534490166633
12543.045997116224,0.14586883851280735,0.15870165906763126,0.04203491305731691,0.018854284738442046,107.00427434365739,10006.525161063599,1935.5619254972978,-215.06585438129193
12545.187028674309,0.14584011536232666,0.15902155862793435,0.04201361402136637,0.018846114554922164,107.3469181704462,8542.505892021129,5031.646820087187,101.02344754348462
12545.434369119212,0.1456456140287582,0.15925193174592,0.04198436641489622,0.018820748985814827,107.7020647375281,6217.587859358017,7617.116873829333,406.4206859606919
12547.527696818835,0.1455629911176988,0.15946462342839218,0.041970924147634446,0.018796181305459205,108.0546834564554,3250.6558753897793,9417.309909357058,669.7229321982857
12549.540330354914,0.14545964781796297,0.1596405396390396,0.04196999789556537,0.01879022957530218,108.39057111504107,-41.77971094665233,10287.905678261071,866.9701147011609
12551.416166001352,0.14533129089451702,0.15978157309931948,0.04197552855902252,0.018756593901367254,108.70050137696568,-3336.7282493990274,10236.108233641675,986.5888273371704
12553.195046752104,0.1451839631994466,0.15988955992997525,0.041985553357307935,0.018736188397910507,108.98121221024184,-6376.5351575654695,9380.861008800995,1028.8400032733355
12555.105386476027,0.1450630796122331,0.1599931550084963,0.041993330586110884,0.018727328435114914,109.23380370212281,-8992.999343927746,7892.826789324178,1001.8399164152054
12556.918111597786,0.14493401985663104,0.1600739685191736,0.041994483196152455,0.018726467297433765,109.4616035407779,-11096.496937998108,5948.6078853202625,917.152862165029
12558.853075797078,0.14478587494413575,0.16014226203107268,0.04200903869593507,0.018720471188780483,109.66863490646737,-12653.245606599125,3707.3649980670534,786.8995810647281
12560.529979998055,0.1446537035752501,0.16019205978362086,0.04202000673674357,0.018718331435797514,109.85881718927237,-13664.535625761144,1303.5861773760755,622.425100356089
12562.215095800988,0.14451140390177103,0.16022405281053823,0.04202996022830508,0.018718240870637157,110.03564999201656,-14151.889961135219,-1152.1354756230496,433.86700245984235
12564.006057515087,0.14434965494960011,0.16022005864376743,0.04203814098236425,0.018719581600867174,110.20216048585603,-14147.738738864686,-3569.3277441469213,230.07089832219376
12565.754305013925,0.14419118030376007,0.16018505750058665,0.04205379949978222,0.018724873669970356,110.36095202509446,-13690.102971316395,-5873.269244413123,18.744044217085143
12566.807971196678,0.14410121329556802,0.16013981590539722,0.042071487163631974,0.0187341257886558,110.51428819091834,-12819.859500177858,-8001.0538095744205,-193.30473935467708
12567.421314866719,0.1440654548061837,0.16008412485935453,0.04210579141427241,0.018759327491271797,110.66418865353937,-11579.553523979046,-9898.436948517963,-399.9636161518353
12566.691795766948,0.1441707436537995,0.16007463322687088,0.04213430633348504,0.01878767731229973,110.81251690352808,-10013.243197573158,-11517.332754108098,-595.5660179345443
12565.801915422628,0.14431171944932014,0.16008376009791578,0.04216203512884288,0.01882491528540148,110.96107032154033,-8167.028551546403,-12814.040263998168,-774.696454457346
12565.176587037382,0.1444341702135494,0.16010173466783637,0.04218315195873836,0.018864434975442324,111.111665028178,-6090.080270666282,-13748.070913819369,-932.0923655200406
12564.501213649959,0.14455505284541154,0.1601498855436843,0.042195427907796436,0.01889930597651184,111.26620973126366,-3836.1893174044203,-14281.281435681038,-1062.478124623559
12564.282288192255,0.14466680146574584,0.16018119837135872,0.042203522783486956,0.01894349112785554,111.42679309823588,-1465.7764167717498,-14377.656434493656,-1160.5251726875856
12564.038212452711,0.14478076443923182,0.1602421251514181,0.04220402118299851,0.01897289408406946,111.59577018615123,951.4712766564229,-14003.964707885023,-1220.7654158764578
12564.591825311474,0.144917768712402,0.16027105626858593,0.04219816938553638,0.019009801790595145,111.77586482937303,3333.386067678686,-13131.59512169673,-1237.6436719789258
12565.041281602862,0.14504749547265408,0.1603461814858055,0.04218564459686701,0.01904476668316554,111.97024510596292,5581.57302378903,-11740.321116740228,-1205.72861077644
12566.224445541457,0.14517990667689648,0.16038240030690126,0.042167498083406585,0.0190745816327449,112.18255791070729,7577.738167624836,-9825.001771274334,-1120.07498794487
12568.584333948134,0.1453849794973806,0.16043524466494366,0.04215603697791661,0.01908642523423628,112.41682077038492,9181.428567796014,-7406.395070372089,-977.0220462862178
12571.68036386317,0.14561996494318474,0.1605487443405823,0.042139649651645905,0.0190965668010942,112.6769992694551,10232.347690039309,-4547.545503704302,-775.7297654284616
12574.83018769458,0.14581634727494014,0.1607433616433981,0.042126201791559736,0.019100397406810483,112.96600032315561,10563.485899315658,-1374.7773843963844,-520.4753833089006
12578.380726260157,0.14596944420215582,0.16102353918945664,0.04210614670093282,0.019099822609971562,113.28391231958558,10032.54601013003,1904.077777105988,-223.37044770303365
12581.540924555802,0.14601047567524722,0.16134882029694475,0.042088496375388834,0.019093104269265315,113.62583091428716,8574.019084340109,5001.356441595882,93.79019891451608
12583.020893892028,0.1458666324679654,0.16163686244240177,0.04205928880224959,0.019067989124889065,113.98077421847688,6254.478604401967,7592.835913611911,401.033129031772
12584.794525699886,0.14577247960376888,0.16183271670342217,0.04204448852458752,0.01904123650558039,114.33366390054515,3290.061410369681,9402.56176925165,666.7785694753067
12586.501935411163,0.1456686517459547,0.16198776068500864,0.04204366055309753,0.019036026250277702,114.67009373341529,-3.748080670327221,10283.877857057376,866.7326115689467
12587.480348363913,0.14543259288223484,0.1620844831318352,0.04204692574724814,0.0190156379503799,114.98060923916626,-3303.4200418925825,10241.996456421775,989.0283820118802
12588.582225712022,0.14520716532849828,0.16213948849479473,0.04205828926283242,0.01899236180747543,115.26179656896522,-6350.170551102377,9394.99870195025,1033.6859668103118
12590.42953524443,0.14508969791521253,0.16223896309260624,0.042068435213547466,0.018980776976569066,115.51469184874958,-8975.027059607035,7913.730468371223,1008.6910241849897
12592.421591046786,0.1449566762823541,0.16233220915938218,0.04207334651918922,0.018977300070246964,115.74260694976256,-11088.105742738924,5975.170373416906,925.6072722948246
12594.355603496459,0.1448180431917459,0.16240864196828209,0.04208104964842479,0.018974087704316748,115.94957516319587,-12655.643542202668,3738.6681378443245,796.6101815695206
12595.77997976375,0.1447092988726678,0.16245527171684035,0.042091651069479145,0.01897199316553082,116.13953060350273,-13679.085444311339,1338.713704094828,633.0858848335425
12597.679236926866,0.14454985858768138,0.16249209353875063,0.04209716483463101,0.018971919523385405,116.31599200044649,-14180.129985825468,-1114.3362203368529,445.1769427403089
12599.411320664945,0.14439629676273222,0.1625025729853699,0.042110741608418115,0.018974111975065756,116.4819987486913,-14191.344387885838,-3530.395084045512,241.7168668675087
12601.094687530947,0.14424354668514802,0.16247780811824422,0.042121839092406,0.018977813942409355,116.64015881564363,-13750.773658380693,-5835.216770036625,30.40401893554146
12601.97855563231,0.14416689006636818,0.16244423828642576,0.04215064519418105,0.018992729829613475,116.79273490822955,-12899.173763609428,-7966.4622384376735,-181.99098955974304
12602.147032380373,0.1441790609218628,0.16238941847536967,0.04218045339491134,0.019014390765529746,116.94173918942157,-11678.802897424415,-9870.476818357114,-389.3853027132796
12601.313096852795,0.14430321590617504,0.1623723976624818,0.042214322442159335,0.0190476549802661,117.08902537707111,-10133.26498294088,-11499.833210295243,-586.1426591249189
12600.522352239608,0.14442116716594422,0.16238373213323468,0.04223849162942391,0.019079623818073283,117.23637480664837,-8308.056730094075,-12811.598124580938,-766.9033683166989
12599.792438815039,0.14453692847413485,0.16241326892576535,0.04225812557145407,0.0191156227978785,117.38557790444982,-6251.505352701265,-13766.014616356579,-926.442033606056
12599.029602951392,0.14466601715050753,0.16246676954855457,0.04227349401739962,0.019157923009002334,117.53850852914077,-4016.229509429594,-14325.558016493547,-1059.5799647379497
12598.473626698893,0.1447929253106837,0.16252822983435355,0.042282187002171054,0.019202407918189925,117.69720949456072,-1661.1154572011758,-14454.738539399963,-1161.0649376556594
12598.34752187237,0.14490951744442884,0.16257705342552906,0.04228351188730726,0.01924566065111134,117.86398509105791,746.1776344099235,-14120.675502862838,-1225.5098707566942
12598.532632254017,0.14503832046715293,0.16263434658688336,0.04227842081446692,0.019281524510189364,118.0414933591087,3126.0788268604706,-13294.709697315813,-1247.4032389522167
12598.635604827778,0.14515461863603557,0.16273139021655106,0.042266241970371425,0.01931767418460793,118.23283250583341,5383.4224301842505,-11955.816189938323,-1221.2827327331654
12599.702196513117,0.14526982916099274,0.16275453606013443,0.04224954901581149,0.019346535087712256,118.44158902583926,7403.822105601715,-10096.798797123369,-1142.1131792828173
12601.738632685958,0.14546026309952015,0.16282624964965564,0.04223783837231181,0.019359288365682195,118.67175817758287,9050.971421319977,-7734.324344758306,-1005.9747300410312
12604.54249047978,0.14567854181865209,0.16294113189957382,0.04222279361613393,0.019369249477266672,118.92738545953969,10167.996591382313,-4924.471604663728,-811.493970698897
12607.631955783238,0.14587566744120115,0.1631296176768634,0.04220904191714649,0.019373699837259492,119.21166480442544,10588.594477099481,-1783.2704012609884,-562.0330459339533
12610.40721531939,0.1459877654716107,0.16339126148001773,0.04218740384211993,0.019373951803464476,119.52527175274678,10165.298264186513,1493.881866604225,-268.4164736821559
12613.064263911747,0.14600259754131067,0.1637121027773868,0.04216746997360748,0.01936736835084595,119.86416238606346,8818.988938063954,4629.5964540845935,48.94090353162948
12613.908862870674,0.14586678428034697,0.16394366854104764,0.042137684266456886,0.01934403332677566,120.218167507529,6596.004848502345,7301.0068202008815,360.88418539017215
12612.045307756944,0.14557211756067226,0.1640115139913311,0.04211522330782596,0.019307545091146686,120.57243550642613,3693.6906761448204,9220.341000521534,635.3650359633062
12614.241614973482,0.14547989321083601,0.16419841275352748,0.04211079433381304,0.0192861748224207,120.91204930173807,419.284282428777,10220.887878386917,846.4625301293166
12616.234279990005,0.1453619089595539,0.16434832285723455,0.04211230085449396,0.019273586244265874,121.22663156787914,-2899.4690904824392,10289.64720473885,980.5108871815039
12617.481658846134,0.14516668187552842,0.16442039326695093,0.04212254081500689,0.019250601251901756,121.51191090056086,-5992.691327000531,9534.020509099137,1036.1425744626688
12619.363801330095,0.14503760296292936,0.16452009095686743,0.042134065646906124,0.019236598912867976,121.76842538498705,-8679.990525600795,8121.675703832248,1020.5348072394361
12621.337387231784,0.14490478931738,0.16461250872620178,0.042136639141926176,0.0192346342025935,121.99930047277908,-10862.985441865347,6231.02713868246,945.027712952394
12623.227320742018,0.14477046723781323,0.1646880993062156,0.04214815307355888,0.019229506834274466,122.20855503124918,-12502.632847848823,4024.533376206257,821.8561262693552
12624.986264519677,0.14462921267416687,0.16473531912619746,0.04216632253867286,0.019225494364413016,122.40018612892918,-13597.450999533436,1639.7897683734175,662.5461399358668
12626.928667805127,0.14446866879427947,0.16477709826355932,0.04217355480538123,0.01922524478504522,122.57779209014019,-14167.680505591648,-810.2994456486174,477.4334668841129
12628.6804347235,0.1443153340238314,0.1647939060580516,0.04218772968979657,0.019227229645255604,122.74448164981433,-14245.234376452529,-3233.773846836191,275.5338891428772
12630.482802084454,0.14415190252818083,0.16478323037667947,0.04220338842780831,0.01923210325845022,122.9029186690014,-13867.862951219922,-5555.179251736082,64.66065406290166
12631.79483696128,0.14403755051510836,0.16473590268733646,0.042222314345601974,0.01924141416486066,123.05540599816715,-13076.094757959985,-7711.504980055922,-148.309368419466
12632.147322723886,0.14403100767317117,0.16467500139990887,0.04224940220970568,0.019260253581480636,123.20397797277542,-11911.895684002096,-9648.800653909095,-357.2300333210644
12631.13780077463,0.14416861147675783,0.16466243744779974,0.04227619011330467,0.019285463295160732,123.35049125635224,-10418.439857418589,-11319.60207034463,-556.451913284925
12629.998878098868,0.14430785030453278,0.164695422159983,0.04230670925952279,0.01932402193782484,123.49671653998713,-8640.539843682278,-12681.160652406836,-740.658639269042
12629.01432887476,0.14444142998961654,0.1647397848868016,0.04233106788339374,0.019366289550170876,123.64441834355961,-6625.478449968131,-13694.067825659138,-904.7076378674307
12628.233661598753,0.14456319969048964,0.16479184900057245,0.04234775708444077,0.019408847796560446,123.79543037893825,-4424.355401050028,-14321.233853234258,-1043.4653408317358
12627.73802020174,0.14469554217589872,0.16484303193707617,0.04235780435867675,0.01945370316339505,123.95173730782142,-2093.957969985317,-14527.510866247992,-1151.7387549645841
12627.43776208659,0.14482419032250946,0.16490582291192463,0.042360043525852716,0.019490544507012462,124.11556244483856,300.8507398842047,-14280.054300127527,-1224.1966480901979
12627.337257463354,0.14494248331324472,0.16497864488480057,0.042355630951288456,0.019531325911881888,124.2894647772632,2684.1677774502273,-13549.713314372819,-1255.3951017058098
12627.273239972532,0.14504891324158845,0.16507686739215,0.04234596489300825,0.019563999163114888,124.47642621967779,4965.539963584214,-12313.910701719959,-1239.8783895086879
12627.898436011566,0.14514068739798278,0.16511892585497023,0.04232916746575263,0.019596079562157757,124.67992100060152,7036.266803193122,-10562.013689191046,-1172.480021346077
12630.266168066802,0.14535091743399295,0.16515752364114009,0.042319881029701426,0.019607225568405072,124.90387876402237,8766.298871184343,-8304.212389103011,-1048.9139833075762
12632.835350205549,0.14555773308854217,0.16525916635266133,0.042303794607066375,0.019619193052569036,125.15241926185232,10004.174346925309,-5585.701757105816,-867.0257836049266
12635.95366876433,0.14576630260483128,0.16542914246981483,0.04228731285910207,0.01962570082998117,125.42910338368249,10585.100113463275,-2506.237226594718,-628.8107393695724
12639.454567462408,0.1459425723037993,0.16567093372646294,0.04227208358897475,0.01962693592619163,125.73546504911506,10354.353108225,759.2783087163704,-343.0009457752723
12642.868956652332,0.14603143963171214,0.16597850645380877,0.04225791990497696,0.019623395784818722,126.06883811771901,9211.927244578379,3951.9863132421547,-27.59304558582812
12645.411190847573,0.14596224536829308,0.16631447217292752,0.04223804320764834,0.01961016379371511,126.42052859926616,7170.513252299147,6754.3691389317855,289.9816496785547
12644.039610553793,0.14567759550341888,0.1664312181888832,0.042216983743529904,0.019581340478923712,126.77639813050043,4393.169818159438,8862.157392786727,577.4694282342421
12646.041617359944,0.1455909961613603,0.16660955947792003,0.0422119395417503,0.01956377097888125,127.1209194795279,1168.976736275915,10075.153833249857,806.5903191817429
12647.642014038805,0.14546990957964392,0.16674030280243013,0.04221299423626908,0.01954256040287676,127.44221848231358,-2170.2990121161843,10346.205114850143,960.3931381329124
12648.818240126859,0.14528418986235153,0.16681623028983242,0.04222162119274423,0.019519298543464788,127.73454708632327,-5336.64226698602,9760.90061025568,1034.816122242636
12650.842463802,0.14515919476838707,0.16693001581848158,0.04223012231900214,0.019507647372822956,127.99749898508767,-8129.119996492393,8479.136735207603,1035.5508367745647
12652.830650261325,0.1450202546114985,0.167022190014644,0.04224153561159586,0.019498219509739734,128.2337898334724,-10433.06434557527,6680.587844147437,973.3557919517469
12654.879261284903,0.1448784295703669,0.16710784586543867,0.042252806556435756,0.019492557266371766,128.44736785588358,-12198.766065671953,4532.772944158856,860.4782075469398
12656.668098071656,0.14474451052568515,0.1671683946934128,0.04226998029887115,0.019487986513878182,128.64230851302267,-13418.57310840665,2178.98502479841,708.7487791983004
12658.622805090907,0.1445837165524611,0.16721042231492556,0.042286157610768295,0.019486808340099884,128.8223352964049,-14109.431025649747,-262.93526911230634,528.8048841265796
12660.488441357322,0.14442305949966755,0.16723463565880525,0.042295236396279134,0.019487725636313197,128.99068211364937,-14301.62205845551,-2697.2396685404856,329.9669805501157
12662.299490247982,0.14425970787019612,0.16721687968056376,0.04231230608870308,0.01949236454379185,129.1501136618446,-14032.113147779384,-5045.755600754415,120.30411277026357
12663.429974992916,0.1441655574977798,0.1671522300152147,0.042341718923747426,0.01950555722389516,129.30300723284319,-13340.967790978804,-7243.625314890863,-93.17156143527265
12663.890062308472,0.14414515357045957,0.1670903617461618,0.04236682666034709,0.019521724305111385,129.45144652666997,-12269.772234318229,-9235.803980808403,-304.1911247533846
12663.203298206263,0.14425054793885467,0.16705903612917755,0.042395505692140206,0.019546831603456223,129.59731353693803,-10861.160105096083,-10974.308584843126,-507.0252289194312
12662.226205486873,0.1443703158522632,0.1670808690237787,0.042422129318278136,0.01957803026443193,129.74237789404296,-9159.07016603359,-12416.219555088745,-696.3318855781313
12661.48430415377,0.14450372102563033,0.16709228368954884,0.04244834717946083,0.019619746173708253,129.8883802606261,-7209.458281372929,-13522.177363460885,-866.988603377791
12660.564054168175,0.14463269250306768,0.16714952158815044,0.042467716097414676,0.019663828389701238,130.03710498039,-5061.54597692444,-14255.27501588919,-1013.9399054398398
12659.836858284452,0.14476506632210348,0.16721404456676722,0.04247959334159834,0.0197079009309532,130.19045998154874,-2769.5299591755675,-14580.55033781668,-1132.0709919335036
12659.36543305954,0.14488491472875673,0.16728205831600515,0.042484311984431845,0.01975189698079476,130.35056577108585,-394.7048260884035,-14465.070876349939,-1216.1543545728946
12659.258417050516,0.14498846085659584,0.16733943931476652,0.042481863059805204,0.019794475341447817,130.51984726580545,1991.7796869039473,-13878.934066939493,-1260.8278668542205
12659.494613745515,0.14511322809859306,0.16740917850303624,0.04247263013689134,0.01983351187287954,130.7011278767531,4305.587479667334,-12797.475441030212,-1260.6447281924702
12659.629153157464,0.14521267449990313,0.1675094110000795,0.04245739734183734,0.019867565361668275,130.89770786755935,6445.444522627168,-11205.671552055535,-1210.2973275433478
12661.024710533757,0.14535414122186863,0.16755266922271592,0.04243725624769536,0.01989541322481379,131.11338352556876,8289.768345172724,-9105.712058370538,-1105.127291780639
12663.636593995385,0.14556967460564285,0.1676294272381323,0.04242549790512565,0.01990569147157541,131.35228480023437,9695.160106314985,-6529.048651325463,-942.0428878134671
12666.789202924356,0.1457921178545897,0.16775564074288354,0.042414423541532624,0.019911247835830002,131.61833455668818,10500.804365488815,-3554.1678458462156,-721.2476538496343
12669.778540971118,0.14595404875134285,0.16797651036654007,0.04239733048822259,0.01991438987299554,131.91404073301794,10545.54520852224,-327.8192646882861,-448.79823646358597
12672.879640162357,0.14605271113135046,0.16825571827032687,0.04237725984311269,0.019911731772894268,132.23850429479117,9704.960490667434,2919.87558173666,-139.31791579024713
12675.599125849143,0.14603272798510694,0.16857902890045456,0.04235980431943378,0.019902830747587533,132.58524065932355,7947.247660786285,5886.268033331557,182.73715522060076
12674.518317605594,0.1457508165923763,0.16874669848679036,0.04233368427908361,0.019874791639493787,132.94164346272797,5383.276525042875,8252.533957931826,485.79985186470077
12676.82040561947,0.14567660547711078,0.16895107605869542,0.04232674458926474,0.019858070234114986,133.29194629455063,2266.6577171917284,9774.616633518703,739.0479893570623
12678.770458877261,0.14557079989304372,0.1691101978054195,0.04232601543562046,0.019845194494752794,133.62241442785162,-1074.0259331587563,10352.905945200091,921.0357817310139
12679.18986317647,0.1453420116253734,0.1691523641594064,0.04233317381300163,0.019818066965259576,133.92504437278333,-4328.192946412324,10034.439471675392,1023.3680850651223
