Episode: 156
5501792.0621423405,0.20006377586783194,4.996060913157114,20.1104861219692,19.96105860734974,30.83252303447316
5503582.978376862,0.20009240820340168,4.995251542947754,20.1878600783929,19.944277526841756,50.44008532199336
5504076.842556363,0.19993930688054384,4.994471278955856,20.301916400605368,19.894523518678305,68.37456279962699
5504268.175504355,0.19974866360519708,4.994874621917163,20.382688528750954,19.856168710100814,84.58034255608807
5505184.84977716,0.19958789833683047,4.995586092600794,20.442081224805776,19.83618767900877,99.17986134191025
5506815.252183149,0.1995184464809665,4.995668676824204,20.484671251617645,19.834782192776203,112.4051121599781
5508525.451628631,0.1994480365858391,4.99583532431896,20.52659104848878,19.833053776865583,124.51278881899886
5509984.908387693,0.19937182373802945,4.99455183676765,20.5505077437541,19.841259167966616,135.74630858479168
5511624.195150193,0.19925930875185857,4.99371727990217,20.578632077339364,19.84440562405468,146.30659472057553
5513252.415738776,0.19913453095114908,4.99470336498253,20.607890895420816,19.84278787646415,156.37727361781148
5514671.198817488,0.19900630417557347,4.999184928557748,-339.3773073018192,19.844474604125544,166.1243781026404
5516206.532278238,0.19885118840859395,5.004501041738941,-339.38597857339266,19.85690924852266,175.69230641959177
5517505.651165187,0.19872078833137427,5.009054837999469,20.586410678374268,19.87697570774722,-174.78675890631143
5519081.224039979,0.1985743076292978,5.013093073067283,20.5412814747189,19.904255536857693,-165.18302821037508
5520119.293521212,0.19850454579846086,5.016616350410929,20.482929996532768,19.93829557837782,-155.36627353575727
5520597.120562863,0.1985248126318271,5.019722814626237,20.415101860316476,19.980756230298397,-145.19834381330978
5521179.627837421,0.19858834536321976,5.021667572091182,20.34577381541334,20.019899168711643,-134.51548483711596
5522223.2501968425,0.19867252083959366,5.023040847213551,20.262840230122375,20.066362148749153,-123.13315542086042
5523152.187366366,0.19876028419162606,5.023517743915047,20.193149136926213,20.111099790367252,-110.85872880604164
5523545.895541515,0.19884422242666802,5.023254859372887,20.158052343282332,20.140744476725917,-97.46307366716236
5526053.794159627,0.19905933568343995,5.02257576697731,20.101680387853236,20.16227772294187,-82.64564059424339
5528690.120344475,0.1993121560319948,5.021380276122882,20.066364785973263,20.181472639384605,-66.22741876311336
5531622.086179519,0.19961943682024894,5.021001051844502,20.075532634711614,20.18468708773896,-48.09930395361936
5534695.617528887,0.19992649288203868,5.020236092164589,20.115314757623292,20.18738900142342,-28.379645339813223
5536904.23479121,0.200139954629213,5.016754126779673,20.19979764731274,20.185656454530207,-7.550917723673532
5536985.2928295415,0.20013492780297346,5.012662913835369,20.305663817079473,20.165214367140965,13.610173250465673
5538816.877126625,0.20020255635641768,5.011982512747614,20.374500808808712,20.157401811436912,34.20214897579895
5539416.194373917,0.20008632129169765,5.010267229417235,20.496756324312766,20.11631231226731,53.4491120387531
5539771.977150528,0.19992956719883553,5.009818559836717,20.59507502788486,20.075101371272023,71.03110935149387
5540480.449644191,0.1997607691317678,5.010341044212487,20.678806894636697,20.03991853825569,86.89748872063217
5542126.992028441,0.19972347049917016,5.01088621582527,20.735169980880116,20.026291029049947,101.20665384716489
5543838.050110016,0.1996578582684218,5.011029737991422,20.779607450249056,20.02412651953275,114.19262698146173
5545588.6602917835,0.199584779021931,5.011280362007171,20.822685357019814,20.021745947709444,126.10604132988458
5547174.310480226,0.19950019413350548,5.009655591243021,20.84751211857842,20.031360391111185,137.18129664610856
5548837.488969572,0.19938540100960464,5.008318434742374,20.874280892752846,20.03591832958214,147.6167907028534
5550437.981912272,0.19926210958872057,5.0103863463707485,20.903820131729656,20.033215413580077,157.58906731473442
5551923.573364435,0.19912893902883605,5.014984786125399,-339.08156924258185,20.03629116934887,167.25685680865047
5553355.967516549,0.1989799185787436,5.019413498412021,-339.09674723042855,20.047908450353596,176.7716476038469
5554897.8344418835,0.19882556021589456,5.023887650919428,20.879368659985012,20.06895471748656,-173.75731575609538
5556422.514990838,0.19868225996438013,5.0283112397559675,20.833462194636894,20.100320347367635,-164.1885965977435
5556868.724080076,0.19866838028885112,5.031754525845504,20.780904675348946,20.13501359131538,-154.39798177941876
5557202.7089757975,0.19870278869949012,5.034770554878187,20.714933743789633,20.178001857189496,-144.24081451456627
5557594.20336313,0.198788870152772,5.036940662285951,20.64184855646442,20.223867331868068,-133.55813323879093
5558406.440315168,0.1988858793492392,5.038219167180549,20.56490817579315,20.27033809175083,-122.16801009206935
5559957.011541497,0.19898242455276915,5.038565743871462,20.48548982169756,20.310115960722275,-109.85409573717452
5560916.35549408,0.199082127195356,5.038119660732592,20.42731181000801,20.350822349598342,-96.41122338992355
5563502.118027873,0.19929953526024838,5.037187486245609,20.364786946754542,20.378231600734985,-81.55100854274518
5566626.436692502,0.19957638719209686,5.036311803757499,20.32912894168433,20.391542870749586,-65.08356400132345
5569687.061169136,0.19988859839950612,5.035822394345616,20.337371772066724,20.395470057803543,-46.92408130846209
5572878.4289600495,0.20020128955638256,5.034212202860301,20.375783288137697,20.400836667645745,-27.204288899758026
5575361.295631375,0.20042271728684063,5.03071231221775,20.453169875920043,20.398124687110858,-6.412683800217689
5575346.894575939,0.20040686186516876,5.0264824702613,20.564393123707234,20.37571858448908,14.648091331937
5577203.749360874,0.20047385604179818,5.026275308902793,20.627755720440742,20.373128166508774,35.104811871702836
5577839.102302326,0.20036863365125554,5.0246921243034715,20.74282930878887,20.33341598012771,54.20690070807309
5578241.983666714,0.2002086066273431,5.024220033289331,20.85124176725122,20.283388717021616,71.6420985260476
5578212.039422149,0.20002631794768005,5.024969694388408,20.929059674792068,20.237210481176664,87.39587487730182
5579401.322297314,0.19991656050803108,5.025678896811027,20.984612511084308,20.220146804389106,101.59878820239287
5581092.987383988,0.19985380616760473,5.026100143321747,21.032092968696645,20.214149751463157,114.49301302939577
5582844.245037742,0.19978382037444017,5.025675818803989,21.06898071517184,20.217930291195756,126.32873554072772
5584457.566452006,0.1996999308183741,5.02410032783607,21.094970245212515,20.22705292186219,137.3368994920016
5586139.488297705,0.19958603925064192,5.022883181463601,21.12286361462057,20.231088720748264,147.71361213905212
5587766.1238924265,0.199450829691227,5.025822321571228,21.15013869255351,20.227456529600186,157.63655032003305
5589321.4970770795,0.19929858055007585,5.03020262289198,-338.84237656634707,20.230611948574268,167.26238525697264
5590872.225954689,0.19913749950851492,5.0348282814387,-338.8588253367241,20.242923631237137,176.7304406179211
5592447.470228797,0.1989809431935518,5.038702586092264,21.114802617489236,20.261248806800296,-173.8407519960145
5593784.640810072,0.1988617050156541,5.042446166241223,21.069478891878177,20.287848195761523,-164.3172510780043
5593931.297310896,0.19888023730599702,5.045861228956836,21.017923088123116,20.322259711256482,-154.58065010852448
5594225.28078129,0.1989235281784506,5.048881321998508,20.95082073316358,20.36522613705372,-144.48160245563204
5594654.721734179,0.19902085112358472,5.050837385409106,20.87904109392225,20.406389053649907,-133.86319252812015
5595406.355061498,0.19912298126423753,5.0521032069905365,20.803938761095758,20.451980232156732,-122.55300648975259
5596560.090628503,0.1992496927461299,5.052507699822118,20.728381919507676,20.49679374931248,-110.34183621325533
5597727.829520624,0.19936183973696736,5.052077462430173,20.665529479099895,20.537675598806267,-97.00666580344716
5600216.151656738,0.1995722004070109,5.05129097076163,20.607934464392855,20.561262136809106,-82.28057015201371
5603324.644667916,0.19984878578294274,5.050404051031862,20.571628678796127,20.57499082315037,-65.9662430183291
5606422.515306087,0.20015878417722188,5.049408796211929,20.5723993379708,20.583291594271387,-47.96986545111215
5609193.348988019,0.20044988899294802,5.0485426172808365,20.617011678104962,20.58625119959674,-28.41509928216074
5611567.079431606,0.2006719249844469,5.045359041533192,20.698622140933637,20.584419007360545,-7.757951741255393
5611755.070431091,0.2006741863949168,5.041074321732649,20.812184016212196,20.562940535486458,13.226447973182758
5613656.31652908,0.20074576711650327,5.041041088954942,20.874672907781825,20.56239615658052,33.67135790378163
5614732.104136936,0.200676308214422,5.039712131010608,20.983733945842193,20.530915525978276,52.80873194892102
5614972.165810367,0.20051443970368546,5.039154960876382,21.08936920792628,20.481287017483503,70.30864837521284
5615511.297116576,0.20034098476698425,5.039866398011502,21.183821926795964,20.43260369143668,86.11596368019954
5616995.708146673,0.2002662219173333,5.040649938924148,21.24603144400432,20.412963455310788,100.37593857079818
5618583.035121482,0.200218336682625,5.0405457821983095,21.283365013905534,20.41436359628015,113.32157201069236
5620308.192622814,0.20014437449070926,5.041647816605147,21.33345387682194,20.40403186068063,125.19230577055245
5622007.882211335,0.200058469824959,5.040639678221088,21.364538406728034,20.410054990744264,136.21809194645127
5623492.618981913,0.19996337825450075,5.039344355992393,21.389149230771288,20.414575540706483,146.6030388065016
5625140.281724693,0.1998372172100023,5.038560617234887,21.415397932465414,20.415648635303643,156.51384843154074
5626549.134365387,0.199712001594405,5.042363870774256,-338.5699556335257,20.41772334740026,166.11117547837594
5628101.0071988925,0.19955493634050797,5.046728581663878,-338.5788592818693,20.42849811789483,175.53625660522866
5629464.852937544,0.19941911304328505,5.051173239539554,21.39127120285983,20.44850920751001,-175.085771577693
5631039.530553909,0.19927684082660438,5.055686695635039,21.339391280942113,20.479268218828313,-165.62991317109442
5631137.2965247575,0.19930086310659773,5.05957166618342,21.283427531075525,20.516847002561803,-155.9820691790271
5631345.792625256,0.19934812436637128,5.062422835843185,21.221414392833026,20.555623439329853,-145.99757916158646
5631862.800659409,0.1994221848571685,5.064727823812692,21.144986165872954,20.601457474671392,-135.52111008307995
5632960.339995125,0.19950218728399785,5.066146927340594,21.060215557698953,20.648198925849144,-124.37839676467277
5634519.477646641,0.19960229002854066,5.066575341698406,20.98214772412547,20.68489792436139,-112.37327706566188
5636227.28627573,0.1997275558573496,5.066283837937801,20.908355765637708,20.723342363730254,-99.28832152028028
5638445.855757225,0.19992869388459347,5.065578918652477,20.853932216613547,20.747137137771425,-84.87920773182493
5641277.25196242,0.2001822742303451,5.064797233887796,20.817898655366445,20.7603997292904,-68.92208630786942
5644398.089081751,0.20049132137906736,5.063593200679482,20.810489598464557,20.77156393703561,-51.29639986365028
5646954.2154793795,0.20076672777577542,5.06246010209261,20.846326967771027,20.776331936836556,-32.07761420410256
5649367.488401862,0.20100185513145943,5.059318678372557,20.92077570062842,20.77676309022964,-11.654352288780922
5649875.810204463,0.2010400886479215,5.055109235875658,21.03077452201973,20.759319612524017,9.253320661506253
5651862.5379990395,0.20112843701473956,5.054766133929164,21.092968943347504,20.755767413871247,29.79469424150752
5653347.110719049,0.20113083275934554,5.0537278683536595,21.176471743338194,20.734651209451513,49.16199530409567
5653493.4256455,0.200967121739665,5.052928643382735,21.283891454616644,20.686122315534515,66.92719665046162
5653855.3689724,0.20079937064449785,5.053329339649451,21.368473749763808,20.645350596104016,83.00432413277144
5655330.3043963015,0.20071934578528627,5.054121328943208,21.435413511770122,20.62267684920272,97.50020177155717
5656911.061033674,0.20067100453268824,5.054702624055628,21.483642782178773,20.613369505718687,110.6415077873753
5658700.749059491,0.20060721807712503,5.054409345920279,21.522569845879705,20.616268255755266,122.6628936379674
5660467.364089133,0.20052370194844385,5.0537726583836475,21.55746456323385,20.62041962115366,133.79884438288155
5662187.430292586,0.20041848534601783,5.052007849768806,21.584920444593983,20.627418316040217,144.25380680504657
5663539.608607657,0.2003172888457356,5.051468712674761,21.606823408001567,20.628379260235857,154.21082394454442
5665184.609013982,0.20018042553220286,5.053725312787794,-338.36983402854014,20.628659214990183,163.81171762957675
5666763.624397267,0.20002627431387712,5.057977476194499,-338.37003448025246,20.637290626989728,173.2105568023283
5668333.076819064,0.19986896901652126,5.063035039083747,21.604572068666922,20.657571158932512,-177.46633009834093
5669722.8002200555,0.19974199954249877,5.067141159686038,21.559173585325183,20.683111681375607,-168.0940276642532
5669722.0439863745,0.19976690775195408,5.070860479070357,21.510798537282106,20.716188957374737,-158.5669367766253
5669827.600158118,0.19981306725754455,5.074167542957019,21.448577229325103,20.757382547256807,-148.74246179397971
5670288.635429556,0.199876132385068,5.076693115976537,21.37417072808196,20.802569876371265,-138.47199107227365
5670895.078653149,0.1999639098813076,5.0780053447490605,21.3091333449392,20.839607213959038,-127.59939063607466
5671929.353923481,0.20006050869101097,5.078776137817131,21.232139294007407,20.885940476190775,-115.93046280332533
5673391.707163645,0.200196154532269,5.078681053768698,21.156788667568367,20.929324028100332,-103.24943850558985
5675241.8993228935,0.2003631884964888,5.0779298026403366,21.09560349542409,20.961875974861567,-89.32283077015008
5677794.826242862,0.20059903888854563,5.076528296209307,21.043822269451855,20.990187046097283,-73.91730181277657
5681157.089465138,0.20090247144201723,5.076330151268816,21.029963944796815,20.992350220611083,-56.86465864042884
5684548.437994245,0.20122662089547835,5.074826320760148,21.04285165040741,21.000756429564433,-38.17405514959693
5687549.374367723,0.2015131591963372,5.072899714402658,21.102127708460987,21.003282109187317,-18.131401406127477
5689110.922749365,0.20164453394234247,5.069389995936836,21.199717119038958,20.993565725423586,2.6446904696951874
5691183.195046173,0.20175185147949878,5.067562518483446,21.27269201950167,20.979226063100022,23.33558230199343
5692998.210450357,0.20180022687107446,5.067068936182257,21.338382947193086,20.97125138025972,43.07639757402904
5693108.509833882,0.20164177965044977,5.066046946116074,21.44336951327677,20.931613034009743,61.3107265259498
5693510.580509581,0.2014819779984788,5.0661475907101705,21.546964711580372,20.877269716580624,77.86760488372093
5693982.226195537,0.20130891981118526,5.066928518241198,21.61224457326138,20.84823845030907,92.80921313287662
5695780.249229778,0.20127066660642703,5.067664433542866,21.670172773296446,20.834429272990253,106.31262299496233
5697584.899379928,0.20121494320469704,5.067675077261977,21.712937367685413,20.83422657876736,118.62650402339779
5699372.560276387,0.20113962246609018,5.067077869845028,21.748699995228503,20.838713636845657,129.98509093005214
5701109.468466563,0.20104261380586677,5.066308717217411,21.781138283393442,20.84235260736726,140.60004114217676
5702669.882668918,0.20094036300323018,5.0648096970210945,21.80718604799206,20.8460978723293,150.65635288782218
5703982.134106496,0.2008411136731384,5.0673151286982305,-338.1692596712979,20.84476374923379,160.3145025994867
5705400.843192838,0.20070099875513672,5.071885876160412,-338.16837929922536,20.850983829383956,169.72333119223524
5706940.084778599,0.20054686737260521,5.075546900905763,-338.18042061819443,20.862993938002724,179.00415233676395
5708065.40691519,0.2004391843282262,5.078819664406878,21.78912781219937,20.880571715107894,-171.714473052835
5707772.809413146,0.2004898338193113,5.0821488773178345,21.74679768137275,20.90661293413357,-162.32015773636314
5707879.876325779,0.20053361054010632,5.085448385021674,21.686316205286115,20.942770240340415,-152.6811529056194
5708257.1237977445,0.20058964088530895,5.08817077946089,21.615628349253015,20.984876864750838,-142.66273571977746
5709355.884981886,0.20062613784306838,5.090179114547162,21.530730866682763,21.031473625058478,-132.1039986650758
5710357.505339153,0.20071980587358842,5.091191511984332,21.455259600819012,21.073704651349598,-120.8419714455208
5711552.525053583,0.20084910257103747,5.091428986098006,21.38193380101888,21.11734135349789,-108.67114990842698
5713103.922585351,0.20099889693340278,5.090946751063259,21.320876739412988,21.151186357388774,-95.3615492058482
5715370.177534796,0.20120315702651806,5.089869149733963,21.26536234021731,21.17973156807513,-80.67157528753484
5718035.9375741575,0.20146228094004212,5.088518570546553,21.234380268797842,21.19885023892996,-64.40706469180078
5720767.72632625,0.20175232105249924,5.0874835986636375,21.24358930173936,21.206742985738977,-46.48506653290587
5723956.649958083,0.20205237615242355,5.085855697533454,21.277568079279423,21.211705033979417,-27.034956417710877
5726333.311489299,0.2022669736487935,5.0830617444884325,21.358728613171184,21.209006777364582,-6.550383645436605
5726806.235203857,0.2022839974566176,5.07881183513055,21.471036117302088,21.18610472436958,14.206664824157471
5728563.328604434,0.20233969939407273,5.078778494285608,21.535598734588053,21.185546182621547,34.387924745240205
5729215.537022298,0.20225713127452766,5.077710312186516,21.62801365456918,21.15895210264477,53.2748323535919
5729478.240520382,0.20209006127579981,5.077355341175937,21.721665878942066,21.12280515707493,70.53235686084302
5729660.0035548415,0.20191712936168596,5.078013672173375,21.79953998227807,21.081342364091824,86.13768796237426
5731280.253904002,0.20185901688015542,5.078615642955815,21.857677700359567,21.0666861045833,100.21347723441647
5732993.870334417,0.2017957132069666,5.079205442456337,21.907626815222145,21.058250044818582,112.99546685945283
5734787.851408314,0.20173054931300888,5.079898562292081,21.95516467187609,21.051830063386422,124.7198683760429
5736393.350118317,0.2016546788561955,5.0796369350515995,21.98860803935216,21.05334752446881,135.6123515860422
5738133.921512993,0.20155041390734266,5.077823966915998,22.017072716104053,21.05965685517983,145.86044969784805
5739673.113071637,0.2014412939448361,5.077302028463016,22.043800544351722,21.060378468275132,155.6393789287176
5741316.778816901,0.20129998328385312,5.080364657493991,-337.93670821049085,21.06184428750986,165.09580316930476
5742775.624128249,0.20115544774090002,5.085758237523237,-337.94491630045593,21.074557863888746,174.37237846028847
5744138.207748044,0.20102050337174104,5.090048055661088,22.0354795004607,21.093134225503093,-176.4182254934179
5744453.210364483,0.20100538018279168,5.093958499711909,21.988221416520908,21.11877974214448,-167.14100108734561
5743968.782271385,0.2010899325585747,5.097958827612512,21.932633816262403,21.155900594083555,-157.6976557957427
5743653.789365014,0.20119223602934536,5.100895247458021,21.873224478344117,21.19392007798877,-147.9519984047297
5744020.171423202,0.20126029917208071,5.103357937699429,21.801266219458334,21.23981498863048,-137.75803136592694
5745076.837034546,0.20132942025842177,5.104683885464748,21.724734242074526,21.279234530444075,-126.94566143493763
5746138.731666099,0.2014429968822253,5.105382054731168,21.64718370839531,21.32558027049586,-115.3437313412439
5747582.484466828,0.2015690820954993,5.105267165450857,21.585264294923377,21.35673359314595,-102.73234950089925
5749728.960963318,0.20175507216359567,5.104450123054689,21.519421685193635,21.38979177526319,-88.87392939973682
5752445.532125307,0.20199451356419953,5.103853828806341,21.482080061162957,21.401385887037947,-73.54614695104101
5755511.309077257,0.20228786866152781,5.1031405763976405,21.46959943206521,21.409026527280176,-56.592020124183115
5758843.0444990285,0.20260619145721884,5.1026562446129855,21.48924432983765,21.41154635237068,-38.00852159167468
5761631.159702098,0.2028756349711144,5.1011554234035685,21.548966121281545,21.413294927406366,-18.085191829525193
5762855.949090626,0.20298485209661501,5.097452005375178,21.649145965664474,21.402795215377246,2.5627001415819697
5764967.175603425,0.20309599787876387,5.096998157417172,21.70756634371346,21.399044374573972,23.13534367812054
5766864.946096297,0.20314808022009997,5.095993167702983,21.78232889535857,21.382880344350184,42.76632896824711
5767753.839551365,0.20304565187613616,5.095169534540287,21.883779677180783,21.35098130281075,60.90432377643108
5768512.413179986,0.20289975919136105,5.095244166970692,21.980897544150267,21.30953710554578,77.37718042106378
5769916.683704179,0.20280798071713763,5.0960854773946895,22.058913691293895,21.278297426608024,92.24045608063261
5771742.697279556,0.2027704984306623,5.096615594727974,22.113193881501736,21.268310578782245,105.68081946108518
5773546.660860095,0.2027124609408195,5.0961500605597765,22.14998303352641,21.27364650643153,117.93335065181643
5775349.414330374,0.20263909949024814,5.095932567385946,22.188612323101125,21.27525909195332,129.22845030230414
5777057.690595891,0.20254583157023717,5.094608296652112,22.2175359092877,21.281621593994494,139.77681893505888
5778720.408865482,0.2024392316215287,5.093629400433838,22.246697062673324,21.28413139411865,149.75804990751487
5780253.013264043,0.20232222641946776,5.0935436046129166,-337.7285509398111,21.28416653395584,159.33279411770462
5781873.876418987,0.20217433658165315,5.09732035876598,-337.7174466393543,21.288838794168772,168.64240020110455
5783458.718891805,0.20201619768993004,5.101312859637149,-337.72926918256235,21.30129707133427,177.81982424824187
5784656.964157276,0.20190104287988495,5.105241104199339,22.235863590758385,21.321549146720773,-173.01488385699815
5784327.230268478,0.2019555791230641,5.109644168581732,22.18415884309502,21.354650075679565,-163.7547161349929
5784207.986647682,0.20202620810294278,5.113294540746886,22.119140142598244,21.392973525504914,-154.27298890480725
5784500.072451532,0.20208776234815057,5.1159416075340856,22.05179462406391,21.431885323803655,-144.44309551486464
5784501.306519916,0.20219690845897734,5.117982840728641,21.988662698089765,21.476108370693904,-134.12793137081644
5785565.819319883,0.2022789324346765,5.118970790557805,21.916842908881097,21.512759118365267,-123.1320981257643
5786604.876496371,0.20240336467434458,5.1193097450290255,21.849875397166553,21.55228174809831,-111.28424031607217
5788139.304286573,0.20254271844869698,5.118864011934266,21.779111497628506,21.594168051595762,-98.35434338847442
5790405.944632651,0.20272988957429022,5.1178673297028805,21.717825460492115,21.6243789263017,-84.10535666015929
5793247.288589301,0.20298873591210662,5.1171164165874234,21.68630251644935,21.636275505860684,-68.33179964863425
5796306.163385939,0.20328756999226938,5.115838728295082,21.679903367736838,21.647456280659025,-50.914414279756684
5799387.084094066,0.20359146651664756,5.114932540200661,21.71296869847815,21.650982840935868,-31.927792062262107
5801982.245879523,0.2038314457106564,5.112730982262123,21.782376869687194,21.650839749758852,-11.756033055500085
5802322.515414545,0.20385909696127483,5.10880330389457,21.89178133819147,21.634185291297815,8.89215003283453
5804328.216714814,0.2039450793952962,5.1088910148237705,21.952365009144007,21.634848901212756,29.191840376835295
5805663.5731867235,0.20391269463471587,5.107794519264313,22.049884333379314,21.612639557284282,48.34147186230364
5805898.379575176,0.20376364597925015,5.107043441974018,22.15243224210439,21.56767296961477,65.93862961677766
5805803.109492796,0.20358487471957057,5.107388793722261,22.22377925589071,21.531749145821117,81.881790409624
5807310.414421743,0.20351554650140408,5.107994751582302,22.284741692387843,21.51424870023896,96.25255008377034
5809177.605567606,0.20347804506161513,5.108629630349933,22.339127414502183,21.504036979162603,109.27001888589946
5811039.385458434,0.20342071289546493,5.10839787748913,22.3795441232219,21.5063385075005,121.17216158386309
5812873.800940756,0.20334254914614186,5.107852377645762,22.416177351076016,21.509952670612613,132.18335611966288
5814604.0943074655,0.20324802087007146,5.106537953940978,22.446235510130695,21.515342145719995,142.50422550536075
5816352.548437286,0.20313058322848143,5.105405282026213,22.475954203019267,21.51758339036475,152.30573495309713
5817984.64648013,0.20300255538360612,5.107411869711166,-337.4986191260764,21.517389782335393,161.741364222433
5819594.628149137,0.20284640800246628,5.112141732027997,-337.4983142018488,21.52566451310832,170.95479010110182
5820959.8990587,0.20270946323035105,5.1160447932352096,22.483363030449627,21.539885481238006,-179.93506680225428
5820477.635714499,0.20276516255699883,5.119811286946641,22.44354515689862,21.56146173631946,-170.8096533885589
5820134.257487604,0.20283632822636152,5.123421249091743,22.38759505117552,21.59105112454208,-161.55765979663173
5820099.543447027,0.202907323835492,5.126664349444839,22.323167533323463,21.62798118057372,-152.06261447566928
5820047.632326955,0.20299284840952803,5.129469310835826,22.258459709180112,21.672939276096947,-142.19898340241355
5820438.642724548,0.2030964924982061,5.13133286065356,22.18649864203019,21.717875926998445,-131.80069457210072
5821344.849725852,0.20318762686348396,5.1324043465009765,22.10966199464897,21.76510007246037,-120.69897677762553
5822612.5294490345,0.20332028591568338,5.132593157113862,22.035863032422135,21.808371150335898,-108.69612364056725
5823971.840382086,0.20347814119644522,5.132017491774854,21.97646419503092,21.84615270708993,-95.57791974520214
5826536.235552786,0.20369288140795558,5.1312465930327225,21.92480641533466,21.866093118697467,-81.0899266173104
5828947.694276858,0.2039427536450743,5.1304401528745744,21.906702794541054,21.877357814325777,-65.05871573575673
5832017.112237286,0.20424332770625483,5.129277005518115,21.908225900661638,21.886210356745096,-47.373327836903336
5835330.840144424,0.20455322188677807,5.128030807861328,21.94307693389388,21.890029761628536,-28.16382952895159
5837697.939012084,0.20476800415135946,5.125169849354336,22.02071303165627,21.887618944822673,-7.887309382144344
5837630.161024058,0.20475503267879247,5.121490451832855,22.126361474709178,21.868601623498108,12.716113912272235
5839701.556854533,0.20484131141621903,5.121090225765688,22.18722175040622,21.863962376694897,32.81217943119838
5841491.35699247,0.20486222321781178,5.120139269047678,22.26900228634194,21.841482413909034,51.664018305742275
5841849.465730151,0.20470495889541726,5.119710096666796,22.36573470569703,21.803905691860788,68.90673173003785
5842167.745342489,0.20454404334742016,5.120175222413676,22.437096062386818,21.771573767581014,84.50426140264442
5843777.309591578,0.204478256942337,5.120765094877018,22.495947195335145,21.756666892431685,98.56903549956446
5845618.494266011,0.20443800983471516,5.121338261491558,22.547418706003477,21.748235763739494,111.32650767063002
5847318.6778154895,0.204383522807757,5.121445444313289,22.5869949177508,21.747164701577635,123.01466096083632
5848998.830806192,0.20431125425750035,5.1206118712179345,22.618367428782943,21.75227606402957,133.84930737956364
5850451.077610359,0.20423239910682228,5.119645987964647,22.644445983943427,21.755841368461535,144.02771391269542
5852192.861481801,0.20411439535147485,5.118091924636725,22.67332554405162,21.758400147977717,153.7083181880037
5853873.245863579,0.20397597197876507,5.119631610737811,-337.303919197526,21.75871476919943,163.04725296263075
5855404.899412079,0.2038213799147988,5.123738142437625,-337.3098892612861,21.767085077362186,172.18717251193968
5855969.0695169605,0.2037603406902366,5.127139039463854,22.65915444722006,21.780474824461734,-178.7524408109355
5855450.694091512,0.2038241359056593,5.131898298761585,22.60786001295728,21.8092565329433,-169.67110520941412
5855008.456320846,0.20390608203967908,5.136086488041864,22.547895832351383,21.845139079774235,-160.4556966032008
5855036.778586084,0.2039759395611497,5.13958427295929,22.478280230424566,21.886642583197208,-150.9806958413095
5855349.749737658,0.20404977551452994,5.142178230159681,22.40666199997388,21.930074518757245,-141.1153661783086
5855999.768940711,0.20412598802568444,5.143807355288951,22.336129030131946,21.971579019448587,-130.7070632188518
5856877.38088269,0.20422360717935922,5.144718022934846,22.263856997353333,22.015636518885334,-119.58298912445979
5857975.054413918,0.20434666335515475,5.144805819827566,22.201313888277838,22.052843645695937,-107.54471637339881
5859936.729913959,0.2045144216025722,5.144228678414998,22.134990803877738,22.085931752831403,-94.35652297893135
5862017.47455827,0.20472399762543358,5.143477301070947,22.09720855192709,22.104075218355025,-79.80562576406133
5864971.128525302,0.2049962053762414,5.142713311735491,22.07333699805655,22.11416316519722,-63.68126433176304
5868078.834207289,0.2052943240426263,5.141633725870552,22.076506970963212,22.121867525909355,-45.91154187594529
5870782.235637443,0.20556967569969983,5.140514027787638,22.122155672647764,22.124877862418373,-26.65062740665602
5872888.53379501,0.2057594785130007,5.137214766914571,22.19898572485849,22.121035178432038,-6.35945592818234
5872162.490454467,0.20569858195174986,5.132968650127488,22.30875546447384,22.09745503772518,14.191892138164508
5874092.066516183,0.20576839364133387,5.132501215835495,22.37386325183942,22.091762049281325,34.17272663632797
5875551.546245346,0.20573010046285217,5.131131311797424,22.482423234664353,22.057178447795735,52.86155186478023
5875300.40439735,0.20557093632375575,5.130760374254314,22.56278757539319,22.017527762250488,69.96411820120365
5875613.924581518,0.2054095644561882,5.131375792051531,22.638333153627944,21.97985248582616,85.41161232898158
5877301.91222802,0.2053819418176453,5.131646637884696,22.685996215602877,21.97323877067736,99.34397025243122
5879163.7113236245,0.20534088953496368,5.132268284523679,22.737942651817434,21.96441391507813,111.983592860339
5880959.64568308,0.20528099233327884,5.132372676913553,22.779232420953434,21.963401247746575,123.56852541629564
5882554.18552139,0.20521200222516134,5.130603769598019,22.80303138160881,21.973957860953412,134.31768855371604
5884230.7360083945,0.20511882364025977,5.129532417772311,22.83283116785945,21.977767186069098,144.4156921855531
5885957.4080888,0.204996927180686,5.128433543227894,22.860717971525503,21.979449659569056,154.03050245894516
5887391.896397574,0.20488330584446485,5.128779748918654,-337.11783028696817,21.979541201306148,163.3098475567044
5888970.835420409,0.20472674823293457,5.132524431770107,-337.1213672012817,21.98747806597484,172.3913903961709
5889801.259203576,0.20464071511515863,5.137417167347081,22.84419607787273,22.007102733299664,-178.6040267167053
5889028.91622364,0.20472919128440228,5.14152169851374,22.797878081323717,22.032196865994838,-169.5752776703752
5888596.482096508,0.20479519149434242,5.145692933699065,22.748080451433353,22.068205651018282,-160.42106905229886
5888559.8643303085,0.20485201631327926,5.14885380244199,22.690365461758226,22.105919449582593,-151.00610211972884
5888447.920655955,0.2049420916561602,5.151509858310161,22.628196199339847,22.15058252348819,-141.20600594729046
5889097.391583789,0.20502048752340102,5.152952965906686,22.562098500614674,22.18746111577529,-130.85637202082853
5889955.958765918,0.20513163927076047,5.15382132862253,22.491417170494085,22.229549864349664,-119.79666595645953
5891044.7385257855,0.2052490517310165,5.153929137040635,22.421313833849894,22.274636848562356,-107.83103752143707
5892696.493033355,0.20541607651960284,5.153249425990828,22.355742882759177,22.313918054191063,-94.73136185236065
5894755.957788328,0.20561900851570442,5.1528298517875655,22.32539417200552,22.324153557146815,-80.27151688963566
5897627.509224698,0.20588139668166563,5.152124144743605,22.301953648056017,22.333554326210564,-64.24658729159201
5900816.760719707,0.2061812192413895,5.151514607286539,22.306091162589325,22.33791864201598,-46.57649062813563
5903886.022858029,0.20647359694314885,5.150115872705286,22.343800367983903,22.34185939800597,-27.40129268866108
5905714.244153315,0.20665185285121632,5.14715626475935,22.425924563022647,22.33872896055516,-7.184962338540632
5905004.202818345,0.2065956672197735,5.143673979427827,22.52722093382558,22.319910205994788,13.336067839680563
5906998.886531392,0.20667359297254315,5.142780315453068,22.594618852484878,22.30942280902657,33.31993314151707
5907418.038306644,0.20657144455205298,5.141324260637921,22.69767927532906,22.273771159696803,52.03941138754034
5908200.58480693,0.20644221240495284,5.140873142980665,22.803434110978635,22.22985421636713,69.15516070420058
5908577.602020277,0.20627694258066345,5.141514470765786,22.885657147037428,22.188504620814903,84.63382299343748
5910419.813776877,0.20624793846151135,5.142159360569285,22.946042512398247,22.172678146106065,98.590314067689
5911993.212094378,0.20620107930607542,5.142679710811972,22.99039753751481,22.16515972474408,111.25474938488057
5913732.410091883,0.20614752692709376,5.142025302040622,23.02330512079872,22.171188955306757,122.84978969843456
5915554.418150529,0.20606351531020653,5.14130191734547,23.057443728920827,22.175560214162783,133.59408579779304
5917296.109880453,0.20596748623128588,5.14082938758075,23.09046737962292,22.177269741232614,143.68127783120792
5919043.922595277,0.20584606655118554,5.139786103128897,23.118915398232847,22.178962460191944,153.2770418362297
5920724.295885382,0.2057041574183498,5.140198262925814,-336.86018967146305,22.179032812513253,162.52975279966972
5922283.227674874,0.20554771692502427,5.1436721953297555,-336.8640816816377,22.186001433616024,171.57635231462046
5921721.332839012,0.20559362111405863,5.148900281060844,23.090879208880082,22.20626241722134,-179.45554639523635
5921322.590782739,0.20564347448182146,5.153706745323705,23.04049718382835,22.234817698989573,-170.48376122809196
5920893.459747355,0.2057141261803478,5.157956112985195,22.986192009186386,22.270500815235867,-161.39462720114983
5920812.722133128,0.20578060285749494,5.161529332560245,22.921978087508542,22.311894396728384,-152.06130485908557
5920671.941490596,0.20587479804574915,5.164328579086103,22.858066800282558,22.35733327481583,-142.36207543677608
5921099.992632452,0.20596304436355561,5.166283497723006,22.785197940036152,22.404922094226833,-132.13908966588463
5922093.694226215,0.2060485355642212,5.1673459358591485,22.70721854429138,22.452019988448843,-121.22488636028353
5923052.1821552925,0.20618483190760448,5.167508981192363,22.6473271779582,22.488738828169062,-109.43853476243453
5924536.198284311,0.20633777902942943,5.167039428151346,22.59139034507317,22.52016452223714,-96.55141924410127
5926510.608021516,0.20652799487576096,5.166230331002383,22.548986266182283,22.54144037964929,-82.33504859387159
5929410.546689212,0.2067793462486682,5.166001720778823,22.526701766313654,22.544693334896678,-66.57601792709542
5932650.875821138,0.20707952826776313,5.1651843451912285,22.524357641063467,22.551103990683064,-49.1768122781244
5935647.240468252,0.20736691315849176,5.163995541037662,22.556879223268705,22.55506978661708,-30.235741168887223
5938017.067628009,0.20758619605243386,5.162060607984095,22.630258203562338,22.55397866048913,-10.164277972811682
5938586.72007204,0.20762243103194125,5.158132480991594,22.735342633179556,22.535397568303022,10.326703568106632
5940553.623239312,0.20770484367784411,5.157813495642343,22.794718325929814,22.531878907813713,30.40883233698429
5941487.631239302,0.20765241016434563,5.156197458909435,22.89619124644901,22.49675840030745,49.30937103348307
5941814.136184361,0.2075088852311611,5.155629195388466,22.992906349237014,22.456703020572768,66.64190759499432
5942496.912987519,0.20735222172528237,5.156072762604716,23.07909147522284,22.419625769843844,82.31704228547609
5943792.2527367305,0.20725415356983065,5.156988914231459,23.144723041314588,22.39502663731951,96.45460904345111
5945682.541879179,0.20721985158211598,5.157685029602224,23.198701011742568,22.384332720725332,109.25622682027962
5947569.502879154,0.20716652527981055,5.157373239689017,23.237838696875873,22.3873454390593,120.95774325484324
5949427.050389782,0.20709152914623805,5.156351956065544,23.27114886282491,22.39394073340913,131.77904149972014
5951225.480077619,0.20699176288779184,5.154740748394902,23.300188251155152,22.400366645027976,141.9158543377348
5952827.033787264,0.20688663964802106,5.153308521624323,23.326209731791764,22.403130988804975,151.53808129015772
5954468.897285959,0.20676367579566193,5.153403957837934,-336.6474096793027,22.403107057784837,160.78726986424562
5956080.6629913375,0.20660368006305288,5.156032779137,-336.6464608233506,22.407558170280474,169.81130879528934
5955532.161242425,0.20664500847125172,5.160110506179444,-336.6839317765724,22.421948323659766,178.73556349844768
5955071.1475005075,0.20669776454582534,5.164697195067359,23.265994975074392,22.44732393956038,-172.354641799391
5954654.946102995,0.20676445110961267,5.168783441314997,23.213732516785104,22.47951497142077,-163.3534347535951
5954310.802233743,0.2068440460074647,5.172319285347985,23.157179252280223,22.517920974487392,-154.14163749044414
5954384.57959725,0.206914213679202,5.175125063230301,23.0930579667347,22.560264582088145,-144.5875471259949
5954486.2515803855,0.207022004073721,5.176964677080481,23.031259337084443,22.60097742307259,-134.55430922385057
5955114.123508275,0.20711436777129366,5.178117919414098,22.963603529901473,22.644565140891842,-123.87641741138883
5956349.19139971,0.20723496617210718,5.178458140728864,22.892150434947588,22.684822684389427,-112.36271368720644
5957938.0386525355,0.20738788502527433,5.178123762401767,22.831039715316052,22.71696224752211,-99.80937948158216
5960131.921561308,0.2075769818966617,5.177205900980963,22.77395581953248,22.745395184308986,-85.98303714255748
5962737.9682885725,0.20782014679678698,5.177208756924151,22.756990147149192,22.74535563664044,-70.67279375306005
5965913.621847177,0.20810670086222552,5.176832177374371,22.750140754937366,22.74875242882518,-53.72876891642416
5968827.098347247,0.20839711078858156,5.1752330393024515,22.775504702327183,22.755729624792203,-35.19679001325308
5971088.455148876,0.2086202942517544,5.1730816076484585,22.83924802226836,22.756597681145838,-15.39229815101407
5971702.073105795,0.20867833269276656,5.168975954096582,22.94074178116229,22.741824559345787,5.0364311770497
5973975.25500064,0.20879333912618261,5.168176415064297,22.99957074246943,22.73464070408936,25.28373658434524
5975965.367840873,0.20884989773892668,5.167089235544959,23.073185369346596,22.715186620787623,44.51935368387194
5976588.254886692,0.2087344934714338,5.166409494744138,23.166993006420487,22.683478845041872,62.240386106761385
5976664.091134876,0.20857096480479367,5.1666444764008475,23.24883207516581,22.641737419668036,78.31547794996051
5977452.090818642,0.2084480455460293,5.167567375686763,23.314125393681106,22.611776349805552,92.80542104666209
5979333.12576667,0.20841502294883693,5.168614529517869,23.375506635159503,22.593653825148515,105.89433517809044
5981226.490313591,0.20836687210151097,5.168744713077917,23.419257187624517,22.592158590881034,117.82267837092115
5983053.736843053,0.20830076053170088,5.1678342259031504,23.452226402625847,22.598714578377294,128.81586599617646
5984696.336263714,0.20822359204752217,5.166406926746151,23.47964046220013,22.605252555220687,139.0766154066605
5986203.164808586,0.2081362035420161,5.164760859278948,23.5047358027229,22.609291794104536,148.77765517220638
5987938.258318415,0.2080117992395851,5.16356881263019,-336.4670907294327,22.609973791833582,158.06483539519624
5989480.502025109,0.2078747881080654,5.164382527580282,-336.45253161823535,22.610933169016043,167.08354036178818
5989284.076442944,0.2078766053126485,5.167984080366572,-336.48463572252155,22.621693868977623,175.97661396660607
5988693.43403128,0.2079350969353714,5.171758270126301,23.473766641870636,22.6402355750499,-175.17900682157492
5987761.817656921,0.20804567851370112,5.175678483837114,23.426901328345913,22.668137855538877,-166.27885906084757
5986896.588200826,0.2081672328755351,5.179643702760066,23.37311769075613,22.7071672188076,-157.2099106051675
5986892.807554876,0.20824706983205454,5.182454595787736,23.309941949599022,22.74527267841768,-147.83636534502463
5987134.354213813,0.20831136270974857,5.184886263956492,23.24283322447567,22.792375494632896,-138.0389392187871
5987723.635986425,0.20840937090117923,5.186432650120178,23.168774198837614,22.840032629175166,-127.65308336681721
5988382.56437172,0.20852250727933147,5.18706912752782,23.104304128270595,22.88404789872246,-116.5142698474139
5989574.858408155,0.20866252350974304,5.186948448006283,23.049011663481544,22.915538367742545,-104.40969763966626
5991607.809473278,0.20883881011688887,5.186334883612424,22.993797360695087,22.9408039734297,-91.10983368761424
5994114.4505787175,0.20906339310252747,5.185839861961178,22.961323400830523,22.950702726748663,-76.39716544701572
5997057.175968623,0.20933717653570474,5.18506153120976,22.945245336355367,22.959437419959684,-60.0914336865967
6000317.971025152,0.2096388411984746,5.183500326396319,22.950745767585303,22.96866387402291,-42.14356678490071
6003192.162457205,0.20991362582462067,5.181374656893992,22.99860412752778,22.97246964728582,-22.76678323717859
6004699.969790354,0.21005182901715824,5.177917137065912,23.082919697079614,22.965233390837863,-2.4890308463159
6003157.223834863,0.20993020454630368,5.174922296215312,23.174584984034965,22.945154713458674,17.901933560039385
6005133.3546457775,0.20999997735414108,5.173862657424035,23.242547204152554,22.930475661858004,37.56532018595022
6005578.430046059,0.20989037601284105,5.172754569682351,23.34066544348537,22.89643208415532,55.85088974118237
6005813.241772871,0.20974495586849765,5.1726129335146975,23.425446170121344,22.858085143106535,72.50902692724327
6006455.308034694,0.2096185358207763,5.173081705218962,23.483972404375972,22.836351368058274,87.53689293646538
6008410.238631764,0.20959769230226005,5.173750676732749,23.542621007374656,22.82224110943648,101.08248608697821
6010332.946176324,0.20955329126433966,5.1743238452607905,23.593100421628897,22.814831353423024,113.38057895320553
6012196.325881489,0.20948671740846303,5.175020578078847,23.639316645514434,22.808907621537436,124.6619256606429
6013981.124410048,0.20941044991238933,5.173961304696899,23.670850598200513,22.814694601112855,135.13610547630435
6015813.576650776,0.20930927448855535,5.172776344083516,23.702729209863204,22.818486348488012,144.9845337327596
6017578.078369189,0.2091863589191736,5.172665813481582,23.732167379397776,22.8186103765479,154.36958553567845
6019173.8111798465,0.20905181816247975,5.173214246433492,-336.24882056378294,22.818880950108085,163.43315026786578
6019164.1177041475,0.20902990044840972,5.176661359518088,-336.2754804626014,22.82673872329509,172.32569742630136
6018491.823588921,0.20908871060554132,5.1799556839618965,23.689495517796303,22.840327967983256,-178.87494121179472
6017987.901509689,0.20915094431751452,5.183046014988304,23.64700506297269,22.859432882196078,-170.0599429487738
6017552.85911506,0.20922662044701135,5.186927118700686,23.592719203162304,22.892976906136198,-161.12347317511444
6017155.504786719,0.20932000057834255,5.190489006124663,23.532266681118116,22.935174872291732,-151.94941261491743
6016950.89918929,0.20941235519590334,5.192905444651712,23.476943260666722,22.975140699971,-142.4113825834395
6017264.646628598,0.20950916853593288,5.194759313535392,23.408264499760584,23.021056436378554,-132.3558509748103
6017755.461989798,0.2096116017484833,5.195825414356252,23.340804040292817,23.069202322467003,-121.62879080668985
6019099.912214456,0.2097350918144751,5.195967910330292,23.27613077582379,23.102731805610574,-110.02414987890734
6021087.865438888,0.20988967951086343,5.195420547211697,23.20472508095845,23.139372414183484,-97.33304716697063
6023280.89927225,0.21007948458572698,5.195154642798397,23.171992016319283,23.146457952182264,-83.33570743081695
6026195.34540898,0.21032562946547598,5.1943343541022164,23.14009391189304,23.158310648063214,-67.81205153238567
6029397.113777285,0.210619703278664,5.193049292225075,23.13260066047781,23.168663443106745,-50.6478659706903
6032356.215761419,0.2108981835443336,5.191330675323163,23.157935471932063,23.174793425904237,-31.9133299918562
6034904.3731100205,0.21112864408878115,5.189615378537677,23.224479457464223,23.174201631091247,-11.99113974804106
6035188.53975464,0.21115288767734544,5.185468354931359,23.3262371090743,23.155919272881064,8.425924518926983
6037260.00746882,0.21124722665392512,5.18475383668452,23.385159166081237,23.148644632054257,28.512208921630023
6039117.662169298,0.21129226750664062,5.183841738092844,23.45474770407969,23.12995113062878,47.479451345502376
6039667.119244391,0.21116888287934357,5.183268294100803,23.54827948922235,23.094703279920584,64.87927509640396
6040189.965210831,0.2110168310342295,5.183655219325034,23.63194778831457,23.056641764786594,80.61928585922126
6040728.178246798,0.21087271005408273,5.184765922543848,23.693981726651753,23.025323105122116,94.80781360997065
6042600.090664053,0.21083473312581227,5.185242216908092,23.743980431230213,23.017715494370893,107.62606528130566
6044161.462623531,0.21079421893622904,5.185323599866848,23.779045481572705,23.016824535717358,119.32625941308223
6045963.021838006,0.21072770200562235,5.185010716127717,23.815166130003252,23.018897111984046,130.11629145165375
6047493.5556334015,0.2106519604220209,5.183696699086467,23.840277703494415,23.024433800938834,140.20272838144885
6049148.18919876,0.21055361938977635,5.182209518468787,23.86809287360031,23.0276483051212,149.74621062563182
6050843.87597871,0.21042832542817494,5.182087555425625,-336.1053975684672,23.027674570765946,158.89759321343573
6050749.714972734,0.210406232157206,5.185151115222159,-336.1281870930079,23.031987925275878,167.82557311065702
6049813.67891412,0.21047693643768442,5.189625408575539,-336.17078012365823,23.04624175738956,176.61116884590618
6048993.578179719,0.21055842963609656,5.1930432080038615,23.7941244775702,23.063673106779163,-174.6563078539517
6048544.501189664,0.21062530193664838,5.196848814146688,23.743986000415084,23.091477266706782,-165.8531750460588
6047936.322446259,0.2107232560727789,5.200740715816399,23.688748680075555,23.130571126291944,-156.87900183817013
6047782.782429729,0.21079957935138513,5.203710882020858,23.63035461705662,23.171539835801866,-147.607023417549
6047779.372840133,0.21090614656441678,5.206114139962685,23.56278306471323,23.21886326058537,-137.90297720060272
6047969.182933483,0.21102105388368242,5.207392681195313,23.50516762808067,23.25900415946258,-127.62102229742918
6048897.386917932,0.21113561567846348,5.208056905212688,23.431561975228377,23.306459776417825,-116.57403476651953
6050207.456747023,0.21125846389975986,5.207880601501137,23.363648989989496,23.348366478470407,-104.56824009599156
6052050.495433088,0.2114258345411985,5.207275070061787,23.31307862978668,23.373022686496185,-91.37739102534675
6054829.00385013,0.21165311724784416,5.2071953581839265,23.28381286589133,23.374635711498204,-76.7674213456396
6057679.254087787,0.21192169052504836,5.205843182135895,23.262796456466926,23.389821930593655,-60.569710578372145
6060885.453628546,0.21221955455420427,5.20425887471915,23.26848908174318,23.39922641893552,-42.71987059612017
6063912.753218718,0.21250101557966491,5.202809136337862,23.31416454095678,23.40183511392916,-23.417513789814766
6065726.211824099,0.21266089980725408,5.199912952308223,23.39758171746485,23.395969806512518,-3.18841800387641
6064300.681925248,0.21254790571804433,5.196010522672053,23.500263925382,23.370381816281977,17.18021775029356
6066273.4610993415,0.21261942706499412,5.194964811252989,23.565907899641655,23.356162551029858,36.85126316837754
6066808.612217788,0.2125237991979616,5.193884481373194,23.65977462511994,23.32382061920274,55.15360313838996
6067375.625079658,0.21238904520018623,5.193685572608472,23.759119150546773,23.277169240958425,71.81614776919648
6067524.74431002,0.21223899043467198,5.194453994018574,23.825243809584688,23.240961123483192,86.85130750657403
6069469.230710149,0.21221962645819337,5.195445979581212,23.88986412061685,23.21989653926421,100.38586819094074
6071401.620875768,0.21218096513139514,5.196282900143536,23.943196603438615,23.209026220831912,112.66029439574814
6073322.831533071,0.2121244016414549,5.19664533082869,23.987569993977957,23.205891724938564,123.9050063719478
6075182.062520688,0.21204870378069413,5.196351310958671,24.024480455545593,23.2074989878663,134.33165685666887
6076963.134860756,0.21195538729742283,5.1944153113137395,24.052917608728638,23.21387676732903,144.12448568116469
6078641.481034169,0.2118439448825975,5.193887088104439,24.08111643313576,23.214587001095207,153.44358318393085
6080372.926734902,0.21171250281718548,5.192998562602897,-335.89214067390014,23.214220256613117,162.42290523884935
6080147.619654583,0.21170338714833484,5.196836792456447,-335.9240535239665,23.222402125980075,171.23173677839395
6079304.980473433,0.2117739867274145,5.200929417528378,-335.9667534016494,23.23851319856451,179.9346777946323
6078417.121907225,0.21186861375306434,5.204683585386953,23.992498798099575,23.26078089179457,-171.37173490997415
6077779.361667296,0.21195473913107468,5.209039672633071,23.94090677186852,23.296901827327293,-162.57466321745284
6077367.424587652,0.21203694432010417,5.2124302476870055,23.88789622414116,23.33529030801396,-153.55937900781825
6077251.7784860935,0.21211709684999314,5.215170653685326,23.828459926297324,23.378214873267975,-144.20060757282482
6077670.769893549,0.21220235521685454,5.2170810479045935,23.759452694938624,23.422122283413817,-134.35379568114644
6078285.547674052,0.21230805215360907,5.218306582247812,23.68716530958858,23.470696471367585,-123.87027113996932
6079218.2615904715,0.2124179356053454,5.218566009321362,23.629718441618426,23.505235033935065,-112.56546594219594
6081083.043205546,0.21256187426136902,5.2182526477701705,23.56780363385578,23.533285614987836,-100.21633617520482
6083457.720080335,0.2127502219846772,5.21771756355909,23.520237893217534,23.54956292703393,-86.60490701064157
6086489.05158698,0.212994019552607,5.217310662756573,23.48817699586119,23.556144422423216,-71.50813989270073
6089556.107834209,0.21328005832278046,5.2164164879721895,23.48013306101938,23.5642997448449,-54.78378729957608
6092797.917795988,0.2135780817416693,5.214648087780043,23.496295726549356,23.57214683803359,-36.435209886058054
6095340.444230631,0.2138193234064991,5.212648255772626,23.556558525506343,23.573172808088838,-16.77153655353283
6095990.104124663,0.21388352421338946,5.20936647798259,23.650984204527322,23.561899935671327,3.5803670571744277
6098203.886228077,0.21399328332096051,5.209432902166679,23.70471184209631,23.562254846946303,23.80516046996465
6100218.111866279,0.21405581112543218,5.208216923054456,23.77653388476939,23.541295696448692,43.06157304695531
6100483.360493345,0.21392404856506153,5.207396765461151,23.870835695438075,23.505363372157344,60.81303114733933
6100841.835016558,0.21377728472109342,5.207569577859865,23.953316387811235,23.467128363406957,76.89914338628836
6101643.6421798095,0.2136612597595845,5.208206265275548,24.009839258953697,23.445672617424734,91.38273267554402
6103611.164118258,0.21363827906387556,5.208669661469597,24.06131948366567,23.43741257301108,104.44030517062812
6105575.709726671,0.21359659114361026,5.209360054286233,24.111514275866387,23.429629784044497,116.31293222034158
6107515.457760047,0.21353421648565107,5.209455740497773,24.15320512396629,23.42887605450178,127.2266822677807
6109415.30168833,0.21345069357140303,5.208608245789926,24.187654315828706,23.43289521997729,137.3838763890286
6111255.039143205,0.21334478113007474,5.2078082437120665,24.219746970193,23.435001098261456,146.9604691374859
6112862.408112258,0.21323712252057456,5.206544836866301,-335.75368332939223,23.43600502018642,156.10882865422076
6113430.135893557,0.21315889043596337,5.209220313054668,-335.763881894683,23.438478210929155,164.98844894061156
6112241.87091995,0.2132458969728224,5.214216920282852,-335.8066237359947,23.451750986589193,173.70284468843394
6111268.596216058,0.21333575368507504,5.2179353308568475,24.153309793260597,23.46842660805932,-177.66678495756835
6110672.135931186,0.2134073176165476,5.222216563185723,24.106217133658465,23.496442981457612,-169.0124821582163
6110104.225051191,0.21349615740468772,5.226025451778781,24.05369768471268,23.530835919379445,-160.22347932881846
6109334.574510297,0.21361468950934848,5.229495841584385,24.00088336763338,23.573535425102236,-151.19338890357912
6109161.508142458,0.21372583876285667,5.231702537220696,23.943527003324405,23.61139988767674,-141.78004278974967
6109341.881323315,0.21381397398212842,5.233414476075144,23.882586141842435,23.655621867395293,-131.85380461062587
6110019.009684669,0.21390855707045603,5.234420953258219,23.812095030706814,23.70409372479063,-121.2428065691744
6110898.654583078,0.21402905525799115,5.234559365919635,23.746238965609134,23.75034381627045,-109.76460235419957
6112557.612869199,0.21417038781435968,5.234280696288191,23.701838316008406,23.76765750740141,-97.1923045861471
6114674.751458168,0.214360595468695,5.23359079575854,23.661664126159696,23.785311781924953,-83.30366213710309
6117847.201151181,0.21461790373730344,5.232622431802229,23.625745021000746,23.798972905296274,-67.87459997179221
6121308.30390561,0.21491678282322543,5.231046371880308,23.61192305918453,23.81143038972528,-50.78904618697601
6124794.4108626675,0.21522471798182638,5.228892384607867,23.632347283447885,23.818968688441583,-32.11439952560016
6128006.481488464,0.2154944965216489,5.227194903227338,23.695734987787755,23.81829509611561,-12.230308912989187
6128218.402701013,0.21551527742153248,5.223491259608927,23.798909914405687,23.801860102420896,8.159631462958414
6130395.935354622,0.21561526279992305,5.222917246145281,23.85580744566197,23.79597997952929,28.228846229751912
6131540.090575255,0.21559469490538946,5.221635547229145,23.94026285505801,23.76973338193702,47.16489966281837
6131580.21331072,0.2154567224360648,5.220980405364329,24.029235205733947,23.729093571230873,64.5372953715512
6131923.635351349,0.21530339908388332,5.2213231509975575,24.103772441575902,23.69607747784102,80.22866167541771
6132870.003880214,0.21519137929488458,5.222312625040726,24.166663075184733,23.668416840593274,94.34599414837987
6134449.886750402,0.21516449595878107,5.222947929235753,24.21131835268184,23.658366925968025,107.09340062701794
6136389.121279262,0.21511464926437712,5.22351511768786,24.258486687979307,23.65254817849003,118.69771074262769
6138329.340260642,0.21504894007218417,5.22268497570211,24.29330363561619,23.658115716660088,129.38802593143197
6140227.86372876,0.21496207921447738,5.2222080998564255,24.32906473043268,23.66012606886361,139.36121798211693
6142077.206346877,0.21485507575646925,5.2212445886259635,24.361051253193825,23.662265833183245,148.7865493538065
6143875.011930829,0.21472992704822588,5.221646365488513,-335.6092772113237,23.66207555478737,157.809954044048
6143101.811400995,0.2147652680280276,5.226521969548685,-335.63995155832504,23.66827027997819,166.60719978194882
6142128.670771746,0.2148367240133275,5.231414428909251,-335.68151158635084,23.682922202656627,175.24084418080963
6141242.455809334,0.21492154719585874,5.234929712199976,24.279617609529847,23.699929956488607,-176.18924009461574
6140460.158588488,0.2150152649213722,5.2389078125057855,24.23247296999358,23.72753517285484,-167.57544352076192
6139796.982801376,0.21511394373781212,5.24158377854888,24.191347860542738,23.752981616888434,-158.8123510609552
6139265.886898402,0.21522576898732784,5.244974494209899,24.13166490453033,23.796902975903517,-149.78195490382095
6139023.302815743,0.21533705525221897,5.247026627155122,24.078736826407486,23.834191242268005,-140.35842087976545
6139034.804098606,0.21545044306173786,5.2486061811684435,24.020463284335474,23.878189874085336,-130.39918488815965
6139621.006015733,0.2155658565698602,5.249479503090192,23.952455879461496,23.92637536788237,-119.73054742334972
6141107.444789797,0.21567974478348448,5.24948979424544,23.888234233026626,23.959500439365314,-108.15276100520948
6142630.051168527,0.2158400589562541,5.24914759910944,23.84884627711249,23.977378594206797,-95.46598393764488
6144842.890327182,0.21603284177007637,5.248969500295596,23.822298608509776,23.981560684996786,-81.4240498336182
6147484.156303326,0.2162824041675405,5.2480360165428,23.801129469237008,23.993717482339004,-65.82544551674651
6150653.5781467445,0.21657342807142088,5.24689369611043,23.800340708332147,24.00193249539082,-48.55234870477174
6153576.271912895,0.21685127172782606,5.245431421499467,23.834417913931247,24.006202140510428,-29.710526984581627
6155705.536335716,0.21704414721045967,5.243021552478333,23.901821604328298,24.00410770957552,-9.715962424725456
6155565.404859323,0.21703369650312895,5.238757506855743,24.00493340648699,23.982654767470137,10.68857214045232
6157838.449153142,0.21713233527958478,5.238655751249253,24.059511250333983,23.981387544924555,30.654399739221578
6159596.529156782,0.21716834579983366,5.237942645367606,24.123576717325886,23.9651520373341,49.41770257250127
6159728.918474618,0.21701856890697213,5.2375298840931945,24.20870249840483,23.93191960105949,66.56418622531325
6160321.85794089,0.2168812408718152,5.2380390266916015,24.28739363265651,23.8951206091255,82.02922094069585
6161763.024441091,0.21677937103144068,5.238776525632673,24.349309695508765,23.876333290673408,95.92959993166174
6163672.022591362,0.21675103999672335,5.239062170406184,24.394551021679934,23.872042639735763,108.48641462699284
6165356.85147954,0.21671134705948414,5.239845573691046,24.437612741407403,23.864462787477557,119.93780414147682
6167280.280297287,0.21664238206324182,5.239414277721202,24.47431356166742,23.867179001923244,130.49343347623736
6169143.027702626,0.21654912791381,5.237721415454912,24.503372668881617,23.873907544648436,140.35297745646588
6170702.444835296,0.21645354652537926,5.236675202688004,24.528784931754718,23.875995217742123,149.6860195178418
6172125.420004565,0.2163488993050135,5.237407227905748,-335.4495826867481,23.875805233733303,158.63242521857978
6171323.436981821,0.21638059557621667,5.241692833219948,-335.48449665482565,23.8820186230511,167.36054706919262
6170614.7921485435,0.21643064220270464,5.246117286375814,-335.5215189719669,23.896029709232558,175.92701415646238
6170135.252268825,0.21647749366563745,5.251038949421575,24.43108539456587,23.920696396762455,-175.55668650387787
6169457.285145201,0.21656427698770955,5.255082214186366,24.38079652072222,23.949495446146262,-166.98774872158103
6168992.580300178,0.21664168921677435,5.2589885340774,24.328240564294443,23.9874671157856,-158.26554563158803
6168081.680821046,0.21677980284802367,5.26234277309231,24.275157599021167,24.03180900065466,-149.27557251470532
6167772.1634531915,0.21689148539789677,5.264903103256957,24.214610964220498,24.07936211338717,-139.88177363326997
6167970.387656797,0.21700557478839047,5.266611432746237,24.147243250088312,24.128291519226554,-129.93882959689068
6168423.514360324,0.21713334524467748,5.267369897712593,24.08631045391367,24.1723306052988,-119.28633665178349
6169563.085564943,0.21726850746067455,5.2673415830239945,24.017701769106214,24.21796610208903,-107.7216858789562
6171215.358324653,0.21742170192627508,5.266932769564866,23.973532735000738,24.238244477628744,-95.02809238868946
6173578.695294358,0.2176277923787732,5.266388196054611,23.938221321713304,24.250582458564015,-80.9703095650042
6176699.515960321,0.21788621654667548,5.265629198824437,23.911252781536465,24.260236037289204,-65.33711259164316
6180164.00250865,0.21818186787949373,5.26366834230514,23.89939810281581,24.274029056056825,-48.02352976444887
6183298.347936999,0.21847253086648832,5.262035099405334,23.93357787494237,24.27858742645293,-29.145711194248044
6185683.197530001,0.21868257099686525,5.26060355218055,24.00422507505413,24.27706556493455,-9.128986621200719
6185085.148887789,0.2186420004163027,5.256977817817309,24.100595299126283,24.258264018807132,11.282921556102592
6187204.296687009,0.21873042975277332,5.256123459472686,24.161846255166044,24.24861255652766,31.225265536706384
6187414.66441077,0.2186293267604215,5.254955580464378,24.249638128233844,24.22132141893104,49.926294776060345
6187316.514488319,0.21847666069687663,5.254476919567247,24.337177772620034,24.179480326359137,67.01516412466879
6187413.17227835,0.2183152613552135,5.2548842635151525,24.39981358045316,24.151757916527433,82.41836036122986
6189110.984256558,0.21829463104847072,5.25566315719403,24.457155933732093,24.1324262907356,96.2555551058131
6191123.062470565,0.2182666315123638,5.256199502236165,24.507593282097606,24.124600004191997,108.74548527934563
6193113.492509758,0.218218950803493,5.25646902586078,24.551743303887008,24.121995916129453,120.12962933301345
6195033.444399392,0.21814490668928907,5.256182243946171,24.588659973633675,24.123765329732834,130.6285913070331
6196923.725132437,0.2180567131995055,5.255328349073156,24.622096107496144,24.12709588884681,140.4328301746071
6198776.599329054,0.21794802456790657,5.253065781631224,24.651018546907853,24.131540531481082,149.70799731752885
6200509.4622595925,0.21781013818456368,5.253210965664419,-335.3264652081811,24.131495748914357,158.60283472480504
6199556.505110629,0.21785459789925954,5.257500185888841,-335.3627419454869,24.13775296844043,167.28223130731095
6198483.033775132,0.21794003781644838,5.262291078746013,-335.401088655336,24.15289709266538,175.79826101428878
6197596.147467244,0.21802588090645708,5.265155109595418,24.56130586341632,24.167186525039867,-175.7371244542988
6196760.599789035,0.2181250804233333,5.269579260699674,24.511576154934716,24.198520571352585,-167.22602032262603
6196216.917542938,0.21821777207108817,5.273356980432732,24.456687470924845,24.2349678372107,-158.55824683339208
6195760.827455189,0.21831923324486102,5.276739973615869,24.397674543754164,24.279260739980412,-149.62512361455333
6195323.465146374,0.21844337214087786,5.279217436577029,24.340373838163394,24.324676861723706,-140.3011956586438
6195342.142088303,0.2185487785302849,5.280754312214731,24.284163054673318,24.367827407391477,-130.44005528152425
6195932.474132787,0.21865431462903248,5.281535008781661,24.221777982141404,24.411336005955494,-119.87129967183041
6196862.530037165,0.2187799541050966,5.281541043681072,24.170223823332446,24.444043132544646,-108.40755500619723
6198581.931216149,0.2189281381698372,5.28107301153621,24.120215465293164,24.468354118406182,-95.82095025167504
6201544.489690596,0.21913388544081142,5.280609054718232,24.073629329111053,24.47917842637668,-81.8702927374367
6204923.444175314,0.2193936111322729,5.279325591186362,24.033554079922734,24.495947982940013,-66.357405375081
6208474.789515125,0.2196855650105339,5.278267210134928,24.023436138431723,24.50361189995823,-49.16133330799737
6211573.157785306,0.219968704937115,5.276143518965531,24.051153898029334,24.510042131290852,-30.37784415129054
6213912.49151109,0.22017402294065164,5.2740184854215695,24.115331266107976,24.50838052386205,-10.408835198029283
6213624.940939799,0.2201570150181437,5.270052056739366,24.2188428510111,24.488963337914008,10.00007318904536
6215645.257903799,0.2202420884781202,5.269492765423941,24.275042524707683,24.48284326217641,29.99977591705749
6216794.060002102,0.2202006425131767,5.268020194808394,24.373669557590752,24.45010413463287,48.78202466276959
6216867.478363594,0.2200675908569431,5.267583672828986,24.452361504035377,24.41674962921528,65.96456077017221
6216703.148834616,0.21990775224185954,5.268080521263608,24.519097336270637,24.379548822425903,81.45620639555855
6218053.117485369,0.2197919228350418,5.269263633405554,24.59221821948775,24.349218705481814,95.35432917795595
6220033.822302995,0.21976377508840295,5.269790663904747,24.641838263378308,24.341336237370875,107.8925571514149
6221882.895943753,0.2197245554548542,5.269569236978267,24.678061183870877,24.343420854672402,119.3102279672905
6223859.739783466,0.2196599337153929,5.269641672531303,24.718681893488586,24.342918108227156,129.82284521348876
6225792.918396577,0.21957360007030086,5.268354213076425,24.75113931168213,24.34812531452111,139.62804931009134
6227601.268895499,0.21945418937466613,5.2671565520866395,24.778199751319928,24.350623510557558,148.897121326106
6227763.15647037,0.21940486549971477,5.270011334376597,-335.2298148462605,24.34961480617866,157.80248833125987
6226922.063556349,0.21944230666083742,5.274302791502757,-335.26159543450933,24.355260727571714,166.44664093769148
6226174.479187934,0.21949157097525815,5.278638960740454,-335.29968083023283,24.368254563526296,174.92328592525925
6225116.985770229,0.2195914712027378,5.283008733329286,24.654090301373415,24.389193736904037,-176.66178015552356
6224271.656118143,0.2196897025070964,5.286255645264257,24.61313975027078,24.411368720441754,-168.21345062726766
6223696.615830647,0.21978267490141937,5.289531902281651,24.564371380637084,24.44187408801854,-159.62184763205212
6223257.3830881845,0.2198705289972495,5.292033710917024,24.5209079953381,24.473399795924603,-150.7824032703687
6222897.501723658,0.219988797073608,5.294473628517795,24.464166566023664,24.516133823918157,-141.56476528191925
6222951.333731387,0.2201089266750249,5.2963290499644184,24.398633350302052,24.56500874609219,-131.82934261055436
6223443.619402349,0.2202308673750253,5.297284698454941,24.332955787215063,24.61217735516818,-121.41518227750942
6224262.371911738,0.22035108255702884,5.297377413812668,24.280348855489905,24.6474133551112,-110.13618633877643
6225706.731567258,0.22049484752404688,5.296875703185819,24.228550790685702,24.677922820670734,-97.76963400026156
6227983.680962428,0.2206804527940394,5.296480374073727,24.1933298866857,24.688017526664165,-84.07785771273072
6230718.231938092,0.2209222568760351,5.295619115895086,24.167093709368,24.700172241304976,-68.84723878683721
6234256.691620888,0.22120919710202477,5.294907196016798,24.1553575695587,24.70579982813507,-51.9224672817617
6237774.885697031,0.2215064139768008,5.292864942022294,24.16956832715772,24.71313300596514,-33.360607230933326
6240534.758372275,0.2217431271224319,5.290526731582356,24.227032811674935,24.712633830996094,-13.52470517483523
6240799.642166639,0.2217711858130454,5.286735974214194,24.325089635550253,24.696651398817167,6.8841078747580475
6242973.410823505,0.2218709557012637,5.286718757173927,24.375536414606312,24.69631249928794,27.015854970274773
6245005.148200309,0.22192386551622048,5.285693646024588,24.446763939889703,24.676138381118154,46.03371087548596
6245261.5440379195,0.22180096207363986,5.284931044204301,24.540803002406236,24.63203162194276,63.46237207217091
6244816.152810406,0.2216382180754221,5.285343995903738,24.609356340364762,24.589389576608973,79.19501288006832
6245774.489897808,0.22151628347462007,5.2862242402074235,24.671161981021687,24.564386966244093,93.30151129072036
6247760.530181851,0.22149042484905374,5.286901411882561,24.723539587625925,24.553592468599685,106.00127647271093
6249633.310348658,0.22143249551246635,5.28771072729154,24.770664108178188,24.54524206634498,117.54075344881618
6251604.043039318,0.22137177523279183,5.287788857176788,24.811021624892966,24.54467024275654,128.14149834385898
6253532.737020049,0.22129012532697118,5.287366747902335,24.846774696494858,24.546498150265226,138.00479265564263
6255358.93842338,0.22119177262686654,5.28625578216515,24.877688106540514,24.54913684054271,147.30213876233574
6256723.149089159,0.22109070100424547,5.287546642357389,-335.10195904680614,24.548310478238413,156.1886841159261
6255734.026902178,0.22113531714905632,5.291311473255037,-335.13395716649063,24.552173183823793,164.82382586424902
6254768.309313906,0.22120990057139048,5.295727158370524,-335.1644094354262,24.56401750264101,173.26288755496253
6253885.255826775,0.2212892712338205,5.300016200756325,24.794298886697078,24.583022800480084,-178.37626776209697
6253160.6769056395,0.22137037907295148,5.303475906836114,24.75543996331884,24.605134875591663,-170.00179183705342
6252344.9477133285,0.22147096753052037,5.307798782508089,24.707236233984478,24.64291451628263,-161.5124717203723
6251814.144865146,0.22157775982156164,5.311229354332293,24.650029770751022,24.68334421717564,-152.78818626664332
6251432.841523688,0.22168985551829745,5.313816138679054,24.59431272669397,24.725236910920547,-143.72015197158996
6251342.893190665,0.2218054451572256,5.315706930098774,24.53532691129831,24.770090060671702,-134.17117701383748
6251698.770458849,0.22192252478238467,5.3166373339983375,24.48019368993913,24.808391901264773,-123.98346917934481
6252319.39425469,0.22205376012836103,5.316951032310829,24.418863033094475,24.854727425908433,-112.97942826354218
6253720.221894145,0.22219337328534947,5.316601589072724,24.36682241489475,24.884430073196647,-100.93860591255105
6255783.744865265,0.22236027886967477,5.316126038612436,24.327798705705387,24.8986915282005,-87.63025723467425
6258626.515514573,0.2225970870764753,5.314885834422586,24.287616887125512,24.918642791581238,-72.8241228590938
6261726.842411051,0.22287653389198148,5.313902490842571,24.277306254824012,24.92766762947793,-56.35211540209644
6264780.875667207,0.22315885672310756,5.3117531857126385,24.290902927777935,24.937488872927297,-38.195073855543086
6268147.531356076,0.22344069362077515,5.309552235958147,24.337294653306955,24.939051071211377,-18.618405949987036
6268279.0724626295,0.2234782960317037,5.3063543192736455,24.427814196084178,24.928960205078784,1.7378935054195304
6269293.990499273,0.2235097582766085,5.30407889940002,24.506886675674984,24.91059366009618,22.034835756299618
6271127.6829040125,0.22356428513297208,5.3025991470429945,24.57753830969662,24.886403462397976,41.40281853999015
6271072.212133449,0.22343254100482052,5.301668317401695,24.665139734240928,24.848587160884463,59.25174260457781
6271212.185649704,0.2232915336926111,5.3017593435271335,24.730948600416497,24.82112030082267,75.38777923886926
6271930.103840167,0.2231591590691194,5.302548831105784,24.794079282487573,24.79388559925676,89.86271885213378
6273856.468905063,0.2231368546708269,5.303690568847732,24.854739509462984,24.773486487592933,102.86745716145903
6275891.046324747,0.2231023727205968,5.304709062078447,24.907784223192593,24.761917689212215,114.64423327188467
6277899.078702817,0.2230471558127925,5.304973197213896,24.950237782829564,24.759880972331533,125.42708196624667
6279425.771774525,0.22298072122299728,5.304215827093,24.97580806729541,24.763590979722057,135.431869904628
6281262.755459996,0.22287086779814083,5.301891482363343,25.000709170302546,24.77022556623789,144.82200824110532
6283029.810980404,0.22273962941931136,5.302831257878941,25.026716677235953,24.769206103586267,153.75725313926088
6281842.733883545,0.22279386964876607,5.307267039500405,-335.0063063435533,24.771819273067752,162.41614285291269
6280701.199791789,0.22287165866228947,5.311007050388893,-335.040631910102,24.780129811577417,170.85371560538954
6279815.370892875,0.22294296262299942,5.31632408717894,-335.08907896041103,24.80097252404337,179.18179894806622
6279230.607264748,0.22300645909348318,5.320862097704413,24.86551002592769,24.827234633346606,-172.5087686814633
6278318.243206507,0.2231210858709639,5.32398550319111,24.82302213307517,24.852153824526123,-164.110834010113
6277682.82887746,0.22322951612492314,5.327648885746289,24.767514305316002,24.891536000509547,-155.51973000548784
6277406.550371785,0.22331407746842308,5.330787655819892,24.708851167332877,24.93738617250798,-146.6237607458215
6277132.327153014,0.2234314750476798,5.33281138050401,24.654787909794948,24.979476018299618,-137.29287762624546
6276989.904823415,0.2235691143202942,5.334245865767536,24.5971795629037,25.027497307663214,-127.38128828156776
6277403.919419447,0.22370362374208938,5.334760574295337,24.54250353835609,25.06891472693567,-116.71021809463502
6278693.642009784,0.22383424468494417,5.334568824477984,24.485471615107375,25.103168797195398,-105.07157934573597
6280633.13039034,0.2240006850415325,5.333985857592223,24.437943330296267,25.12566498444413,-92.24264873978889
6283669.76857651,0.22420869960769943,5.333114021699221,24.388774249725216,25.14254482344403,-77.97566015344418
6286762.263721636,0.22447099026884462,5.332036773447386,24.36623034814353,25.15447464873556,-62.08725855754629
6290457.289974026,0.22477894223499117,5.330590960904115,24.363909787828817,25.163056293646687,-44.47815676956996
