Episode: 238
5499042.614848405,0.19986310106407848,4.996624308148648,20.115980523880136,19.96660327638377,30.8209862501544
5500590.483265176,0.19987768848656096,4.994712553960349,20.213502800855636,19.926997571741644,50.43116325139861
5502254.293208038,0.1998672454085452,4.994021231120825,20.312176873632815,19.882893939273238,68.37697697074346
5503921.324259372,0.19984156115548538,4.994412145320952,20.39754112035682,19.84576215686623,84.57907284433017
5505610.643351262,0.1998023848445487,4.996131434893199,20.490031738061678,19.797877508797317,99.17464096108714
5506933.481457315,0.1997468751444697,4.998393706598373,20.558531161849558,19.762623367853948,112.4074967388327
5508496.897030462,0.19968162220511576,4.999965659043812,20.610814627641556,19.7469668266473,124.51712709826296
5510190.827277793,0.19959288426954,5.000628567949819,20.652252011766613,19.74268173212521,135.7432076459648
5511767.218557464,0.1994920327246021,4.999569312500145,20.679761257736715,19.746656113560245,146.300374842016
5513388.160904059,0.19936584864742066,4.998470321879461,20.704905135435055,19.748388024126886,156.3684407256969
5514837.09986786,0.19923826784271145,4.996589810620692,-339.2756621908374,19.74762040949523,166.10961700274683
5516399.503399167,0.19908872191011862,4.9949433079030925,-339.2580565785509,19.743709948772857,175.6634743597258
5517687.167417349,0.19895954490986648,4.999773048875982,20.71001448050608,19.76514047876255,-174.81711263078125
5517426.491234627,0.19901502060304996,5.003338508055079,20.655045364853475,19.78935894935353,-165.20587278370263
5517323.00079958,0.19908057669467,5.005894326179123,20.60247978199506,19.814176799351326,-155.39203747113285
5517618.735975761,0.19914557247046716,5.008443249430021,20.535784038922372,19.849204114223667,-145.2241621937374
5517894.703368656,0.199246844350076,5.010474416802972,20.46734152194464,19.89033234840269,-134.54967838205675
5518033.64776418,0.19938789114460573,5.011414937368486,20.417862166243747,19.92236586686062,-123.19060858597256
5517715.698704742,0.1995692883149642,5.011641981846573,20.399671384654642,19.943896664644548,-110.94666749984953
5517412.051634399,0.19975182911825334,5.011533187301538,20.402664204127863,19.956145523879183,-97.56996105843557
5517712.990093183,0.19994314062036653,5.011428693264049,20.41469545794875,19.959515543117657,-82.79437556588658
5520222.072760861,0.2002075565306837,5.009757435768258,20.37764147872259,19.986242833332305,-66.36300370896643
5523569.202258719,0.20053338802004106,5.0076668090202645,20.365189815980216,20.004282138209074,-48.194133743104025
5526807.805095242,0.20085447372816978,5.0050380067463305,20.3987117182922,20.013939535206056,-28.42463129715185
5526969.058801761,0.20093398278917782,5.0034106914966054,20.49140875607467,20.01288875290372,-7.542263854182965
5526816.778676905,0.20091155868673205,4.999558744663941,20.60951252508122,19.993267297855557,13.670487683645916
5528603.008332865,0.2009762016285376,4.997437981369068,20.694268861293086,19.968922315836323,34.319609124705224
5530263.5856140405,0.20099465670632263,4.995920436982181,20.787794547610524,19.931709225431586,53.632802339087846
5531513.075569313,0.2009454110821051,4.995609926354394,20.86963156050403,19.90120378600325,71.24478796961749
5533182.418351665,0.20092232534098375,4.996292514878978,20.959500973563593,19.857546899353427,87.12281316304795
5534897.227865249,0.20088454197223082,4.997959348807196,21.04392271104988,19.817152694359407,101.42890887684732
5536659.727151444,0.20082962786872868,5.00057248739592,21.123700976539528,19.780215650688888,114.40549243084946
5538377.699352173,0.20075039510732337,5.001932980935634,21.175485937193223,19.76779550437546,126.30751143415344
5539999.041524773,0.20065583557964292,5.002660734852565,21.21380652411123,19.763525668115175,137.36847652472287
5541661.245321747,0.2005413918044431,5.00249382917205,21.244514925310263,19.764050912660245,147.78878999408604
5543302.34728257,0.20041425609362284,5.000097605021349,21.268924123216692,19.766883427280796,157.74560447525494
5544900.607280288,0.20027268964366846,4.997312520505871,-338.70882281211163,19.764696947737434,167.39667768524407
5546469.152964864,0.2001221170223771,4.997472933788185,-338.6956515297451,19.765120735375948,176.8811057246637
5546065.282749275,0.2001665786669308,5.001638995249706,21.25825636178512,19.78529756719375,-173.6371061139801
5546121.207364721,0.20019919676424766,5.005754572551592,21.191711744208018,19.815175369194517,-164.05747319000864
5546166.777895225,0.20025969983083175,5.008490499935178,21.13215184852979,19.843341376688258,-154.26185812620037
5546735.523271717,0.20029710689345243,5.011168917288252,21.060521489137617,19.882367335042307,-144.09894127393085
5547127.476932703,0.20038607520173654,5.012524632179778,21.003806836257954,19.9117437424053,-133.4134790359688
5547180.379911322,0.2005312472673189,5.013606964979267,20.948854762617785,19.952541571689526,-122.02832612248154
5547118.356843755,0.2007053173309254,5.013783852767793,20.924965223044016,19.974937770130932,-109.72988377684277
5547159.657225652,0.20089293473876607,5.013535220312799,20.912462726178035,19.99610490667833,-96.27476438731924
5547594.488369975,0.20109407838464588,5.013677677017152,20.931270071790838,19.992119798503957,-81.40481976018295
5550110.1769331675,0.20135539561216884,5.01235308506563,20.90250222087406,20.011812010499963,-64.8638559269919
5553452.463235695,0.20168042870745526,5.010422718934551,20.895506044959294,20.02719918108145,-46.5838403330203
5556476.417308524,0.20198649187269863,5.007196566619327,20.93363177835158,20.03753029358735,-26.72828616793991
5555945.59653822,0.20201446256794686,5.005284091473622,21.03065321401267,20.03548945261864,-5.812715071161338
5555924.866817443,0.20199419251179443,5.001880822859946,21.14648657917464,20.016283509391148,15.362202079081433
5557656.046579696,0.20204544448485937,5.000458656270289,21.229286761354636,19.9986451909206,35.89514884612197
5559151.487939147,0.20204418877343375,4.998765087396635,21.33224886627942,19.95299760626912,55.05062419478082
5560556.665287711,0.20198794740017345,4.9984961411099045,21.425703187108034,19.915932275232034,72.48638167943936
5562175.218500469,0.20195335373448914,4.999014529562924,21.5003434279314,19.887513792705683,88.20028510028173
5563867.501532555,0.20191175658225036,5.00057146467356,21.578879058056753,19.852268631440733,102.3599995725425
5565436.908673534,0.20186236854700856,5.002284393444251,21.639737566031897,19.82920070209966,115.21401450142702
5567181.445537165,0.20179113787422567,5.003860004377137,21.69345580220609,19.81547401535494,127.00592208385436
5568860.9189458955,0.20169060370132513,5.0036181534006445,21.726796942399115,19.816769952213875,137.97247256218023
5570162.294625744,0.2016087081101358,5.002780393943095,21.75012815238187,19.81932507867939,148.31699641684378
5571821.205688393,0.20148085089066362,5.001117687910127,21.776043281657323,19.820948748799694,158.20249567206037
5573278.025517311,0.2013541847061464,4.9998422844326855,-338.20315249518336,19.819698973287988,167.79110648834666
5574859.2912738845,0.20120064176713057,5.003017350726214,-338.2013344380464,19.828976790897865,177.22133188600327
5574521.940688031,0.20123998310762883,5.00705637101006,21.747891544551546,19.84929050912966,-173.34421917678682
5574426.52887029,0.20128328316915642,5.0107940506789985,21.689205087635006,19.877196390122645,-163.81877962649853
5574635.801214775,0.20132937804352058,5.014224092255356,21.620271655418538,19.913365428085733,-154.06757330265322
5575364.538476482,0.2013639387503644,5.017165510452538,21.539010771602044,19.95720477296791,-143.94404087021783
5575608.112398345,0.20146432302119013,5.018540554150315,21.48410263191264,19.98775194209391,-133.3051381077973
5576024.596350022,0.20158698408234169,5.019395777852566,21.429217077220393,20.021125957503372,-121.95636169299245
5575928.579993306,0.20175777728055677,5.0195330588601985,21.409435116999294,20.04043731686755,-109.70350597161527
5576088.334817365,0.20194499154568726,5.019369619291144,21.402234337860996,20.053583468478593,-96.29179424751678
5576371.167664599,0.2021404567375004,5.019356968920513,21.419588251116984,20.05400743093877,-81.47266476039667
5579203.011397835,0.20241562125651738,5.017683786047809,21.381060970337476,20.078509920927537,-64.97571723643333
5582041.417651009,0.20271771331497812,5.015415428532666,21.37974239142065,20.096363742943428,-46.75195829974718
5585087.9984915275,0.20302379190049097,5.01214582297575,21.416874483714178,20.106618874546697,-26.938968403652595
5584972.94785415,0.20308073349228417,5.011002890708194,21.512547069348017,20.105219730173026,-6.057196012183185
5584879.005808646,0.2030565839921593,5.007605105030852,21.62859792370394,20.085857926490064,15.09466040358414
5586474.430027189,0.20310612843528328,5.005888192891028,21.707924747149008,20.06448199398124,35.621509980127556
5588212.861822842,0.20312654458799648,5.004585398170094,21.79949959670885,20.029124092214413,54.76996825742424
5589762.468157595,0.20311262213676587,5.0043524646706,21.881012606526262,19.995995447613776,72.20601667823871
5591479.241367143,0.20308889173187764,5.005037021358262,21.964333524718857,19.95920168093967,87.90903081343673
5593217.322621696,0.20305103010134853,5.006815248906861,22.047983808513173,19.919313049318575,102.05357702588802
5594960.330079997,0.20299770764607422,5.009286780533951,22.122637659680162,19.886303992959327,114.88460173441594
5596672.621238168,0.2029276885962284,5.010771473971271,22.17447628575422,19.87345193663739,126.65399237938355
5598246.685226345,0.20284584204348627,5.01136973018518,22.211477818135357,19.870134121496818,137.59344331796385
5599931.209476713,0.20273743321540702,5.010313708507893,22.24095454299027,19.87333827148999,147.8986152078074
5601548.839189606,0.20260620603386437,5.00979859980978,-337.7352056757472,19.873821176556582,157.74998033639525
5603159.43115928,0.2024666319537925,5.008658891626093,-337.71264800907267,19.872701729313935,167.29401433261057
5604733.310565522,0.20231561823894,5.0089851069794635,-337.70078765204676,19.873637654587323,176.673688657397
5604666.832243951,0.20232583596712772,5.0125615060067465,22.253232474351126,19.891540769836062,-173.95024982724493
5604435.612223998,0.2023781717612398,5.016502763016848,22.196393309304444,19.92078713089452,-164.49264994845558
5604573.204375276,0.20242414272251916,5.020258013729166,22.127388998808236,19.960059834815567,-154.8197668638252
5605111.461202584,0.20246669757098695,5.022599828645735,22.059823480607044,19.994562040611488,-144.78897653170995
5605704.831824621,0.2025483823820998,5.024219002355589,21.991983448380143,20.029928839591193,-134.24615238947922
5606156.513059128,0.2026738365314004,5.025207282950761,21.93127191999638,20.067265975214482,-123.01891381465609
5606293.3845633995,0.20283707996518008,5.0253902557249885,21.90178098692556,20.089937345330135,-110.90598508247147
5606220.925865678,0.20302480202713147,5.025291334289115,21.903018165074858,20.098859580509306,-97.67075712752845
5607264.0157535095,0.20322279936652868,5.02504790512874,21.894679605616034,20.106043800171182,-83.03109520407942
5610046.306126505,0.2034932025465053,5.023403936503022,21.85435842905321,20.131153719810122,-66.75129580586122
5613163.290670216,0.20380587553151813,5.020913779176549,21.842723252955746,20.151809426881538,-48.740149915469566
5616415.79702777,0.20412597389120604,5.017871878403562,21.874086455588678,20.162413515741466,-29.10982296224486
5616286.010986578,0.2041894923780611,5.016116748937148,21.967487647716705,20.161055541431455,-8.33994047700518
5616233.333158385,0.20417754695005114,5.012762457728828,22.07798714754642,20.143465323901875,12.803477315359219
5618128.087284435,0.20424967451443254,5.011118370937672,22.157546933279683,20.124230862958715,33.41121429665957
5619811.547419548,0.204271221530674,5.009755505414984,22.24699576098971,20.09008050136196,52.703302518598925
5621413.401837137,0.20425743834355053,5.009483420817048,22.326684015767896,20.061200032960606,70.29765571239429
5622867.246784158,0.20422697523220584,5.010130996077261,22.407768211361773,20.02179655715544,86.15523830494246
5624526.641885687,0.20419256565764143,5.011418225706745,22.480091727671972,19.99126621116812,100.42656191360415
5626246.020809874,0.20413771679188655,5.013436106807557,22.549317573084345,19.96319949667485,113.35407995465606
5627817.066168623,0.20407658835560222,5.015066584803927,22.599727771107553,19.94854715429168,125.19484880187909
5629517.073847558,0.20397938484573555,5.015089828204376,22.635136393283318,19.948374457463807,136.17572976925732
5631145.549199125,0.20387037164129232,5.01458502030362,22.664004771535566,19.949996641886404,146.5035687131649
5632656.3557149675,0.2037594053973751,5.012352625919447,22.687558156170706,19.952591551101285,156.35306974753385
5634272.706079004,0.2036183562809033,5.011258632147233,-337.2912220426723,19.951732811784257,165.87881526138096
5635864.2496551275,0.2034688671658964,5.0111308220202195,-337.27541281734534,19.951372151932027,175.2175548180168
5635322.166515311,0.20352279548804766,5.015739842711136,22.678722652205025,19.97328537069376,-175.46836547147183
5634708.921643669,0.20360871353472593,5.0195559890371,22.62548720356813,20.000380720018054,-166.0912837587339
5634698.919815237,0.2036641327890153,5.022980167810065,22.56248709323896,20.03467453634995,-156.52202803026773
5635247.506294884,0.20370374428932417,5.024886434591951,22.501267935880477,20.061440673249706,-146.61938364639448
5635837.589788832,0.2037692477808559,5.026547471531797,22.436124705357397,20.09555706060393,-136.23906069266613
5636026.370388014,0.20390027668621774,5.027579455130674,22.382100450287783,20.13084981341556,-125.21496997660222
5636431.7393322885,0.20405000052273584,5.027901354680845,22.33781756722309,20.160344235518487,-113.33638152097956
5636097.681977689,0.20423620803716486,5.027746641979278,22.332195302583138,20.17969265630207,-100.3964681816803
5636345.243163737,0.20441607483921803,5.0275736216434295,22.33904704117346,20.185556080928187,-86.11357486927027
5638453.245353291,0.20465755393284218,5.0260619037493965,22.30622716321135,20.2112056948386,-70.2261376057413
5641851.4637416545,0.20497461608926223,5.0242828559362,22.28689440241801,20.227783978492255,-52.597269439138515
5644898.602273958,0.20528589897526442,5.021466815366174,22.312067909227686,20.239861588207848,-33.3048214323809
5647515.176883271,0.20553685026804783,5.017669610276423,22.383946373369177,20.24019100957621,-12.724924870072822
5647162.238751285,0.20552234016123108,5.0142308281595005,22.495730929023903,20.22537520788815,8.397981557690798
5649004.0587134175,0.2056003376496505,5.013251725272495,22.565348578609477,20.215284850229747,29.179852586203083
5650687.740008922,0.20562099219224333,5.011022299871694,22.672967422415297,20.16771146349316,48.765821394772466
5651481.031369269,0.20552520827036877,5.010388823527356,22.77251287448171,20.12400711133105,66.69768693444513
5653041.13143228,0.2054903597475857,5.010637041571232,22.84057244642889,20.102540623559637,82.87731769337478
5654800.921679137,0.20546111284749255,5.012013274299831,22.92160107491095,20.06559412204347,97.42744848473934
5656558.51678689,0.2054110321452425,5.013530551582486,22.986829824398185,20.04253202285756,110.58008993554128
5658342.821100209,0.20534828277056447,5.015840036423148,23.050025123548558,20.02008233839319,122.58849249501277
5659841.934751516,0.20526953306375464,5.016099701793546,23.083447905654072,20.018414405533232,133.69734707393624
5661571.952095967,0.20516790303748986,5.015535657692421,23.116052958558395,20.020471916097158,144.10314646996628
5663162.814930145,0.20504685332887776,5.014372640593054,23.140159182127395,20.02226479320364,153.9976010552675
5664727.550833305,0.20491914630308858,5.012534242096103,-336.8358297182205,20.02152983070391,163.53112717184482
5666339.747660486,0.20477151891024978,5.011942053567427,-336.81689827321577,20.020149578123128,172.8463058694436
5665812.435720814,0.20481865228723065,5.017027852437788,23.137726802769585,20.04205201845312,-177.89327882122686
5665430.143772932,0.20487303044107424,5.021163266978616,23.086355207889277,20.069162988416767,-168.60405482384948
5665399.32424595,0.20492652561436842,5.02518821049551,23.01789381819836,20.106560873973677,-159.15394564431307
5665752.991697939,0.20497329021045166,5.027536962066228,22.95550941627481,20.1370020013854,-149.4153628478396
5666167.47656603,0.20505042738140744,5.029778253424025,22.883346479003063,20.178728499367796,-139.2434582662209
5666564.431660425,0.2051643429564029,5.030596585455221,22.833975335904686,20.202859314215193,-128.47487453834657
5666840.760760885,0.2053043249038392,5.031041899426882,22.791281001796474,20.231485065573054,-116.92230545062988
5667035.7795501035,0.20547764902398422,5.030988077222203,22.770582334678046,20.25008712401674,-104.3640119248615
5667407.056614289,0.20566515954016984,5.030650159297189,22.76300215769196,20.264454395511347,-90.54903436705962
5669202.2637645025,0.20589044544217738,5.030376461597209,22.750425676633313,20.269957181106534,-75.20344152929184
5672157.999167211,0.20617916745482234,5.028835478925218,22.728673097886162,20.286970504640784,-58.14588503775172
5675464.522888083,0.20649321957659247,5.026387110579239,22.733654731337868,20.30059303988063,-39.361306376386885
5678276.170344746,0.2067679233647227,5.023078761027893,22.7893341019428,20.304756336749268,-19.133401106034814
5677885.193147287,0.20677546818149842,5.020377964930226,22.890621763737215,20.29668377790711,1.8959887077438744
5676815.716462167,0.2066618188831663,5.016910404292951,23.001424173985857,20.268280494151874,22.849249758673135
5678459.115436602,0.20669771679150079,5.014921267793259,23.0922190186724,20.23436651073088,42.85083439302452
5680137.735167293,0.20670070684837474,5.014179275098216,23.17850494861062,20.201943066911202,61.2960380795512
5681258.822442111,0.20661632913576103,5.014367119343409,23.2697850167719,20.16017889733501,77.9821212175513
5682966.609072026,0.20659013504970486,5.015408498949083,23.348363432962792,20.125267126750042,92.98425263449856
5684726.372966742,0.20654901356197944,5.01743541706144,23.426118425805292,20.08984359285637,106.51009923992099
5686504.329755455,0.2064927879418136,5.019585715836909,23.49059094873415,20.066240178564783,118.8128257029121
5688178.312263645,0.20639987186048128,5.020557403059126,23.532941658319668,20.059279498462416,130.1407221770028
5689878.482370174,0.20630398797979282,5.021220701460733,23.570293966062795,20.05634714960409,140.70657977443247
5691447.217292462,0.20620103289812336,5.020316593254092,23.597706064811025,20.05826689057629,150.70239226923894
5693034.2753635645,0.20607814070221753,5.01870758928997,-336.37716931468105,20.058522210049478,160.2895284713206
5694616.457111765,0.20593737101875403,5.017918003823005,-336.35711910262825,20.057139985586097,169.61408672082734
5696184.8499182165,0.20577925501325708,5.022632502955209,-336.3747172151007,20.074484888800466,178.81887510264224
5695713.580848368,0.20583466358601574,5.026715076944287,23.576330102767972,20.098241472934014,-171.9667736794738
5695656.551395612,0.20587570742922182,5.030967855735527,23.512853899989445,20.133756058124874,-162.64212077700842
5695968.464084297,0.20590451653354339,5.034542124555176,23.44373043125857,20.175307360300497,-153.08152878871505
5696364.251468632,0.20597450775078738,5.036258270314879,23.38322565749541,20.203453878406815,-143.13994395427395
5696746.184476534,0.20607019988039094,5.037443041266656,23.327846290002753,20.23283432737112,-132.67094420535292
5697071.642042341,0.20620477807684717,5.03815091723016,23.27663860484769,20.265331471446405,-121.49409198144993
5697450.159163145,0.20636356861343685,5.038260691648823,23.236137659565895,20.29533634143562,-109.40028044397012
5697414.358837303,0.2065490375775841,5.037936629824322,23.226495086478444,20.3158669954196,-96.16438677018634
5698884.118870974,0.2067425545498427,5.037940172870232,23.217067344250427,20.315841296232875,-81.49093682047977
5701632.4762707595,0.20701136378068666,5.036054095291446,23.17964521567923,20.341746579203594,-65.169318801738
5704504.654673846,0.2073072765362389,5.033454825610846,23.174926176454747,20.361012569940257,-47.11077856169264
5707717.036301786,0.20761002120816321,5.031044128833843,23.20704919860326,20.367800432182243,-27.44090291552118
5707478.0330534205,0.20766006034012882,5.0288722357394,23.301575646550912,20.364876782827793,-6.681922316994336
5706830.62602672,0.2076037865895542,5.0246452501511145,23.414288710241003,20.33977507848732,14.38381260039724
5708778.673431935,0.20767769551725207,5.022865730209737,23.49406871205839,20.316882277524215,34.84072657069927
5710468.100439945,0.2076971086801272,5.021200111330551,23.595198445010784,20.2695355619278,53.931929711881544
5712216.733397046,0.20769271375974474,5.021032229063909,23.675246267425017,20.239855639598893,71.30537640560846
5714003.297981331,0.20767427404068114,5.021777955266676,23.75873802878558,20.202658439338357,86.93935222587497
5715799.616335636,0.207640894823827,5.023581678098776,23.841375823677264,20.163658050540857,101.00260141534643
5717304.406981487,0.20759498977514362,5.025610426128466,23.902826525473934,20.137285929119944,113.74539359805046
5719092.778423753,0.20752785858219414,5.026942788055424,23.953912175750666,20.126026984811432,125.40536486877912
5720800.278981822,0.20743119038482313,5.027759501058293,23.992941617535386,20.121620463426503,136.2212003189916
5722498.2956849225,0.2073206579400992,5.028151908347027,24.025679318512548,20.12042726378726,146.38983358926404
5724053.426620292,0.20720882223016288,5.027094241133867,-335.948478320287,20.121394645737457,156.08443567468666
5725697.991256436,0.20707142325448943,5.024822348343583,-335.9233481505176,20.119171081477813,165.453755437766
5726901.4517947845,0.20696179377006488,5.026695591658223,-335.91456983277556,20.124544551088857,174.63662643166774
5726413.654642994,0.2070085602716553,5.031703851873535,24.037193759073244,20.149103612553763,-176.21368538544536
5725696.133027187,0.20709463394168984,5.035794716884239,23.991643884070914,20.178655828246487,-167.0216866509157
5725589.524433283,0.20714974463855418,5.0391869488389185,23.933497252142924,20.21293275150646,-157.6476672266709
5725502.5731569715,0.2072342070674383,5.042173741046136,23.86774334293659,20.25495276195876,-147.96699290724618
5726073.9673536215,0.20729924578465947,5.044346506490684,23.792565652685276,20.299256717396634,-137.82517053138972
5726625.655039581,0.20739730689158295,5.045360417773562,23.73307565027235,20.333101342927055,-127.06642927049819
5727193.875113981,0.20752678308774913,5.045648202185393,23.690070189165816,20.357123684224653,-115.49746377021074
5727598.050479984,0.20767779006774253,5.045508845678377,23.663032626968796,20.37847767970775,-102.90050512522622
5727939.636710612,0.20786548855455173,5.045120477642094,23.65803374391665,20.392564775457878,-89.02840511137755
5730511.907612918,0.2081006991453306,5.043746910125628,23.611620137430304,20.41746360497905,-73.58650805796547
5733918.994828168,0.2084070151853592,5.042161959920097,23.586405870266628,20.433433638568484,-56.42924893683847
5737245.801532749,0.20872877786776042,5.040098619998865,23.60153785923597,20.443556701392943,-37.56348434149194
5740275.968912683,0.20901205489046093,5.037144198292199,23.66068712426988,20.445641528129737,-17.288489402702346
5739290.952661611,0.20897415180929801,5.034552388840936,23.76301784473401,20.436394673681043,3.717969153745462
5741365.821143294,0.20907623768167552,5.034223544108279,23.82537645112324,20.43323117041264,24.58841207199943
5743165.593233587,0.20912010511852414,5.0323065659255475,23.916849056929475,20.397429228247333,44.41791905351664
5744128.10294614,0.20904598200578012,5.031587304840229,24.011912272311392,20.360056487488688,62.65051518844249
5745488.456262283,0.2089832688944851,5.031833368135316,24.093162891427838,20.32788960024597,79.12297848341667
5747290.943855006,0.20896249605957973,5.032991923655342,24.17217172875232,20.2929564729596,93.92291202259426
5749129.388716474,0.2089259082862766,5.034817339699413,24.244986455818893,20.263083916326753,107.26530226743454
5750935.550568445,0.20886420599781602,5.0366593729430535,24.304906119872356,20.243946024241193,119.40451521455782
5752500.272578891,0.2087978851272744,5.037010361384257,24.341108589636153,20.241539179906585,130.58707753022622
5754279.604178229,0.2087023684159406,5.037573876454618,24.379491694846323,20.239204276157544,141.01757171772056
5756014.241813816,0.2085880448255668,5.036464677990863,24.4091013021878,20.241317979427848,150.88709040271422
5757702.571968805,0.20845721347521742,5.033992985111694,-335.56446427315177,20.241259124471433,160.35594452655607
5759347.023628086,0.20831300453486024,5.033824267887418,-335.54399087102223,20.240925195307543,169.56536425941758
5760747.715428082,0.20816160232467767,5.039041054936689,-335.58266668862944,20.260871393884994,178.6757515233609
5759814.963901093,0.2082616622834718,5.043845647873619,24.366196034454955,20.28945289360818,-172.22734904057165
5759419.625074888,0.20833077877894635,5.047556890071138,24.312237210016356,20.320878128438824,-163.02776032504863
5759132.303720178,0.20841322776902416,5.051084188014339,24.249724653516353,20.362254757417936,-153.60112008006408
5759105.478857763,0.2085089210362926,5.053247865641222,24.190000733506743,20.39791951978006,-143.80661797680122
5759482.803177668,0.20860137551942756,5.054963565243329,24.121987791020523,20.440465036459617,-133.491859233341
5759781.71182533,0.20873485380339343,5.055987234941428,24.057247209132523,20.486946851523175,-122.48822183475068
5760294.606991973,0.2088832599855517,5.0561554101864035,24.002542409993875,20.52773277817024,-110.58708198280097
5760699.433942176,0.20906095635585706,5.055941951355437,23.98798130102911,20.542002162094832,-97.56277717709582
5761279.411751248,0.20925644998030674,5.055452166539953,23.985134471488394,20.554882258025213,-83.15868851600445
5764215.98852499,0.20952255497773725,5.053905999854025,23.945401214746333,20.576836347780496,-67.10071313879328
5767582.140112724,0.20983769259354693,5.051537625829319,23.9311896045776,20.595213712728583,-49.300298677004974
5770944.725633457,0.21015226864750516,5.048730198658963,23.957757903660465,20.604061643095182,-29.8559164206419
5772908.356966827,0.21034697017962564,5.045360704334021,24.03685146961141,20.600880152573648,-9.22345565110647
5772906.156948766,0.2103420127440332,5.041879700045525,24.14561140618709,20.58182402499116,11.814831565601128
5774666.6986214705,0.2104084126299533,5.040401049881878,24.21869626341171,20.56399991106559,32.35433550276542
5776419.64741279,0.21042724486141304,5.03906587960847,24.31162787629356,20.529189735755757,51.5855769432405
5778007.8294752,0.21039941222831507,5.038847277805992,24.39234058348703,20.502100816131968,69.11606076291324
5779107.3698301,0.21035562775072938,5.039092601726942,24.4412248531062,20.488062149588377,84.90533656983422
5780826.964255173,0.2103147956519934,5.040310248358552,24.51164147230209,20.460265188952494,99.08198965076876
5782534.846002491,0.21027366246994933,5.041697484279804,24.569549916870823,20.441475590555996,111.89826492444244
5784049.157466525,0.2101970519078436,5.043960606029001,24.622247366071843,20.421642828340484,123.60928052171066
5785762.463209558,0.21010231260840662,5.0451891785864635,24.66374686168391,20.414719552734223,134.43899161680582
5787473.09335224,0.21000555864633721,5.045532205887933,24.698559834313148,20.413595195827618,144.59199983392588
5789176.7905958,0.2098839095064838,5.044383609373004,24.72603323711865,20.414906226022108,154.2458924368474
5790694.137143362,0.20976342346136603,5.042150562206693,-335.24933719705575,20.413259847055965,163.55210330923208
5792333.73516128,0.20961559145202202,5.044050617442016,-335.2359159348352,20.4181860519977,172.6433897536969
5791862.777324822,0.20965577157096596,5.049156799698057,24.716835210742374,20.441515029170684,-178.31966229266382
5791246.522259176,0.2097304993145271,5.053389217643551,24.66716659854508,20.470257421079232,-169.2639017847467
5791164.42531505,0.20977583670358815,5.05718020798821,24.60806147297221,20.506272283965583,-160.06384094254
5791152.117163856,0.20984593902537715,5.060009163797589,24.546184049128858,20.543424927174833,-150.5928187551525
5791318.128453122,0.20993147821724917,5.061499910328,24.493800938363187,20.57129871237578,-140.71275688854618
5791584.453883154,0.21003674384101534,5.062844454596091,24.43337922430448,20.610705426949465,-130.26771480292783
5792122.895138834,0.21016664231234525,5.063384989624011,24.37943929646783,20.64402163840534,-119.07021317651264
5792455.657091113,0.21033126052734566,5.063347382411409,24.351480651101998,20.66525313315058,-106.91976261634525
5792823.356825937,0.2105138621007617,5.062864161891736,24.333728033857764,20.687455680275864,-93.57158278555423
5795232.927135987,0.21073818576886447,5.0619820108303974,24.29176264578851,20.70632397095174,-78.73262687895617
5798568.408704381,0.21102764880721442,5.060111184612293,24.2526031621056,20.72858006991205,-62.21688574574318
5801519.758971654,0.21132844108746243,5.057924250895755,24.258762638835854,20.742240710008097,-43.965438933099016
5804361.494450133,0.21160944448680774,5.055344962843395,24.305053076692076,20.747157014576768,-24.15163838388804
5804506.926043909,0.21167047291498495,5.052582497836804,24.399451412126258,20.74104963254743,-3.33903853664735
5802898.674161721,0.2115423120468528,5.048536832981397,24.507946240090902,20.712472328834576,17.63505357517202
5804769.94310412,0.2116022593562633,5.046530251510025,24.59439123018723,20.682676080567035,37.850589123348
5806487.799662009,0.2116151652493079,5.045769257383742,24.67469942535013,20.656085527353827,56.609556317675
5808158.284868982,0.21159353253856625,5.045762727227546,24.75563443954828,20.625403842643905,73.61910493445575
5809966.522561897,0.21157584304182936,5.046427793304587,24.826713556694802,20.59911865743499,88.90036537819485
5811808.536331667,0.2115451654854524,5.047875367701735,24.897374694403688,20.571373141557462,102.63963886261021
5813652.286009368,0.21149759849421793,5.04989152093158,24.962663285922854,20.547515904164324,115.08603195260122
5815466.4851517305,0.2114290678341756,5.05039776595435,25.005883147500136,20.543570665455523,126.48888398405838
5817260.584172085,0.21134315542602383,5.051323960515464,25.04736174324099,20.53905053289745,137.07179370926374
5818958.837977255,0.21122790241532485,5.052202784682982,25.079422990128908,20.536757452842064,147.03292615380832
5820667.233365452,0.2111052763606455,5.051986451125309,-334.8920279366264,20.53687229965529,156.53228953455175
5822318.235959992,0.21096526374855223,5.050482329442722,-334.868994869485,20.53497884249517,165.7209328100956
5823751.798702689,0.21083444482665498,5.052678327182035,-334.8601602956637,20.541823580603634,174.7263175495059
5823014.553501522,0.21090617642377754,5.0574750625457074,25.09828152578504,20.56642598165848,-176.30446795771414
5822286.280217171,0.21099433907083298,5.061219547642766,25.052822002052764,20.594266968155367,-167.28658936784882
5822261.510266034,0.2110368766060013,5.0650711385544644,24.991372568314848,20.633962202223778,-158.09646281558318
5822013.700693622,0.2111218636856291,5.067830903790859,24.934579928954875,20.67331097609053,-148.61449062551205
5822174.360480543,0.21120992780810677,5.069584516030523,24.875971053802342,20.70935850289251,-138.6891694837608
5822286.8749098275,0.21133119127067845,5.070380984863025,24.832481788624,20.73597082949618,-128.16875492053043
5822779.079091411,0.21146313496443223,5.070890619516164,24.773222414472993,20.77773198884012,-116.85785729930144
5823235.45858329,0.21161787116769243,5.070773208771439,24.745897972401934,20.797625508426385,-104.5481666970033
5824353.800133344,0.21179567187696266,5.07020154078697,24.714501926529255,20.81917115932596,-90.98109682311772
5827247.597457245,0.21203459451677067,5.068672572321664,24.656897009848308,20.847944742097834,-75.88704241736954
5830558.971397359,0.2123164168040574,5.066651509333398,24.62129410073361,20.86929054766864,-59.09398605404472
5834049.484942323,0.21263947880675832,5.065163392947248,24.630378096987307,20.877159014632134,-40.564883522486504
5837163.171875851,0.21292872189222556,5.062368964116842,24.68078812437626,20.880287790704717,-20.544565986582228
5836860.54304575,0.2129473744191241,5.058265153521672,24.782440916665845,20.867918493697996,0.3416074934275785
5838900.693477118,0.21305481254808276,5.057144961543219,24.846316251051988,20.85855765304043,21.246886983264293
5840503.272385532,0.21309044772155364,5.05538181826919,24.9311103607854,20.828475831452486,41.223837298486956
5841985.393658424,0.21308985706010355,5.0547637660139015,25.006435971640663,20.801338248798846,59.66435008462988
5843593.42219202,0.21306463832251415,5.0548994662301165,25.082512423254276,20.77260672716637,76.33351595480569
5845287.96751738,0.21303491949378883,5.055852049218953,25.156718954157093,20.741165135840784,91.29512386234403
5847086.584883731,0.21299301436014456,5.05694655015853,25.217722534762903,20.72218315737441,104.75307741921942
5848873.364434896,0.2129308810359484,5.058904943839412,25.278846410683165,20.700838539048274,116.96167370771866
5850654.390399268,0.21285585814832464,5.060101262955212,25.32505898162106,20.692307299351196,128.1661247162548
5852464.789665882,0.21276745346315284,5.0602264765184675,25.362393810118494,20.691725735511362,138.58327985034896
5854217.343243761,0.21265665211051907,5.060894259910101,25.39582837212476,20.690223696794916,148.40472208594818
5855900.21024169,0.21253383572837825,5.060264059936281,-334.5768347018616,20.690387376082214,157.79131622654893
5857576.609228235,0.21239348574605738,5.060238517040268,-334.55435537296006,20.69033366508169,166.88446932544272
5858999.765543552,0.21224024072024705,5.064569028733787,-334.57974105418566,20.705145594833702,175.83875177275274
5858649.154855283,0.21227562603318248,5.069530737645194,25.369330295011075,20.732156781204974,-175.24744870025555
5858017.29474674,0.21235949835584295,5.073794383115006,25.315132913246728,20.76537139978433,-166.27491644789507
5857725.375804419,0.21243137330202114,5.077609039101239,25.253942595832285,20.80634856998574,-157.12238944123652
5857969.75851395,0.2124774366568664,5.080265868329754,25.19110257551813,20.845839126352935,-147.65802358767385
5858122.898968194,0.21257379146446817,5.081764931361313,25.13600653210149,20.878170635684405,-137.74307002915694
5858607.620492687,0.21268021245026503,5.0831429451238686,25.06301139256509,20.927529358481294,-127.21255820302288
5859263.548329018,0.21281269595132898,5.08363071135806,24.99569596113646,20.974646904193058,-115.88048091458853
5859970.92420009,0.21295804772784,5.083456981294369,24.96146290822416,20.99682363123504,-103.53097156404431
5861027.068148522,0.21313160501541328,5.082852996675728,24.932733226859824,21.017828339313805,-89.91319328958272
5863595.864317134,0.2133584284096375,5.081997962272229,24.89563524071991,21.033068722257084,-74.75699066570289
5866564.429202231,0.21363083807492803,5.080417278823352,24.873783489135437,21.04889961902346,-57.89279888614189
5869871.738990869,0.21394392786011093,5.07789184706481,24.882757035355834,21.06142418014711,-39.29272443533066
5873238.9173580725,0.21424465827194109,5.074617187512068,24.93351666344051,21.064116284786778,-19.22338342208598
5873579.5187676065,0.21430001652512054,5.0712867728401205,25.03452869646519,21.052926867408686,1.6608600446642943
5875025.199223077,0.21435702407782017,5.067246699978376,25.14054020236743,21.01793847728144,22.487151136966574
5876907.088149393,0.21440873890815093,5.065895257057136,25.21971191558517,20.993589295936403,42.351799411659385
5878296.292104047,0.21436991078352535,5.065188505242407,25.31275125818284,20.959265581217533,60.64351635138652
5879123.23862548,0.21426580073398924,5.065439520532664,25.396112996098957,20.921727782811853,77.17187974437167
5880900.833962236,0.2142414139924526,5.066079316958093,25.459332265765518,20.90178039903937,92.00005443957366
5882755.910925072,0.21421047234212173,5.06755933033073,25.525876336585654,20.877115101390466,105.33956781201337
5884563.176869677,0.21416357524896792,5.069170393272742,25.582516087995653,20.860087265774908,117.44436962022365
5886413.005297072,0.21409581598491087,5.0703961172692855,25.630235120046674,20.851614730378287,128.55604194436256
5888110.127268618,0.21401386269691067,5.071456218065789,25.668998793658023,20.847091582640086,138.89483469351043
5889794.0574152,0.2139126670749616,5.071342821387205,25.7002280205821,20.847308069474384,148.64389899217588
5891386.866293529,0.21379555309376344,5.070314268198532,-334.27445072177653,20.84748237808581,157.96551948436914
5892708.239711363,0.21368628822142116,5.071993022110642,-334.2589928862352,20.850220727361542,166.99992618938327
5893185.430304131,0.21362232024139538,5.075699764936045,-334.2900164941555,20.863173943762934,175.90086702253356
5892743.650870042,0.21366675402159369,5.080675359860232,25.65814064475668,20.890591247778787,-175.24485384222896
5892179.677613199,0.21373924233307057,5.085137110601324,25.606952293019635,20.925611904578904,-166.33746202288197
5892117.668751655,0.2137879553016255,5.088961126832173,25.54450345093302,20.96688354834179,-157.24596901300922
5891878.176157713,0.21387994402656055,5.091919625240768,25.48171137344258,21.010973257237076,-147.85158483131906
5892215.556614701,0.21395328423968016,5.093886540649431,25.4154188139031,21.05341259080787,-138.00585462529182
5892575.997988151,0.21406964607022166,5.094916395046801,25.357085540230738,21.090160393644503,-127.55452703626122
5892872.155095072,0.21420569678543622,5.095274357140455,25.310839177885676,21.124159159084368,-116.31636315989975
5893678.82974676,0.2143536066029199,5.095027415754235,25.26419533173612,21.156581980762834,-104.06116334298525
5894804.200420963,0.21452891250225473,5.094591798771575,25.239505287338343,21.171980127550537,-90.54985308244449
5897338.348299807,0.21474013405122475,5.092818983538409,25.18392790157462,21.203984279989935,-75.51025129826655
5900606.953646395,0.21502000903593665,5.090886449457032,25.15209521603921,21.22367404981289,-58.763104022398906
5903805.306110553,0.21532273803653484,5.088804830829442,25.161269651043074,21.234269471829258,-40.27683650944242
5906850.995239293,0.21560340414159898,5.086212439186891,25.211385069870285,21.236733547786283,-20.295503619073163
5907391.973477254,0.21567214417137873,5.082349912341984,25.304442989451786,21.224511514252153,0.5542386310651182
5906064.950488187,0.21555267118930121,5.078335155431117,25.411054551526764,21.190862913402462,21.385754914366547
5907985.193106668,0.21560955679494462,5.076636521837809,25.49457813265251,21.16126938808677,41.29773549665496
5909848.654274363,0.21563019845360692,5.076090795830081,25.570607699486956,21.136350031186097,59.662660056681965
5911555.874837512,0.2156127070077052,5.07624718544555,25.64601530180837,21.10820534415997,76.25541463156789
5913389.256355505,0.21559598013553963,5.076687277107992,25.703606554327465,21.093940366527807,91.13840778530935
5915075.960690515,0.2155604321166634,5.077713981764725,25.759653243853766,21.07643383301299,104.52102951726117
5916790.321777917,0.2155109933071131,5.0793680096928435,25.814889371597758,21.058636871823012,116.65243728809226
5918640.295801576,0.21544491606924884,5.0819299718192195,25.871886564465377,21.04063228163529,127.77472896521887
5920426.394338479,0.21535312017290997,5.082743497573079,25.910568606437455,21.03706275480583,138.11051831912613
5922203.687601624,0.21524772334779352,5.083289869516447,25.944854898138768,21.03583979142424,147.84449050076745
5923922.7653010655,0.21512223225527838,5.082235392232308,-334.02806812073055,21.036136088261966,157.1401522404806
5925488.901152801,0.21499039731076713,5.082038310877751,-334.00796763231216,21.035823860108902,166.1385378703302
5926878.557438901,0.21484755373394882,5.0869467222427565,-334.02649099029395,21.052276530966,174.978668328087
5926079.319639165,0.21492486601849453,5.0919755880567426,25.923219786761567,21.079092582672853,-176.22429290692213
5925721.992022067,0.21497966021776216,5.096505457148442,25.866475385456155,21.113591772575425,-167.3801265461546
5924886.664212769,0.2150952037926576,5.099752672682966,25.81888182318727,21.147572186604876,-158.38057811255413
5924572.635836575,0.21517963331264586,5.102709021060975,25.76180175819874,21.19011923090399,-149.09251562171806
5924713.506681815,0.21526476205324924,5.104611856054169,25.70136560816925,21.229373809975087,-139.3727722825887
5925050.942615578,0.21537341767728757,5.105622153291746,25.64656532976229,21.262981963124165,-129.07065705065986
5925374.517893147,0.2155054229239735,5.10618314806565,25.588337764364653,21.30747024807944,-118.01030515636424
5925948.295205383,0.2156439996585358,5.1060037953234,25.543774258743838,21.341517561489756,-105.97396765134198
5926865.561123177,0.21582240144790546,5.105230440931356,25.507317851757534,21.371909935470295,-92.72057174823496
5929135.545129161,0.21603067804866208,5.104299820520764,25.469395527548077,21.39010415753391,-77.97748863280796
5932540.993458165,0.2163055713293545,5.102414466275571,25.429626881561802,21.410926570494752,-61.53991424459479
5936106.5313805025,0.21662487234897726,5.100562385993738,25.42977490058317,21.421535012343202,-43.34991770407347
5939209.643191153,0.21691639001412114,5.097920713233451,25.47520954485484,21.425608182949084,-23.60231159415025
5940059.768177258,0.2170176360945573,5.094504405321933,25.565764057628925,21.417013452882575,-2.860095889950447
5938636.31408911,0.21690239018459703,5.090692245775974,25.670610140543882,21.388611739927697,18.020604839594473
5940576.854806652,0.21696783857893254,5.08915802533811,25.747315908076096,21.364746942493536,38.11813890731248
5942335.578252474,0.21698168611862054,5.088539411288076,25.823223083195575,21.34147881308534,56.735223790558194
5944087.916003261,0.2169694369219798,5.088595885786855,25.90503008741936,21.307933318506883,73.59055653939244
5945990.921353675,0.21696023196770212,5.089018088309748,25.964746397683797,21.292321568836492,88.7099676962577
5947622.6175659895,0.216934483837686,5.090381313772418,26.026479993716887,21.267270314063964,102.29031132696815
5949520.44317789,0.2168913440882082,5.091386230663008,26.079184541263576,21.255718581158348,114.57049332085188
5951408.729387142,0.21682847518037393,5.093599095958837,26.135534491232143,21.239114773082395,125.8044582885588
5953195.5428470485,0.21674884150810686,5.094895154650276,26.177744583198017,21.23296570408632,136.2164475818594
5954999.027173437,0.21664631282013522,5.096226840703837,26.214984089592647,21.229584959746596,145.99598104642615
5956745.675254716,0.21652635923882832,5.096273296876503,-333.75558980564665,21.229540829697942,155.30869682596537
5958445.485824235,0.21638937033839975,5.095641001607984,-333.7312836722321,21.228767743835135,164.29742626023008
5960046.359448459,0.21623042852726543,5.10031736268574,-333.74115097495127,21.2428386260049,173.10156953742973
5959116.889290126,0.21631648752195168,5.104817087795628,26.215056446761945,21.265049667863757,-178.15688093597925
5958719.160688564,0.21636806706946743,5.109191433561569,26.165349034448468,21.296227345909372,-169.39510249827146
5958097.912534127,0.2164648583250059,5.112981265063266,26.109000425074868,21.333409731026972,-160.49596882066038
5957780.52112506,0.21655125328377978,5.115950581816845,26.05193100689988,21.373254506655858,-151.34210659066235
5957850.465637034,0.21663405641996736,5.11850376994918,25.98314538662467,21.42160648655342,-141.79596133521864
5958138.564042114,0.21672171136278454,5.119572891362187,25.93261886575431,21.45297112967694,-131.71139308853648
5958665.785885721,0.21683607686994336,5.120346182404392,25.86668255778057,21.499529164317348,-120.9115572702311
5959263.515600847,0.21697945216588704,5.120313312972585,25.819077819807802,21.534013030912202,-109.19818217400264
5960623.0029194355,0.21713234090756656,5.119652365329822,25.767122778581054,21.566552665311352,-96.3233656110593
5963120.955567293,0.21733737075915469,5.1189464353419005,25.723252661990745,21.58255104958668,-82.03046475033248
5966533.7829465475,0.21760648985204947,5.117333182366747,25.678711938396322,21.603030064888056,-66.09535068836983
5969940.277132772,0.21790409686993384,5.1157310965556535,25.669499708192937,21.61407118904157,-48.40437862360564
5973189.77809138,0.21820598697164667,5.113534127917828,25.701871271785468,21.619684554612174,-29.064927918637046
5975725.681872005,0.21842656792232207,5.109999803444577,25.77527793506923,21.614685656060402,-8.53277986442395
5975586.653746748,0.2184108546867409,5.10688315635359,25.878515245741553,21.596010440043518,12.379377965173987
5977644.31843755,0.21849304368634465,5.105022443129069,25.956041526989114,21.57212444248513,32.75443784154878
5979337.491290271,0.21851782201182832,5.104186178106091,26.02947341190949,21.548356635272693,51.79475325159404
5979501.446918139,0.21837536632689833,5.104009332313302,26.110244744353828,21.51489007015303,69.10833289968255
5981001.569537813,0.21832406231013954,5.104545857720243,26.18028198643619,21.48884442129253,84.65281642800599
5982872.207503164,0.2183048719407344,5.105494845891949,26.242048357522222,21.468632299457475,98.5898266999069
5984514.648612615,0.21827322677419142,5.106686577238796,26.29288848652544,21.45329943552126,111.16627916361345
5986132.602195863,0.21822806800953187,5.1081061680745465,26.338949181348898,21.441375778873486,122.62962214698474
5987854.084491892,0.21815006891433633,5.110658210653861,26.387113824912475,21.42759879935924,133.20805281387547
5989665.804047313,0.2180499933608743,5.1113724813172965,26.423362945959884,21.425371903438837,143.10126994594708
5991431.281661455,0.21793061285381388,5.111695905615866,26.45325568608967,21.42499125728745,152.4832490744065
5993165.519591264,0.21779736021234136,5.112190815732987,-333.52147446380474,21.425316604656523,161.49954470430367
5994647.71654062,0.21764380351335777,5.115184543381316,-333.5279432964527,21.43268753773461,170.2996343941978
5993841.500197662,0.21771075144230334,5.1203878942606496,-333.5737233622875,21.455192617400435,178.99977980901147
5993558.0841168575,0.2177470482204162,5.125212021809025,26.37141253621175,21.48604321451192,-172.31233014855945
5993338.744980263,0.21779436060775248,5.129075426946201,26.318039719546274,21.52029741370288,-163.53110765312925
5992925.244680569,0.21788342572436173,5.132181339431264,26.26291681509988,21.55781321756741,-154.5374628437383
5993074.823594641,0.21794503440231627,5.134912730587555,26.196264969353155,21.60357379505718,-145.2005273649898
5993068.001418518,0.21802185028628981,5.135931260393092,26.15898327753912,21.62886195167745,-135.39040511304583
5993684.197095439,0.21811029710637356,5.136649525203388,26.10495009467334,21.660670076213005,-124.92339254603098
5994263.016192971,0.2182419126233667,5.1368468299882615,26.051752612063197,21.698272019019125,-113.62374337650212
5995388.348118344,0.21838909631119124,5.136538044818789,26.010260452416215,21.721710020100176,-101.25874979124946
5997020.865910407,0.21857506775733637,5.135664247551145,25.969600491564684,21.746700871309393,-87.58372764749411
5999827.991458084,0.21880545226055262,5.134199914339647,25.924403662851255,21.76941405472621,-72.33935447844411
6003067.7345617,0.2190833543863399,5.132302429513276,25.9010342995305,21.7860168765155,-55.360236241050615
6006587.395037927,0.21940363113629655,5.130246191189381,25.91668457957332,21.794371890641216,-36.65075283100554
6009426.9575651605,0.21966367581728993,5.126722816182447,25.97629569417174,21.794678378192156,-16.526391933873107
6009823.450582113,0.2197103628914143,5.123036091586527,26.074435928072536,21.77947247404379,4.324462698160801
6011972.453149904,0.21981392462804514,5.121817992471614,26.13966966305142,21.767461183658273,25.002998539266127
6013853.006491642,0.2198607754435869,5.120744851745815,26.21395498184322,21.745615302117,44.59878160175879
6015651.484157311,0.2198662671100901,5.1203103077967675,26.29227652432165,21.718298849423284,62.56820617516219
6017284.449038019,0.2198480669892023,5.120619518807743,26.363522263982333,21.690127023485825,78.75475959994279
6019137.198543815,0.21982593372976877,5.121118627428492,26.419878447414135,21.676462902910444,93.25122878411234
6021037.325642537,0.21979696170481267,5.122201840798915,26.47750902992925,21.659882777519186,106.28277846059943
6022832.709196636,0.21975308053383855,5.123892398464177,26.53199198939175,21.643265727074063,118.10550050768795
6024683.135305461,0.21968857136281306,5.125250679367683,26.57873160867605,21.634515613972315,128.95640962451589
6026531.398641815,0.2196024944393231,5.126652038772065,26.620515365111775,21.62899249238198,139.0480889062075
6028120.81994286,0.21951198857208282,5.126908719971191,26.650471560608235,21.62849366561164,148.56564969890752
6029859.672344711,0.2193859167176485,5.127408478087878,-333.322408910344,21.628461963025405,157.65860776082974
6031565.58824412,0.2192472043227857,5.128145082579752,-333.30052003759454,21.62972256781522,166.4625357877214
6031336.6974475235,0.2192475848844843,5.132149348360581,-333.3377785311945,21.64382780691539,175.1394310419661
6030806.547860503,0.21929838995626308,5.136612462354287,26.616972179429194,21.668233409042223,-176.24779954121828
6030197.523861641,0.2193769434976421,5.141168805196534,26.56137522344078,21.703388995714167,-167.588122204602
6029716.756258521,0.2194569934055601,5.145103980169583,26.50488279641514,21.74477507091872,-158.77495396350645
6029609.1883255355,0.21952806375152253,5.148313813181969,26.44047603638034,21.79088519689633,-149.68055740708309
6029698.558523335,0.21960027860349327,5.150349461121742,26.381918254240464,21.832487439400875,-140.17701008581537
6030373.602354594,0.2196804442818397,5.151533517105218,26.317109409971245,21.87100751860432,-130.10176995466801
6030925.999121552,0.21977703041918117,5.1520311685213205,26.262998574629673,21.907858686412094,-119.29586593455525
6031753.221454661,0.21990853618354858,5.151902371711279,26.215564938882263,21.939054185696953,-107.54376337826609
6033555.091581676,0.22006565967319516,5.151150023790654,26.157820530500626,21.970544088792035,-94.59634412511986
6036752.278948067,0.22027247014203977,5.150353023071813,26.101554510763215,21.98690628890292,-80.19459032478677
6039807.548323693,0.22053703379497386,5.148788481512161,26.069726787171227,22.005123174888784,-64.14731032778774
6043275.508500952,0.2208440512027216,5.147022054750923,26.065753573587333,22.016107638607323,-46.32990533446553
6046635.225956174,0.2211460285786733,5.144333525386429,26.09955465347448,22.021585464403096,-26.883708206383403
6048685.690254007,0.2213288190996109,5.141263351774368,26.177034418512246,22.015629587800714,-6.313855540170167
6047838.916493837,0.22126251859323198,5.13706675873118,26.280475591979382,21.987915499089155,14.547830834331954
6049902.422554938,0.2213404383308481,5.135565694403405,26.353956733918466,21.96698769282487,34.76581883687365
6051698.575232977,0.22136740557592471,5.134777647165807,26.42858408249971,21.941854042884753,53.58246692484555
6053029.216999117,0.22132324079537505,5.134717251509703,26.503742656340147,21.913853131046558,70.64776316270165
6054822.438434979,0.2213062647359898,5.135198681918038,26.566974914206813,21.893467228680716,85.94947685941243
6056464.145330159,0.2212780454179903,5.136135192703504,26.622349456707905,21.8748777371512,99.66606638436706
6058380.6424014475,0.2212373953374294,5.137264826316439,26.676827591473753,21.86109483200376,112.03519414730867
6060304.890140215,0.2211812058832988,5.138993995233101,26.730395689296223,21.847271278684516,123.31275732432984
6062039.540330177,0.2211116598924878,5.141085973498169,26.775774924374016,21.83653344483316,133.72924616672464
6063875.010138568,0.22101299923217058,5.141630888494507,26.811548143907938,21.83493557979531,143.4750370269031
6065675.138906235,0.2208981585884318,5.142594313296792,26.843554819744323,21.8339751117567,152.71884823782815
6067422.824463991,0.2207666243465686,5.143453577131748,-333.13093005033056,21.83464202516435,161.60511675245888
6069010.876667028,0.2206054713553252,5.147315408183517,-333.13793250773847,21.844437283645668,170.27797255013797
6068117.516482141,0.2206805337167612,5.151035661231423,-333.177081917252,21.860685326217396,178.8535196012327
6067594.5622988045,0.22073749767003076,5.1552577122984875,26.779038788937456,21.887733284112315,-172.591773971609
6067058.812478622,0.22081357639471982,5.159527293323793,26.724717862165928,21.925453659258615,-163.9438623482929
6066507.344763158,0.22090710767570088,5.1631723660748,26.667822732580934,21.969107072983398,-155.09331800522705
6066205.554899134,0.2210099442441245,5.165798860101225,26.60808501086023,22.012481283655486,-145.91122177184027
6066428.034332052,0.22108762864578857,5.167313017696953,26.55278122382036,22.049211424918223,-136.26024267071148
6067061.781104384,0.22115492653106733,5.168350373205524,26.488128106252645,22.093062228617494,-125.9801949100265
6067368.424278393,0.2212874812192638,5.168651501058782,26.43163856111983,22.13942475347248,-114.89648343811251
6068078.486779224,0.2214429658082922,5.168307388261717,26.392407671888336,22.16893126746691,-102.780024625499
6069641.651005477,0.22161047122085278,5.167294781980317,26.34512287350465,22.199701832775407,-89.37648851683403
6072407.763532605,0.2218119478313574,5.165988616975685,26.29691524489705,22.221052492713167,-74.42857678360768
6075867.791589562,0.22207937743428433,5.164275593569951,26.264837310704237,22.236995133551083,-57.75342464409871
6079555.1667072885,0.22239942180431693,5.162593762059369,26.27279904175617,22.244602361780135,-39.32612639469171
6082966.791289339,0.2226936233871853,5.160155218793139,26.32146368709333,22.245906758771664,-19.406598731487275
6083845.026241431,0.22278056030958573,5.157568500247886,26.41241081195129,22.236675511131125,1.3563631682016275
6086099.005465111,0.2228958836863148,5.155379480924461,26.48369954718928,22.21725784052995,22.085481863131466
6087851.057985395,0.22294063970559447,5.15399084090732,26.559596613642665,22.19182591093969,41.83510639715724
6088285.51044303,0.22283234972833818,5.1532879270165095,26.6501095498849,22.156124131073827,59.99675753751608
6088482.244313469,0.22270313914844006,5.153545329849626,26.719401339426522,22.122907573195683,76.38254814384366
6090356.2706232015,0.22269344946679842,5.1542985515423,26.783122785426023,22.1004227413228,91.04293104209788
6092101.767325316,0.22266737626127084,5.155650983171271,26.84240780184923,22.07848601978637,104.20163065286211
6093894.16563914,0.22262398255857033,5.157206184287809,26.895859282592454,22.06237392497302,116.10914984707898
6095730.1965492945,0.22256680655127647,5.159330853319913,26.947642114690005,22.047903124110608,127.00923457164876
6097415.8608313985,0.22249205614430081,5.161330482235404,26.9889274709725,22.03939529056266,137.12112726538885
6099261.258286141,0.22239029196187357,5.162538811796717,27.025423887792826,22.036752163905103,146.6226908079702
6101054.65819855,0.22226997658746872,5.162205287431881,-332.94499811527794,22.036851707400288,155.67544999837864
6102725.213148924,0.22213468572925482,5.16364997392697,-332.9253384466822,22.038851739657737,164.41826577588486
6102173.852528684,0.2221603977508111,5.168112053178041,-332.9639194552481,22.052851609237184,173.00886893078442
6101620.281569613,0.22220836909534564,5.173292118463676,26.988735476297897,22.078762852759496,-178.49180205188983
6101106.52673346,0.22227135020370284,5.178006016109205,26.935522941630904,22.112322911230546,-169.9756119552652
6100704.507989526,0.22234144695255428,5.181464165350515,26.88446164964029,22.14587880488199,-161.33522563036797
6100336.19207461,0.2224188488469472,5.184893432386083,26.827106472239514,22.190970253655266,-152.4599433935343
6100426.8641448915,0.2224875217430709,5.187300749998439,26.764789554506983,22.235098478798275,-143.21340772771546
6100837.944448423,0.2225409711677684,5.188706814029385,26.70785875398707,22.27417589558286,-133.45923420544042
6101259.091730846,0.2226330497312355,5.189232757060053,26.663863743093298,22.302254611634975,-123.03303573584046
6102103.811825044,0.2227431441421083,5.18926940136465,26.620012295197757,22.32736439303062,-111.73484578698294
6103460.8888215665,0.22286873150240913,5.188764584630074,26.56957169923507,22.35648189115698,-99.33792418201793
6105532.667212039,0.22304971792802017,5.188040435976256,26.52895146074027,22.374607669764494,-85.59197427334666
6108523.360049244,0.22328062176156216,5.186988840286197,26.49116423444135,22.389291554090097,-70.24912727797326
6111849.534308296,0.22357071991924432,5.185188342820157,26.475570243921847,22.403398681025006,-53.15512564485063
6115015.934680019,0.223857706153817,5.183479539037096,26.49605273892247,22.40919005883922,-34.333228920978186
6117905.046670871,0.2241049807231333,5.180648114049803,26.552590358487326,22.407775821584686,-14.139516696104222
6118403.5179761,0.22414865900559247,5.177041193148957,26.64927929518893,22.390676457262796,6.683953532920848
6120730.30354793,0.22425761542231468,5.1756416572124335,26.715832421624867,22.375644120364967,27.220767435840063
6122716.905863915,0.22430654599039518,5.174622108451519,26.790211339253116,22.352617388415933,46.58368230269868
6124029.363812637,0.22425210490086442,5.174222402725665,26.87833645906231,22.31961402219286,64.26764034016675
6124548.374902111,0.22414074585826563,5.17472142167656,26.948498091417722,22.28541680642953,80.17113649858646
6126422.897695873,0.22412015678541986,5.17521735329225,27.00227347134307,22.273117831997528,94.39275937781028
6128084.585125361,0.22408609889584719,5.176166739211838,27.051279919289488,22.259530629860464,107.17668383926222
6129973.37899472,0.2240315144382932,5.177680631867619,27.10413074636989,22.245483755826807,118.76855565821967
6131619.35404565,0.22397342629944875,5.179200308514229,27.146204522614415,22.236237366502635,129.4149346428633
6133464.172157669,0.22389037002349202,5.179931259421311,27.184426605192392,22.233521305978922,139.3135419998468
6135300.669619555,0.22378517437820525,5.181011331439648,27.219194699275665,22.231661262354535,148.64528860201722
6137061.771424256,0.22365774143318592,5.182136035561716,-332.75430108709224,22.231730687185404,157.56362968883053
6138729.647772085,0.22351997550573802,5.184896895625106,-332.73863067735607,22.236648711596274,166.19817574552917
6138376.120328363,0.22352778272199075,5.189154026857273,-332.78011498690375,22.25167300194015,174.70577500152254
6137796.395427363,0.22358191539595482,5.194239012141097,27.17098951789919,22.279217634826658,-176.85798342346425
6137005.921772461,0.22367458646250252,5.198862064016197,27.118342779746644,22.314300497672367,-168.38670702304253
6136162.001006676,0.22378468655850567,5.202166134635361,27.072998501370876,22.348264999454756,-159.77582988521368
6135961.13541472,0.22385592478696367,5.205468791874344,27.01166800604105,22.39429230530391,-150.90103277068278
6135959.932977701,0.22393847016090812,5.207977647234462,26.945706818673624,22.44342993571481,-141.6381459795248
6136404.635238968,0.2240009907931722,5.208876710013096,26.89962500457337,22.470744170469512,-131.84196090101355
6136956.1057436075,0.22410425702557923,5.209551575690782,26.8386817661385,22.513538166582066,-121.34556705876663
6137984.854157349,0.2242178767280869,5.209523613532936,26.799208604076767,22.531849598633794,-109.94623567691256
6139173.539987285,0.22436713943136766,5.208982166290708,26.75787951359392,22.55793735629778,-97.42184139343759
6141354.721408732,0.22455284575763818,5.208038600506165,26.714361942349097,22.579221801731904,-83.50564279117562
6144403.088206731,0.22479478539991188,5.206517906636159,26.675052560131952,22.59866726723913,-67.96256735599916
6148044.709404284,0.22509711146378988,5.204982106698178,26.66154200105284,22.60952570014683,-50.648137404568104
6151425.875903714,0.2253931791620546,5.203429694674023,26.68537244365207,22.61383810302213,-31.630244166457462
6154302.063698128,0.2256334195070929,5.201123404330128,26.746838627829877,22.6113138272944,-11.318333111258356
6153793.480276287,0.22560537668558997,5.197674623258205,26.846597292609,22.592584779001086,9.501914143668218
6155935.305951439,0.2256976886961669,5.196192766354339,26.91435569188168,22.57504908599688,29.90607026389913
6157731.94172197,0.22573247453649659,5.195395788027684,26.983284746437544,22.554725797232443,49.04277459140553
6159342.898777103,0.22572417744289772,5.1951510534744925,27.058930980688682,22.52479792599035,66.46649630544046
6161144.869295634,0.22572300556928013,5.195468884600072,27.11690775464035,22.5071975986751,82.09808334158636
6163123.971647238,0.2257085060075002,5.196224378253989,27.175815816192028,22.490228341894138,96.07613581259879
6165115.029572638,0.22567962883487852,5.196919899495472,27.22614955526668,22.48089158756452,108.64337705810662
6166892.379977733,0.2256246202109246,5.198371903768486,27.274879742789782,22.468193104320978,120.05837367454244
6168414.163998591,0.22555966200074976,5.200052362522006,27.31392818802362,22.458589400647085,130.55616471487048
6170159.171759557,0.22547832498561404,5.201244521144657,27.350991238781038,22.454508978948322,140.32856851648359
6171803.740849629,0.22538492678999367,5.202449661524123,27.382213256919787,22.45271133649346,149.5541221423535
6173249.116296841,0.22528411126269912,5.20299363942604,-332.5951181190674,22.452845651471268,158.38199446983717
6174773.41566531,0.22514886510622684,5.206241276510304,-332.58737115424685,22.45921056745516,166.94138014836514
6174062.759626506,0.22519825547423392,5.211485836702928,-332.6288164800528,22.478600065883988,175.3732955377154
6173498.111458205,0.225252232959158,5.216577501108393,27.32059937064536,22.50702321488348,-176.25236928947848
6172701.647557473,0.2253457038641342,5.220808812781206,27.27156409532579,22.539874471468945,-167.8378800840159
6172074.018841196,0.22544121193893643,5.224592779036679,27.21687207426637,22.579533492139905,-159.272360418087
6171909.74056966,0.22550998921061605,5.227855763774415,27.15528029563602,22.625842780476358,-150.44093312079738
6172171.852306062,0.22557499602943573,5.23019679874553,27.08805946303415,22.67260858837935,-141.21251212377746
6172537.298260601,0.22565811137889732,5.231568150875094,27.02654302543606,22.715385023195683,-131.44932782306228
6173014.3899677135,0.22575873741604643,5.231934685307656,26.986236819409168,22.73976898839665,-120.9831699947261
6174238.453546403,0.22586076535714603,5.231858429778716,26.929641733959183,22.771878460630003,-109.60280822395428
6175832.110623518,0.2259929663012354,5.231281264514619,26.87935975230705,22.79856017207156,-97.08607233282062
6178407.532647163,0.22619521637388032,5.23029687042415,26.830220281227618,22.82022755025236,-83.17363335955436
6181447.523116421,0.2264326817525436,5.229511987972459,26.800660421328054,22.830052567120813,-67.63252248825744
6184864.177472105,0.2267096446929089,5.228764455452735,26.791943564512547,22.835176621338622,-50.3130907230114
6188500.182536576,0.22702269461400917,5.2268179484126955,26.815511163627228,22.840419584359243,-31.289925907545594
6191459.932677887,0.22726485772232888,5.223584214071599,26.87666086307012,22.836710392218556,-10.975773752691904
6191130.235242866,0.22724660398458493,5.220105215565185,26.973553475316212,22.81752132580844,9.83538026065776
6193314.997356657,0.22733948374145962,5.2180029012510305,27.04955149619173,22.792435031273843,30.2090656504053
6194986.638227617,0.22736514219431025,5.217179753886118,27.11888790235644,22.771103048318505,49.301348487423915
6195014.481383786,0.2272281214334825,5.216826841608934,27.20992200564416,22.724099854149856,66.67215288974661
6195274.501643013,0.2271050165347865,5.217628562302928,27.28269060858014,22.681911109155852,82.25555652882346
6196660.85961334,0.22708835034177588,5.2183230966885334,27.327978290347556,22.666561748353573,96.18857044957576
6198664.088163899,0.22706315555986029,5.218821834850056,27.37527739531075,22.65992363380991,108.70161485205884
6200360.395152627,0.22702632077325274,5.219700503561222,27.416939398218737,22.65229825503719,120.06675160170593
6202297.69152892,0.22695526379544034,5.221002425871565,27.46207891535455,22.64491948696744,130.50655345665905
6204216.045562444,0.2268673965312461,5.22242682905929,27.503000183471137,22.64009053499429,140.22762533706373
6206048.915063303,0.22675632184952843,5.224250547139933,27.53682510162303,22.637399640494767,149.40379977936487
6207844.427221246,0.2266282153278788,5.226000570454178,-332.43650860234914,22.637851443398777,158.17941147365084
6208981.485663716,0.22650237212596502,5.229698573343503,-332.44543261971927,22.64501832659795,166.70540973762164
6208152.9436466135,0.22655947561245415,5.234054835652976,-332.48659208752235,22.66094243012091,175.08894114377733
6207484.941407783,0.22662287818863217,5.238904060555937,27.46709180628376,22.68770037050348,-176.59415746874356
6206806.121583205,0.2267018258445682,5.243525173142277,27.41792411213881,22.723127922145544,-168.24139191412075
6206244.084215697,0.2267871355133022,5.247462501035592,27.363453457697968,22.763802854057918,-159.74229540697817
6206065.361490851,0.22685324867255918,5.2507666340754575,27.303159903168403,22.809893888626075,-150.98484516693009
6205964.926296122,0.22693338780629313,5.252598432453007,27.254173629306734,22.845683207592092,-141.84658813713645
6206448.700285405,0.22700759940990267,5.253667020239401,27.20104561547024,22.877944798229837,-132.17673053983648
6207104.56319678,0.22710494964798836,5.254283451672956,27.142841551185068,22.916299680133843,-121.8174620259539
6208122.305131201,0.22722803246232137,5.254237928874203,27.08454497215772,22.953953454775604,-110.57066460894936
6209528.583871948,0.22735312725455942,5.253452894951961,27.02518927713676,22.992717727671057,-98.2085319425403
6211810.508219162,0.22753017094949712,5.252231203321854,26.972145382019104,23.02078152080641,-84.47323075960193
6214859.0819563195,0.22775429395305452,5.2511376009079695,26.93477819158507,23.035044721809818,-69.12264430371859
6218060.9735821225,0.22802947625749498,5.250478566500628,26.930187534776543,23.039801075210033,-52.006510508916804
6221706.997527428,0.22833993936022254,5.2491280120414485,26.950770193505537,23.04383053544423,-33.156384221423345
6224695.994336335,0.22858668647527522,5.246284237034004,27.00749066588106,23.04152855081527,-12.955668669377108
6225042.840541011,0.2286168207622738,5.24251160339113,27.10610501560461,23.022475400705027,7.828640682619259
6227302.361532623,0.2287189147666706,5.240492489191532,27.17769060391988,22.999977610389315,28.27121053586153
6229345.7358456105,0.22877165447847816,5.239540850109993,27.248960382914134,22.977373951244527,47.49121026602719
6230239.8347481135,0.228708003456035,5.239296120321343,27.31778081844812,22.95361663020582,65.01094012273087
6231830.400773097,0.2286612162325668,5.239759692934128,27.390928492335572,22.925549634317207,80.72162070694056
6233718.85343493,0.22863716517363777,5.24034537349187,27.44563900867391,22.911830066583526,94.76240088555338
6235519.615363194,0.22860435906765855,5.240995939518637,27.491690254926723,22.902843666047236,107.3706534947352
6237231.506903594,0.22855490313590843,5.24296986221733,27.543612934080233,22.885127510021903,118.80109326800472
6239014.568120185,0.22849947602978166,5.243836619197014,27.583668359356437,22.879989269696985,129.28606233447564
6240932.428530274,0.2284165246575037,5.244455655759065,27.62210196508647,22.877745420177188,139.02909410752596
6242761.124500552,0.228307117377737,5.245144441677124,27.654186634629433,22.876578889656436,148.20973386402156
6244515.338711351,0.22819043858741858,5.247341768565231,-332.3175985756403,22.876693835446797,156.97224703205336
6246140.548597943,0.22804131789892024,5.249760524753864,-332.3093152214153,22.880838477941204,165.45704915688597
6245439.07251993,0.22808295994120542,5.255308251230924,-332.35271529556377,22.899718380405808,173.79795201748453
6245130.785768963,0.22810780633850694,5.260332919472414,27.598726627464625,22.92592711085959,-177.9397226918344
6244418.845986601,0.22818877004551275,5.264472072714295,27.55284808257901,22.956090052941455,-169.65904711479183
6243624.208427027,0.22829179941846534,5.268614262577838,27.50023082785626,22.996776541621568,-161.25469163976652
6243190.939545803,0.22837514647979348,5.271799623992711,27.446887619764542,23.03883025396199,-152.61485956930542
6243618.424575599,0.22841690755220598,5.27431001443412,27.37910294752911,23.084714475800553,-143.60812971786368
6243820.363324456,0.22849985637460465,5.275688922836501,27.325136607179246,23.12258827871432,-134.11401960398072
6244333.442858467,0.22859169174491425,5.276274240821517,27.277317479067968,23.152871661998695,-123.96539458586813
6245192.288180402,0.22870431330511654,5.276343230063133,27.227578309284503,23.1839698336383,-112.97355911000808
6246503.091922551,0.22883135512492747,5.275980717912008,27.185370340706335,23.20622900791071,-100.91688522047573
6248913.647641422,0.22899165250031386,5.274931334967083,27.127345392539493,23.233507841059296,-87.5361687926664
6252050.719673479,0.22921247818334323,5.27421889964155,27.08950485365429,23.24385959253111,-72.59122407429031
6255755.081514556,0.22951166976887805,5.27365942540242,27.075974299669156,23.2484536846587,-55.89897119693154
6259449.178101778,0.229826493118656,5.2733927668998435,27.094068763412118,23.2493610913757,-37.440502724771825
6262272.43798398,0.23007414627893302,5.2714931038801875,27.146206721613098,23.24932267916423,-17.51197269897924
6262836.337444138,0.23013329149610778,5.268030870662923,27.23869813340795,23.235340442599696,3.2007493027257596
6265169.394707818,0.23024860696432503,5.26667570558461,27.299225608892026,23.222372272555532,23.790956779540604
6267053.4976781625,0.23030027672367667,5.265509521491388,27.36919146308395,23.19934736245539,43.317835222476575
6268088.184016267,0.23024770141843967,5.2650258767568845,27.446900249042297,23.170181115560606,61.206709990717705
6268873.398729842,0.23014048041576432,5.265469065915821,27.53006563806981,23.12980058225661,77.28606969574344
6270865.374696158,0.23013411187875749,5.266089039035689,27.587959925709228,23.11303570140296,91.6477690383881
6272840.569078764,0.23010577473697347,5.2667939231323535,27.638973952703637,23.102299730907752,104.51559006123419
6274722.42865883,0.23007161568314502,5.267102393071307,27.679266080146295,23.09922493235886,116.14836848672127
6276453.777047029,0.23002395085850336,5.267774378895222,27.71746035877152,23.094837137258132,126.78824406210613
6278200.357895587,0.22995633226132334,5.26902421557149,27.75579626104812,23.089734133514522,136.64350239966174
6279868.5141361095,0.22987281788347527,5.269969511777404,27.788141350846356,23.087736543334508,145.89564533198202
6281698.307529317,0.2297534443853414,5.270995254366648,-332.1821696382337,23.087362517095915,154.6945849405533
6283446.432683814,0.22961369610745783,5.27284627970738,-332.1628922377214,23.08975316303264,163.1773530701892
6282691.631859785,0.22965063553118223,5.277041403065533,-332.20259964327283,23.102120643214576,171.49982278724318
6282123.335631499,0.22969499009045868,5.282064464976389,-332.24864119051364,23.125720404535148,179.71299968108553
6281371.617688317,0.22977726218383115,5.286910617320118,27.698120830393112,23.158000199444132,-172.0791004759374
6280904.507406315,0.22984652130678848,5.291097773310167,27.64491198176534,23.195731513610234,-163.77999063678715
6280696.079182612,0.22990920503072573,5.294603158493847,27.58716580311306,23.2380002588107,-155.27902874866083
6280415.829484545,0.22999493878968938,5.297526738595793,27.52700928370677,23.28608315394541,-146.46498145974806
6280264.797222633,0.23009380310576794,5.299631131794101,27.465471488667763,23.336274666163728,-137.2055471511252
6280573.6425222065,0.2301832280992062,5.300704587666705,27.407301459283484,23.37980281373684,-127.34587134399172
6281441.761566589,0.23028454150126643,5.300887619976733,27.36308562753022,23.403378386470898,-116.7050987393473
6282621.769454362,0.2304165285961334,5.300627894813155,27.31793552687043,23.42903618726283,-105.0801279369587
6284777.181598071,0.2305723275249812,5.2998196689335995,27.26304304952338,23.45531065276087,-92.21912686719537
6287736.869555652,0.2307631395760343,5.298509085091206,27.20886882007667,23.478058909113507,-77.8704519761643
6291373.648097888,0.23103196401971493,5.297252131897502,27.17652537080433,23.490673771066263,-61.819890859293494
