Episode: 141
11880.126384116702,0.15312845458853455,0.12878336820383265,0.04101184008848354,0.014904273958095082,1.2375097555926844,3193.8165235749652,9169.98888355496,658.2064990627102
11881.924196105785,0.15301610874635393,0.12896341965009459,0.041010997805054815,0.014898928950832675,1.5807795283772303,-88.61359780340446,10082.321819822422,831.1951472783422
11883.570521908989,0.1528875535847425,0.12910085187092077,0.04101275474373755,0.014888418258498808,1.8949086640110167,-3369.8790416262705,10033.66369788295,925.1218788927561
11885.19858148516,0.15275196189277562,0.12920920065291291,0.04102144827778194,0.014871122020571097,2.178465055185873,-6379.659521681843,9154.856616188647,942.6310288967449
11886.888792514634,0.1526212028059296,0.12930318781022734,0.04102084966190473,0.01487167775050471,2.4339037524687637,-8943.60255369888,7626.133367968183,893.3745661975977
11888.587723126255,0.15248348588511432,0.12937961016785246,0.04102414773027279,0.014869408087642269,2.665349913410494,-10968.092966693617,5631.49007184976,789.735982312553
11890.298949478407,0.15233934025917892,0.1294408328387393,0.041031170665930185,0.014866656146365141,2.877244279363236,-12415.936750654466,3336.942687286691,644.2312409723023
11891.99399515103,0.1521878590964987,0.12948219801061572,0.041030778629049504,0.014866691124210761,3.0737208297038583,-13285.50010051916,884.3493723076613,468.48619173953585
11893.616520614614,0.15203570698598456,0.1295006623343124,0.0410334945267218,0.014866738801449352,3.258416993252478,-13596.275008972721,-1607.3147184359912,272.8768259945789
11895.24015462946,0.15187881119464766,0.12949091772590116,0.04104042528448568,0.014868167580508284,3.434489787975944,-13380.000974264685,-4038.0453594253418,66.55280399719584
11896.755531779958,0.15173383069111776,0.12945342898249818,0.041056169707204944,0.01487441463667284,3.6047065193199033,-12675.705560271814,-6322.496981536319,-142.3390376932786
11898.318012331036,0.15158937444566636,0.12939219182766484,0.04107120457968079,0.014883551766537922,3.7715581799719304,-11527.336410345217,-8386.157065788271,-346.3847567710146
11899.817207472966,0.15146764220501097,0.12930231021445993,0.0410947026012292,0.014903849837173055,3.93737382020929,-9983.060489677533,-10162.217468107698,-538.6839110549937
11901.37091187317,0.15137644985613283,0.1291765173822339,0.041111202373887046,0.014923748790677689,4.104430437516719,-8095.752002799969,-11589.179097826745,-712.6153619055603
11902.82525573516,0.15133416473057243,0.12903965650270088,0.04112691420493085,0.014950956675906006,4.2750637787626165,-5924.481412145016,-12609.234143396849,-861.6544806176112
11903.933431128824,0.15139326407200743,0.1289261406654789,0.04113769086809183,0.014980441084702792,4.451775191566692,-3536.885173049835,-13167.418419482943,-979.2631534562177
11904.209293889633,0.15149307485146318,0.1289139572808113,0.04114427688466412,0.015018894380081582,4.637347109871364,-1012.4960919242286,-13212.001789745776,-1058.8146257333635
11905.13150331183,0.15161404386992364,0.12887352902565719,0.041143516781550364,0.015054446073496996,4.834959724138711,1553.1394192565956,-12696.503733277721,-1093.6200581276382
11905.821936527067,0.1517246651297357,0.128880032136836,0.041137289822228945,0.015081525168017963,5.048275542242278,4043.421176623612,-11584.124504107369,-1077.1086473277076
11907.649858860008,0.15192864935558467,0.12888782446042837,0.041132450023774705,0.015091618953653014,5.281433999095579,6315.45868670708,-9856.138304032569,-1003.3613123725519
11910.308787578355,0.1521805295590381,0.1289262461191065,0.04112744549892763,0.015097664999330095,5.538843068836066,8196.958416996335,-7526.45026008898,-868.2637610306268
11913.11787118489,0.15242589815921562,0.12905642746649545,0.04111892986144356,0.015103558499312188,5.824491567111726,9489.94304359055,-4663.748702130394,-671.4890408675595
11916.170023577452,0.15264179143408732,0.12928423797477023,0.041105544147694566,0.015107710823978979,6.1405186236476546,9990.17634364794,-1418.6891790575248,-419.29353864374525
11919.214759906383,0.15277677858412328,0.1296054682388271,0.041093556892531725,0.015107256219392826,6.484984712396906,9532.03336779282,1955.7362521263965,-127.51385540566173
11921.244395496313,0.15274273884143164,0.12995908433303696,0.04107675933775043,0.015100272030803873,6.849755658228034,8056.836422166114,5116.291541898489,177.34017226209227
11921.468892612791,0.15255470225875176,0.1301888793662241,0.041051432418530605,0.015076293194839559,7.220674980396989,5672.4246878506065,7697.6403774627815,461.8433342108304
11922.855490566466,0.15245140054222786,0.13037047569060195,0.04104675735647409,0.015066385709592274,7.581485699109992,2650.4271084099973,9418.572542567612,694.6670963475133
11924.162300227528,0.1523350960982372,0.13050819462448118,0.04104535295431734,0.01505241003283281,7.9192991618132424,-653.9069329757044,10158.66853008862,855.2526623163533
11925.791987057322,0.15220523275840628,0.13063855669079363,0.04104927937647778,0.015034844044482614,8.22762240165563,-3904.864481240042,9957.396237173343,936.6960473144876
11927.484459275376,0.1520741367386237,0.13074782263329549,0.041053196755141116,0.015027790992583126,8.505755535319915,-6849.707804304361,8957.108704382417,943.1103184199801
11929.03295620892,0.15194248602731486,0.13082598650650995,0.0410571100223718,0.015023743677975819,8.75647420091529,-9329.895299928592,7340.092725495631,884.7570240975709
11930.797980271978,0.15180267389655905,0.1309045509898641,0.04106756480688049,0.015017246179479754,8.98396398499119,-11263.289469021965,5287.437210567344,774.0515571120591
11932.503485556086,0.15165392050408802,0.13095758289478474,0.04105958118564192,0.015019980473285665,9.192600656438728,-12620.094495334582,2960.5272005135816,623.4148102304769
11934.21469467944,0.15149889176318299,0.13099298624450048,0.04105675891031198,0.015020332241196945,9.386409232535044,-13403.10646255918,496.5289755396445,444.2590632019284
11935.89168194596,0.1513405437974757,0.13100483224140902,0.04105789905509235,0.015020373281670064,9.568921524108635,-13634.368434372398,-1989.697482140118,246.67249053908094
11937.531129337938,0.15118259534694842,0.13099154945524263,0.04107558408914399,0.015024537253196281,9.743202275585153,-13347.038228781306,-4401.559272154902,39.54856420620099
11939.110056228796,0.15103559297878363,0.1309379570263689,0.04108461008121223,0.015028374002181372,9.911944522492723,-12580.900095469962,-6656.487335028974,-169.14113132812795
11940.606500316884,0.1508979458782534,0.13087793206557086,0.04110620337248065,0.015042206912374158,10.077580712401497,-11380.328990415674,-8682.236147918959,-372.12999943177
11941.961424857567,0.1507848592572421,0.13080011588981527,0.04112695382964455,0.015060954829104817,10.242392984100928,-9793.781659127417,-10413.893054527998,-562.6553097707736
11943.412710487266,0.15070768126138534,0.13067793803608352,0.041144246067210184,0.015082743934650276,10.408623572030795,-7874.326935449426,-11791.596423583596,-734.1896683328406
11945.042138702407,0.150668803809088,0.13052268754141808,0.041161498983132906,0.015114102793027625,10.578583468874134,-5681.20165195362,-12759.03488488756,-880.3220711063452
11945.711476166016,0.15073316238746215,0.13045326477646496,0.04117524350495101,0.015154199455498694,10.754752339343243,-3282.29523777772,-13262.716593135732,-994.6247599393934
11946.474398471613,0.15085392570338124,0.13040123164417358,0.04118023691905151,0.015187206306767701,10.939895022350898,-757.3642428357679,-13252.423501454758,-1070.5337288498363
11947.26991273952,0.15097966217900477,0.13037782904028555,0.041178914841912446,0.01521982337071734,11.137179622694802,1797.837995064629,-12683.376744514246,-1101.4237599427815
11948.182067824704,0.1511083492501893,0.1303773127879895,0.04117049181942407,0.015253492824815865,11.350249485025794,4266.55788157663,-11520.802768060059,-1080.8776368145873
11950.067815339858,0.15131502672392846,0.1303870566079682,0.04116006982271711,0.015274154439154544,11.58321700999859,6506.07305783431,-9748.4344311407,-1003.1755849779622
11952.300075965286,0.15153370459280452,0.130441490729879,0.04115444510173933,0.015280692468045923,11.840437955645776,8344.855213671275,-7383.204647891723,-864.3995735450404
11955.187528958568,0.15178010011506418,0.13056991730358922,0.04114475630466256,0.015287132209262495,12.125821268360756,9586.852489586521,-4497.188599245676,-664.4625660981771
11957.996173454674,0.15197420547544382,0.1307877046092758,0.04113401305169809,0.015290233032776828,12.441388326145432,10031.53795209681,-1244.2595490754277,-409.9213087335766
11961.217168257723,0.15211695978111903,0.1311065535272984,0.041113053396274885,0.015289172316990889,12.785062718036867,9519.052477431345,2120.7804751664244,-116.91830112531805
11963.295983086726,0.15208244186308106,0.13145731663283045,0.041100083671709677,0.015283491479774664,13.14862112484478,7997.694602791936,5255.9846076505255,187.93878874100946
11963.21559602689,0.15186342559919444,0.13168499070062298,0.04107143613746233,0.015255610666213122,13.51794692722869,5581.093861888317,7801.110228991998,471.42455598419303
11965.148869880186,0.15177894141320963,0.1318951756086109,0.041067175544018564,0.015246267367996554,13.876971060563495,2542.9014940178695,9482.381415668771,702.6380676622207
11966.751955905926,0.15166258980753886,0.13205246927032516,0.04106619205693805,0.015235231841015875,14.213026793898877,-763.7595325276234,10186.025380364163,861.527535075948
11968.225324960746,0.1515015248690852,0.13217282838034614,0.04106989353889621,0.015219383448316916,14.51976411469121,-4007.502903472711,9955.265417985052,941.5129947705692
11969.90182884686,0.15137781292019847,0.1322805436809123,0.04107892186870691,0.015203639039811541,14.796529378542237,-6940.000280557591,8933.548911103902,946.8041993473545
11971.11621737868,0.15127348704469504,0.13234062887152806,0.04108254941616259,0.015199935624792953,15.046078368933875,-9406.136477127357,7302.643887562615,887.6710702161804
11972.850432860214,0.1511389156194679,0.13241882068284433,0.04108789156984612,0.015196631263296845,15.272550151891885,-11326.065769851804,5242.345855508127,776.5202271872223
11974.514650293195,0.1509972640985775,0.13247316826193828,0.04109296470975583,0.015194857412832163,15.480272011215881,-12671.42119567217,2912.5796559059268,625.6548968362056
11976.248103332178,0.1508431070644862,0.1325129992346157,0.041088769428158076,0.015195376409066012,15.673227800098893,-13445.830838324078,449.1290859378844,446.39395758218575
11977.93988468658,0.15068468445371233,0.13252742970504375,0.04109121816298789,0.015195496013129375,15.854911700867719,-13671.779439201508,-2034.4159434521569,248.78319348769054
11979.463468150909,0.15053844858916662,0.13252179773790615,0.04110760646197633,0.015199394617725862,16.0283557959305,-13382.615553566926,-4442.609676870117,41.6452035869724
11981.082845779438,0.1503852733058941,0.13247861841571734,0.041116203116561056,0.015203063665181918,16.196223568209025,-12618.134599939976,-6693.971865876591,-167.11394521179895
11982.555114362747,0.15025337364690372,0.1324142336895981,0.0411266726698239,0.015209772370752491,16.360918448824652,-11422.527755560039,-8717.30369382624,-370.27123248796346
11984.125163565554,0.15013670008207336,0.13230921175257843,0.04114682873678541,0.01522797002204151,16.524693633736106,-9843.871310940009,-10448.712570204507,-561.1385840129946
11985.456652628613,0.1500742624663783,0.1321919651146486,0.04116263210812104,0.015247822487110742,16.68975638462248,-7934.700870651316,-11829.366781594179,-733.2948804575929
11986.26784760278,0.15009110410261448,0.13210210105233444,0.041178260179709,0.01527604530320709,16.85837133035398,-5753.516070842737,-12803.958701124626,-880.4058499065966
11986.675349774085,0.1501874084213368,0.1320540790298771,0.0411879448721687,0.015303907052064206,17.03296754993655,-3367.0544220410966,-13320.015326490025,-996.1130901861536
11987.155834298985,0.15029763494247275,0.13202597948298322,0.04119422267629794,0.015343853244438292,17.216255589151753,-853.4090431988456,-13328.337136784487,-1073.9871800816704
11987.985189635861,0.15042628397524435,0.13199943242215464,0.04119298120051323,0.015381740623675467,17.411330961333807,1693.956801069274,-12784.88036443888,-1107.548080808719
11989.029244381743,0.15055837481623605,0.13198603933666725,0.041185703003812725,0.015412168638446582,17.621756863833372,4161.382767266419,-11655.003280693436,-1090.419523294319
11990.459556493457,0.1507370084228231,0.1320168663277031,0.04117516383320836,0.015433763354922705,17.85156636828304,6410.054768151977,-9921.526260471612,-1016.8696895865556
11992.788159202006,0.1509641577095314,0.13206707227589376,0.041164833937005915,0.015446155345073126,18.105072283036193,8273.000106258127,-7598.51014159581,-882.8615897300144
11995.254768973538,0.15118409721366213,0.13220573657734006,0.041152440258818666,0.015454773266654917,18.38624562284422,9558.440835543739,-4752.193151400075,-687.905050706274
11998.286610594534,0.1513974478827673,0.13242105557065206,0.041133162460574614,0.015460924517113419,18.697382787080777,10067.673964150159,-1526.9964933864333,-437.7768212019996
12001.53752163427,0.15154894321679713,0.13273230427135316,0.04111473145590627,0.015460524891488775,19.036983065382906,9636.899639221328,1834.1627139603356,-147.44532687053697
12003.540003451135,0.15152207520921782,0.1330701868260026,0.04109519604302629,0.015452824571020499,19.397613150993575,8202.263480516973,4998.984380058797,157.6761462457156
12003.951152673,0.1513367858236628,0.13331878045835843,0.041065411041101285,0.015425778470722231,19.765797480683695,5859.451644979254,7608.080578405707,444.94091617334163
12005.917487641644,0.15125965430026284,0.13353058004902205,0.0410616871813535,0.015418259909981748,20.12553088812043,2866.6108891477766,9377.131305779001,682.999304918035
12007.638056118765,0.15114920907648793,0.1336972093550535,0.04106018898711666,0.015406123500780305,20.463612184064868,-428.8901092736468,10175.847046032577,850.495220660314
12009.341669800571,0.15102250863377026,0.13383312579855677,0.04106321690568644,0.015391011985259847,20.77295302048285,-3691.764646658978,10033.26855244295,939.4431694768792
12011.076764374482,0.1508978371216442,0.1339464146419175,0.04107374072057118,0.015371407580180897,21.052313652705354,-6665.271177605996,9084.894934220176,953.0434571203245
12012.514048526984,0.1507832919793292,0.13402216624769936,0.04107057796359738,0.015374634928118979,21.30412870351676,-9186.007956167376,7509.990749214386,901.0752812353622
12014.213304424879,0.1506497244588135,0.13409790218619583,0.04107850950245728,0.015369489366368621,21.532408066789987,-11167.922365595685,5488.9767441660715,795.7793076912657
12015.972306903814,0.15050510228253608,0.1341609360033213,0.04108599732995408,0.015366699058856579,21.741459641200137,-12578.619269620347,3183.5436169421932,649.4314754241766
12017.70999949276,0.1503528147825508,0.13420397905575404,0.04109039588291218,0.015366001758057633,21.935290925936332,-13419.313307518172,731.3058816010084,473.41277941830464
12019.406821497112,0.15019537236712271,0.1342216315627244,0.04108612410375918,0.01536582540242296,22.11743053281413,-13711.064043561506,-1752.6819940789744,277.87649639556224
12020.991740071015,0.15004387484743462,0.13420412327242948,0.041099256766947,0.015368662266760365,22.29093898943758,-13486.31648287575,-4171.998988334454,71.7392940585609
12022.578558087578,0.1498927982281002,0.1341697380512268,0.04111774156670382,0.015376120246277268,22.45849657062995,-12784.207782603557,-6444.645878501753,-137.09973925491468
12024.130842274055,0.14974750626584632,0.13411630566546917,0.04113094321774686,0.015384194085550373,22.62250775969831,-11648.289274446777,-8499.327985583248,-341.43009092187197
12025.698394441826,0.1496192899064295,0.13402583323101105,0.04114696762930144,0.015398028948346005,22.785209870195118,-10125.789578279897,-10272.399110236518,-534.5535256021275
12027.158170365421,0.14952763611896588,0.1339133049973107,0.04116538724052343,0.015420093544119993,22.948777184544873,-8268.052613891985,-11705.53365177224,-710.1095550552666
12028.125103774255,0.149521641017851,0.13381401458963843,0.041182978125537485,0.015450064983930503,23.11542051881979,-6131.867275104241,-12744.085858614995,-861.8708203873291
12028.484316536513,0.1496111981582472,0.13376741334708026,0.041197271903310975,0.015487845031378619,23.287491601126355,-3781.5742919742256,-13336.23875952093,-983.6017591807945
12029.007415621361,0.14972693091913755,0.13373130228424984,0.04120489535860307,0.015528352533477757,23.467596696942536,-1291.9443773505668,-13433.24609666481,-1068.9801878535231
12029.765954299386,0.14986045305632184,0.133707792846994,0.04120493193319631,0.015567081945270747,23.65870433460454,1248.0759244608082,-12990.949304259899,-1111.5968625468322
12030.703778016927,0.1499932163739237,0.13369984531454276,0.04119791452223754,0.015602286862270665,23.864231553994227,3730.7694163315637,-11973.358927832869,-1105.1166038656315
12032.141926099363,0.1501711180127625,0.13371880194212662,0.04118517412324448,0.01563154029694049,24.088073515488006,6024.763316112652,-10359.603728861823,-1043.7021984687235
12034.79435231159,0.15041904248093466,0.13373813496105655,0.04117723950669174,0.015642101875409826,24.334477419621116,7971.432753586287,-8156.043979588476,-922.8572441109864
12037.59389860036,0.1506643261546288,0.13383973677590055,0.04116615863444275,0.015650804290296173,24.607555021537767,9386.235765959047,-5415.243852497433,-741.0912737941968
12040.520236245986,0.15088147544590028,0.134042021185216,0.04115916177964271,0.01565353833149825,24.91014947462323,10072.167771526003,-2260.8593693596436,-502.4145186219342
12043.558769003921,0.1510361724582481,0.1343356145478873,0.04114152743802777,0.01565448964868684,25.2419118873295,9854.891718112134,1089.5590780928821,-219.31932386034222
12046.253186923599,0.15107456095757274,0.1346813833352844,0.041126717387970496,0.015649967954913135,25.59705116809878,8642.622105248236,4324.290145926405,85.33944467174415
12046.903171594211,0.15092228447600872,0.13494039618486228,0.041097389800702086,0.015627546607199998,25.963507521334268,6490.297957242827,7085.498198148978,380.271241439675
12048.599651154154,0.1508468492379948,0.13513990722131658,0.04109345076766687,0.015620969111474512,26.325528291575285,3619.8893726520973,9064.746677274403,633.1347333243092
12050.197172053448,0.15073997770144124,0.13530451437747384,0.04109255719863563,0.015616499757576077,26.668846289405668,364.24416898174974,10092.856465082825,819.6901545807374
12051.87687815541,0.15060994311013373,0.13544589630699228,0.041094503245636425,0.015600899726397156,26.984763291522736,-2932.7592514389667,10164.094300729017,928.6785212073625
12053.581348302636,0.15048587750002332,0.13556164110523608,0.04109878639318324,0.015591333976844816,27.27072114344481,-5994.036950589905,9393.78579013462,960.9131314496912
12055.310413558347,0.15035782805765002,0.13565924034717824,0.04110426560047811,0.015584711201845338,27.528405796661975,-8635.45667521335,7954.6311077640685,924.8880305818631
12057.089113123671,0.1502211626622155,0.13574282373083102,0.041104710568302984,0.015584319866731615,27.761541910258863,-10755.040838990028,6028.4979036624845,832.4279568149614
12058.88758574697,0.15007752904226673,0.13581252194964044,0.04111415182982113,0.015580237485820693,27.974399211949894,-12309.825377767569,3781.7362092171606,695.8909978749206
12060.66555805204,0.14992530540012808,0.13586228378628187,0.04112284921213185,0.015578445433245713,28.17105860487976,-13294.586348830377,1357.089414165784,526.8515559355579
12062.358947539635,0.14977167602334446,0.13588900471546406,0.041119475815820226,0.015578456598753215,28.355148333653588,-13726.617797946525,-1125.9590253636252,335.7304841571631
12063.890173637317,0.14962731644424518,0.1358931991585469,0.041116498415116276,0.015577930973976879,28.52981769335868,-13636.158183971378,-3567.6010305996474,131.72639616354695
12065.22589530755,0.1495006709869207,0.13586674222333794,0.04112798087813661,0.015581980292084002,28.69781020536422,-13060.878469109764,-5883.462184866471,-77.07021627378761
12066.83022979906,0.14935505386051096,0.13580541249514827,0.04113991357098857,0.015588574912554281,28.861568457982884,-12043.080933139487,-8000.768783533932,-283.3814175481697
12068.227511676534,0.14924568697282256,0.13571979211588608,0.04116047175183164,0.01560478917916135,29.02333762122522,-10628.660810395633,-9855.113649315606,-480.49728819618554
12069.720428591549,0.14915906253347738,0.13559917228712706,0.04118028761003439,0.015626432136337645,29.185267848386292,-8867.233936276189,-11387.951672779733,-662.076220504323
12070.615223453959,0.1491414786384312,0.13551024070240617,0.04119981490445742,0.01565633507710347,29.349513985659623,-6813.2062391503005,-12544.819456691685,-821.9454661210666
12070.691365189496,0.14920596006394624,0.1354893451869892,0.041216289315222844,0.015694007130174128,29.51833280893284,-4527.604036226679,-13274.227294881783,-953.9718409015767
12070.894509064961,0.14930057708868313,0.1354735592093779,0.041223791690316314,0.015724609715384728,29.694194942181767,-2080.5631900782487,-13527.515558177622,-1051.9266266764018
12071.587823941409,0.14942964797113029,0.13544472364331808,0.04122596915615071,0.01576084134577386,29.87989746118693,445.2972939829767,-13259.80925290001,-1109.494773348165
12072.187198392707,0.14956659367066852,0.13546172514990953,0.0412218901495159,0.01579166585318121,30.078651756446895,2950.554873547036,-12432.729299496727,-1120.372737949544
12073.46114451022,0.1497169716989789,0.1354573374453222,0.041210463946576806,0.015824155759977882,30.29414843366705,5314.260589329367,-11019.961491348871,-1078.5646317257406
12075.547560730492,0.1499278090765315,0.1354753950731996,0.04120949876912161,0.015825729461689753,30.530501115335593,7389.693377695109,-9017.065516853247,-978.9797919525037
12078.594344341367,0.15019314547981086,0.135530665561281,0.04120433008385443,0.01583064748449178,30.791937365600432,9003.276425953092,-6457.4896924881805,-818.8038266809049
12081.901215989785,0.15045143375555098,0.13568095622839554,0.04119827171577953,0.015833809800379756,31.081948332890935,9962.452309509288,-3435.318433430432,-599.713761209528
12085.323266232463,0.15066165178294796,0.13592834845877974,0.04118198154045171,0.015836661845735886,31.401678678640405,10081.322286339553,-130.10398984800008,-330.6685951234732
12088.157183869635,0.15074656498922676,0.13625095884253366,0.0411616387230737,0.0158333016308166,31.74768464156186,9231.192084839524,3181.47768566279,-30.4700907094648
12090.030067710068,0.1506659188611692,0.13659432772122407,0.04114816811132086,0.015825489284042992,32.110305897406924,7406.6118663046145,6152.871603826567,272.4618384934562
12092.037790046916,0.1506030614927495,0.13683090182940624,0.04112858566392675,0.015801660012945362,32.47478678048177,4767.976792699024,8447.645188893332,545.2539770925705
12093.566507106585,0.15050064490948184,0.13700316560670306,0.04112377663203868,0.015787602093009317,32.8257220436396,1614.9269273032974,9838.642043602655,759.6866942817801
12095.116011712149,0.15037323362384727,0.13714701481038327,0.041123853886908035,0.01576985804486269,33.15200439346895,-1703.5266791959334,10260.837139309037,899.4037996197216
12096.741665030955,0.15025389488215074,0.13726519330405948,0.041131376522199656,0.015746751900124364,33.448811401851614,-4880.850858677658,9790.725116563164,960.9911804149971
12098.508300764506,0.15013086337197604,0.13737273488681284,0.04113773775392008,0.015737315127976798,33.71642246775688,-7698.648196443937,8585.459020960108,950.5288325061692
12100.253371798583,0.15000390438330605,0.13746261979363977,0.041134656137686396,0.015739923915260468,33.957952280855324,-10026.955730751464,6826.735934808102,878.9829667268643
12102.067139330844,0.14986464207520195,0.137540122507566,0.041148256970826365,0.01573266523533338,34.1775457681029,-11803.60417378249,4687.695364487769,758.6576166464799
12103.825636303023,0.14971906136000318,0.137597352464613,0.04115413093745703,0.015730960001288482,34.379383650085046,-13011.428170210123,2319.580548458883,601.452650567604
12105.598212986599,0.14956268010383286,0.1376351429418092,0.04114189121410358,0.015731949415457847,34.567260707355125,-13660.69808751512,-150.35220200599272,418.2587592073737
12107.171328582046,0.1494159306107201,0.13764250932380173,0.0411418761860899,0.015731929071837226,34.74448774000054,-13777.575617848699,-2616.0622535508987,218.6604997793096
12108.859733518228,0.14925542781912107,0.13762898168552243,0.04114815337645565,0.015733667769660255,34.91393824615129,-13397.258510087542,-4988.5876060533055,11.055147886053934
12110.409149418665,0.14910884631189786,0.1375919684863889,0.04116289749459703,0.015740577631505888,35.07813881350651,-12560.278186719139,-7191.983621401784,-197.05641453704973
12111.789719936563,0.14898346841959198,0.13753618341633297,0.04118318424599683,0.01575448662877822,35.239372834649124,-11310.834674557927,-9159.83771988475,-398.8452399349453
12113.257029712659,0.14887366788375814,0.13744048112525936,0.04120092532199459,0.015771402115016337,35.39978594115275,-9696.469066224068,-10832.541490749065,-587.9118659887025
12114.320317701746,0.14883736571707576,0.13733976287992006,0.04122084780835337,0.015797700308848077,35.561484120919694,-7768.726248957458,-12155.17879861135,-758.1148904736002
12114.544439929547,0.14891339085800093,0.13729212592787773,0.04123627578499781,0.0158269611238109,35.72662762065626,-5584.64382980127,-13076.099365634784,-903.4058731193167
12114.868900908064,0.149023238270504,0.13725318144050921,0.04124919511535843,0.015866280281538532,35.8975408055746,-3208.8861001056034,-13546.414781892234,-1017.7190848755359
12115.260783701842,0.14914117284294753,0.13723643658228304,0.04125505085498032,0.015907012496401737,36.07681570027393,-716.6594053220299,-13520.399442927737,-1094.910275984499
12116.077560672366,0.14927015761111068,0.137213100123345,0.041253449659842234,0.015945447859151026,36.26741240871906,1802.5330385246207,-12957.140971721352,-1128.7458635536946
12116.911471640546,0.1494065785282281,0.13722647364668766,0.04124494970435625,0.015980332027381354,36.47274176550418,4240.394669515346,-11824.421143177879,-1113.0989370270909
12118.488080459392,0.14957744912051385,0.1372323399936446,0.041230519203450645,0.01600997692391586,36.69668580548131,6465.224306597887,-10106.074583116977,-1042.412834500441
12120.663391234206,0.14979092569194322,0.1372838629972329,0.041222543548407084,0.016019701761525784,36.943445024233945,8318.828090134995,-7814.468922621983,-912.5798022058723
12123.602902135912,0.1500374627335013,0.13738767802605809,0.0412138628460736,0.016025934194429336,37.217018868647,9618.87626202882,-5009.584894997458,-722.6447144662391
12126.583722225705,0.15024739588687333,0.1375848962814583,0.041198766950546195,0.016031132647926175,37.520027915091156,10173.973561751372,-1823.4439312177199,-477.38088505336697
12129.695338513977,0.1503948632896834,0.13787854962706556,0.04118654469141432,0.016031220540278994,37.85175272566998,9820.381455814637,1519.041774297207,-190.10858304808391
12132.121929838533,0.15040296765966896,0.1382177509420199,0.041170804804157954,0.016025678974966907,38.205964962241175,8482.04140562587,4703.7299942054115,115.67753972775536
12133.03683137383,0.15023783352505773,0.13850265913016024,0.04114218258115972,0.01600186700421034,38.57032510773334,6231.028494386421,7379.421315424379,408.5910569730326
12135.04609249984,0.15016330688210372,0.1387187793780427,0.04112802679854954,0.015976806093730842,38.92918262317616,3300.8902433589783,9253.371696883383,656.9494028511847
12136.783418802532,0.15005414641819803,0.13888860071651282,0.04112613137607986,0.015965480367735523,39.26871036676922,25.603936145698395,10175.10327992382,837.7381625239442
12138.491902857419,0.14993472782607953,0.139025699328888,0.04112966627382636,0.01594306483793426,39.58071211291336,-3258.817419799144,10153.31220008395,940.9466825669723
12140.19347899856,0.14980491696174328,0.1391370324850965,0.04114111708394123,0.015919531512600914,39.862972230391115,-6286.7064639604205,9310.460052918197,968.132305343695
12141.964058096779,0.14967718783802428,0.13923509141762777,0.04114867911398747,0.015910869188146295,40.11732351252756,-8884.429995972725,7820.40094780737,928.122815229717
12143.765252050953,0.1495429179742728,0.13931965173150232,0.041145732748144724,0.01591284467593398,40.347498345397774,-10957.836690240434,5862.841758033714,832.823379203479
12145.574020238779,0.149400055822893,0.1393887250589463,0.04115425893652108,0.015909338894998154,40.55770959431904,-12469.13660817841,3600.653453183447,694.4678653763848
12147.358697520893,0.14924795586786482,0.13943691762649454,0.04115521245642699,0.015909132250675608,40.75196282400902,-13416.266386660858,1172.8758947133488,524.4432391449616
12149.12030710358,0.14908960768242707,0.1394647067596994,0.04115263709162941,0.01590910192524031,40.93380980281855,-13818.31337978111,-1304.4854160488876,332.9560273610761
12150.840346296996,0.14892851555918443,0.1394668987458979,0.04116851431849656,0.01591198033021468,41.10633066525295,-13706.402235427224,-3734.760796982761,128.93406726522545
12152.516216449612,0.1487695939304214,0.1394415676762271,0.041182536381975554,0.01591707264145139,41.27220654188703,-13118.482588809211,-6036.409678263818,-79.72906196590402
12154.158996737182,0.14861576020785325,0.1393929578877697,0.04119811370172192,0.015925828177587895,41.433817682800004,-12096.703608679947,-8139.224743905827,-285.8991318678584
12155.505261437458,0.14850801624043938,0.13931502826502765,0.04121596911219814,0.015940048250725886,41.59334621671346,-10686.417822252506,-9981.170945815167,-483.026509475958
12156.544838997757,0.14845205340678772,0.13922806234101062,0.04124499847941009,0.015971919759863014,41.75287699124601,-8936.331943227708,-11505.9576718951,-664.9665020029995
12156.828042753204,0.14849010503459292,0.1391786247829323,0.04126551760203502,0.01600334059746999,41.914490752652405,-6899.516639917935,-12661.288924226263,-825.7362283044371
12156.965961411095,0.14858366967796555,0.13914465681137653,0.0412835352040752,0.016044231333525293,42.08036745991327,-4635.067401132609,-13397.818807051566,-959.3685003865947
12157.654890655169,0.1486816828611665,0.13908273660337725,0.04129330266414314,0.016083093059045175,42.25288924896573,-2210.467357189285,-13668.960623900595,-1059.8520923040076
12158.523138065586,0.14880824451550245,0.1390355404742516,0.0412959664540926,0.016121354467417408,42.43473961091475,295.19342790764114,-13431.60631241739,-1121.0633384159553
12159.328865912032,0.14896057315876796,0.13903843137154004,0.04129184966186232,0.01615608747866475,42.62899598170992,2787.1957796925326,-12648.440846267484,-1136.850482423526
12160.574565029598,0.14910504622299003,0.13902949948316562,0.04128079967342642,0.016189473213191717,42.839205311064234,5150.732325213994,-11292.941772290023,-1101.3040078216472
12162.212220327527,0.14928898662396103,0.13906636286360366,0.041274025407956515,0.01620082660315963,43.0693565584372,7246.634018464756,-9358.138771241453,-1009.2833002454921
12165.086145259751,0.14954255167778874,0.1391184537000808,0.041266165643708136,0.01620877296029158,43.32364312838267,8909.637774053677,-6870.986907485802,-857.592861718435
12168.289723929422,0.14979605154181327,0.13925626774421085,0.04126448234400208,0.016209732840793058,43.605754456107206,9954.115983104599,-3913.4014869112393,-646.947678663205
12171.70388400774,0.15001262123036,0.13949270811716366,0.04125265196093845,0.01621236992861929,43.9174500789907,10195.2837144862,-646.5983741108489,-384.6829743081579
12174.95254727176,0.15013697247465135,0.1398092040078986,0.041237689482728254,0.01621070453051159,44.25642555238019,9493.912652616082,2673.768121004597,-87.45769531909589
12177.414476276082,0.15011093593346436,0.1401574802064973,0.041222533092374475,0.01620313393271431,44.61442284132424,7819.713192342773,5715.381033967842,218.22537026965443
12176.571381577636,0.14987011756372323,0.14031796662469306,0.04119684064973094,0.0161756609898004,44.977604173697515,5301.012144140071,8138.169928754871,500.01848082265286
12178.452707552025,0.1497856334199962,0.14051279402625344,0.04119146703093666,0.016162612031188586,45.330408144603204,2213.3851659915777,9692.683904136818,728.3897305738902
12180.304389881023,0.14967970516441687,0.14067644311016564,0.04119100522893524,0.01615425251066343,45.660638289792715,-1100.0044483898944,10284.792005727773,884.5529947590021
12182.09397260719,0.14956214204055987,0.14080929445073187,0.041194152230819014,0.01614228729633001,45.962161097874514,-4323.065184536427,9968.124928321546,962.709766731836
12183.835701023378,0.14943893010643605,0.14091699550919953,0.041198553936270164,0.01613495229385148,46.234300852003784,-7222.06569259888,8888.269617874244,967.3167562641917
12185.522134136962,0.1493163338232724,0.14100490017211637,0.04119825278077441,0.016135156678708122,46.479675480695995,-9653.122860375028,7224.186109485853,908.5355754899067
12187.362263693944,0.14917806836810313,0.1410858224809,0.04121609340148044,0.016124641161573035,46.702254696396295,-11544.076578873606,5150.790398428687,798.4430677116859
12189.187793377241,0.14903089122539717,0.14114913813789023,0.041219133378016776,0.016123605418895168,46.906210042698035,-12871.435758505357,2822.5234383969946,649.0232713753425
12190.70905150662,0.1488973156783815,0.14118075924965992,0.04122090840520815,0.016123363015309217,47.09538697229681,-13641.710569458734,369.72176583254685,471.3043821396413
12192.440337039738,0.14873869111270083,0.14119574110024657,0.041216078508041466,0.016123045806235217,47.27316217709544,-13878.863682328245,-2099.259517300562,275.0313283699066
12194.081080253061,0.14858435660396088,0.14118064562377208,0.04122973047435926,0.016126296324788816,47.442459501171896,-13616.67638186269,-4494.017141295809,68.73359990889577
12195.662201810695,0.14843669798726605,0.14114313667731967,0.041236588756446556,0.016129189435832945,47.60583275255965,-12894.521817818591,-6737.948737481061,-140.01819278036564
12197.15328849015,0.14830809861342878,0.14107385011482163,0.0412505259336573,0.016137955933198982,47.76556644647524,-11755.34399514846,-8764.685460436584,-344.3569649969607
12198.439952047902,0.14821409512056127,0.14098855191585657,0.04127359888154299,0.016158213308178418,47.92377715662999,-10245.074301346383,-10515.193857233888,-537.9724946028533
12199.14097081942,0.14822343908341756,0.14089646111953047,0.04129688513104693,0.01618631167697698,48.08250796387313,-8413.015874162338,-11935.520038528175,-714.8546318803774
12199.188113204049,0.14828643732231755,0.14086569026073703,0.04131618151637787,0.01621907441055444,48.24382479098628,-6313.062018484315,-12975.316309793227,-869.1092217440529
12199.181236915461,0.14838561889502985,0.14085135307530555,0.041332208628963515,0.016260537743302005,48.409915437367516,-4005.504814538003,-13587.048320486036,-994.8647331592409
12199.71739428623,0.14848119062186377,0.14081009888137846,0.04134053904939458,0.01630172679140989,48.583191015380685,-1559.4796848637882,-13725.91723915827,-1086.174173766842
12200.314774419929,0.14858601347027248,0.14078910353220062,0.04134132607582002,0.016337765611823783,48.76638277803663,943.6602285221447,-13350.923384456475,-1136.971039774769
12201.256957734837,0.1487236338810001,0.14077985482803526,0.0413350556429641,0.016374874795107255,48.962634834956035,3406.2720808293543,-12427.594342267372,-1141.201003645365
12202.596890800412,0.14887635278805103,0.14077837163847706,0.04132243721571527,0.01640727649953308,49.1755633039297,5709.963897055106,-10933.573160760912,-1093.1345394261805
12204.745620492024,0.14908059027023327,0.14079044580973007,0.04131779410046099,0.016414182123606107,49.40920192890988,7711.702363223045,-8868.354177682604,-987.9570194965456
12207.477401792767,0.14931841351187597,0.14086161134733288,0.04131036666036473,0.016420852518397904,49.6676951359592,9243.14768586962,-6268.798093259934,-823.1200677133373
12210.493412909807,0.14954885423354067,0.14102474674127316,0.041299988796908306,0.016425951762036574,49.95447344024611,10118.720713881166,-3230.936477337619,-600.4807676511039
12213.868137453042,0.14974615235595956,0.1412790655830088,0.041283451614073555,0.01642848971378073,50.27069109722408,10160.82187683951,66.53535495196098,-329.00983451266774
12216.768282860328,0.14982540529580443,0.1416052181454309,0.041266507853710825,0.016425373287280484,50.6130399261564,9248.691000635295,3351.744924218103,-27.25054535982767
12218.017761497164,0.14971391025289432,0.1419087279440172,0.04124927960190729,0.016415150192412385,50.97212468831494,7381.767510797446,6286.567921446606,276.8327774988598
12217.557643810642,0.14949960915472046,0.1420595978529135,0.04122622497366032,0.016386540314862207,51.33347858378192,4720.203449364285,8543.938794554157,550.8572308907598
12219.488573147986,0.1494105985338916,0.14225086311167995,0.04122059303957238,0.01636967017992014,51.68188200735297,1558.8656711334786,9903.852531601866,766.9578009677488
12221.06144214452,0.14929839805475836,0.14238958941742594,0.04122077776970337,0.016351669262934833,52.006203734000586,-1759.6265529476498,10304.606681943513,908.8607685318693
12222.73687952991,0.14916413517531782,0.14250923803589324,0.041228898233103814,0.016327074147108305,52.30144348684694,-4934.257865922054,9822.73691076116,972.9985288354095
12224.52868289693,0.14903997610115027,0.1426162587917729,0.0412340494092237,0.016319452171534077,52.567687086175724,-7750.589766476491,8613.920455206793,965.2426197863651
12226.348308959294,0.14890525853189046,0.14270636979610504,0.041240164804478924,0.01631405133592491,52.8078938601573,-10081.298403797042,6857.898150086899,896.3383466421307
12228.228359092625,0.14876564699707429,0.14278795061150248,0.04124511557451621,0.01631137544105167,53.026106816011236,-11865.952654986233,4725.718645270024,778.4570375000387
12230.089968779792,0.14861549427542442,0.14285009620325823,0.04125447525937901,0.016308661948690566,53.226434391860536,-13088.512908298124,2366.514121259847,623.3976482379258
12231.920397390966,0.1484573243280957,0.14289108734839065,0.04124929546774386,0.01630908438643242,53.412621986712196,-13759.906494767922,-94.59284210903773,441.8885878058226
12233.529414062572,0.1483088249016636,0.14289756332017212,0.041243847615469516,0.016308550632991213,53.58793839753404,-13906.55356919839,-2553.7392541259323,243.4182101439703
12235.231076849845,0.14814933507703487,0.14287468100587258,0.04124400472295672,0.016308578768305732,53.75521444206209,-13563.528442763181,-4924.205164235538,36.2872402372195
12236.910420269303,0.14799127972515613,0.14283966404678783,0.04126981122683441,0.01632038726677301,53.916929362716715,-12770.879408672197,-7132.381473694507,-172.19181946498023
12238.484709591308,0.14785825614154702,0.1427620354245132,0.04129062898005424,0.016334293269532014,54.075308746749194,-11571.865648219899,-9114.296119568713,-375.37367836047633
12239.69682006175,0.14778564339683856,0.14266464022800152,0.04131590960205668,0.016357681599481946,54.23242415429948,-10012.546785454138,-10812.844859576031,-567.0406028611101
12239.583766635038,0.147843184939533,0.14263906066765833,0.04134023698734696,0.01638857852300634,54.390283035289265,-8142.399366628751,-12175.683433134836,-741.2725154917288
12239.14559869772,0.14794895065709798,0.14264488062494157,0.04135859488291133,0.016421549586265766,54.55092775282089,-6015.500762875887,-13153.891402178719,-892.2520813071002
12239.291960031507,0.14805459444693958,0.1426183761411775,0.0413736227640698,0.016463341567594433,54.71653974192812,-3692.3042884827073,-13701.300802204629,-1014.1805038277037
12239.612822859845,0.1481627178265438,0.14260154162276897,0.041381071524669695,0.01650515815756964,54.889528302480876,-1242.2680643127148,-13774.483701433233,-1101.1837730050584
12240.471581364807,0.1483071652873177,0.14257348654306115,0.04138102542925412,0.016541908282686105,55.07262843821715,1252.8060575520224,-13333.861542236244,-1147.263826386942
12241.28300568133,0.14844555319920552,0.14258233951342777,0.04137392112361724,0.01657875335309986,55.26899460689981,3694.7290455179705,-12346.708378150424,-1146.449080669165
12242.454403932068,0.14859167565587675,0.14259888784322708,0.041360599696785495,0.016610735176455237,55.482250396860664,5964.520577488306,-10792.93344629346,-1093.1261648210584
12244.163876858987,0.14877749340681704,0.142654211229591,0.041357794161380905,0.01661471771878964,55.71642608590431,7918.734854500825,-8674.968147982278,-982.6422171061433
12246.970390906954,0.14901952077121566,0.14273655764821033,0.041352013352012884,0.016619662494375156,55.97563750279919,9389.27236133947,-6033.55602787321,-812.7066540116906
12250.32607490689,0.14926767803510746,0.1428937594023339,0.04134454841127486,0.01662309097096414,56.263227987191485,10192.275125668339,-2969.601965404216,-585.5707047391446
12253.66716903765,0.14945561874299018,0.143151430795519,0.04133389294312135,0.01662440980910308,56.58016051442902,10154.421077614565,332.90236044840776,-310.7189478236219
12256.915761700971,0.14955182244763487,0.14347818066602835,0.041318018064534674,0.016621029629203973,56.922834863378995,9162.718821475666,3598.2257220485503,-7.258928893783474
12258.89620927495,0.1494684217785042,0.1438119485879545,0.041301796523272184,0.016610799590200277,57.281559565358826,7227.080845713387,6488.697877568006,296.4821313366295
12259.23260274077,0.14928630324796577,0.14399645441126527,0.04127608764191821,0.0165772270078149,57.64174098532023,4517.363960173391,8683.843697162578,568.2236932016687
12260.985219978913,0.14918293781679592,0.14417793813944943,0.04127063391045694,0.016559535362405783,57.988297791699466,1333.0663978562598,9974.608159670452,780.7107257320583
12262.8328225924,0.14906932438086798,0.14433311883626476,0.0412710796460646,0.016545466108663132,58.310414768560015,-1985.1208680589148,10310.035691189703,918.518068665688
12263.764250666456,0.14895904473803742,0.1443986102576464,0.0412769824859145,0.016528654986675145,58.60339397909453,-5142.264000294916,9773.68478725946,978.7808824220584
12265.50754791405,0.148834967883826,0.14450014955897478,0.04128651196862155,0.01651517686340915,58.86750712591072,-7930.846830777319,8523.921682427033,967.7181606764499
12267.134800608996,0.14871289063607726,0.1445785921858528,0.04129272925291503,0.016509860764673482,59.10579472727106,-10229.325461524151,6740.1953160165,896.183950389397
12268.984729995494,0.14857419230965338,0.1446563728863125,0.041303392731878545,0.016504346120124486,59.32230429287882,-11981.323714031423,4591.838158729238,776.3407010252427
12270.830190731318,0.14842628211672615,0.14471774746315588,0.0413175324610111,0.016500452506080385,59.52111847175739,-13173.397269735808,2225.803084335763,619.8904275971181
12272.524642611445,0.14828103823091715,0.14475674674559424,0.04131479693093728,0.016500635457784827,59.70594406265749,-13818.011156597748,-234.92159657756204,437.46627958425205
12274.29275465995,0.14811982724949646,0.14477008098218172,0.04132252678497875,0.01650142375746284,59.88001170811486,-13942.430979225272,-2688.418426442675,238.42748895918947
12275.816617515813,0.14797764048351048,0.14474455619079343,0.04132602945835295,0.016502392552753056,60.04611689003154,-13582.105872384964,-5049.661701786159,30.97087670356053
12277.49980557486,0.14782021534552975,0.1447072251168657,0.041340962981631445,0.016509350092895055,60.206706195747586,-12777.15259116014,-7246.523357596352,-177.62352189367692
12279.033447553471,0.14769411247376332,0.14462606724380025,0.04135955476914298,0.016521930865765425,60.363976698113994,-11570.699136001087,-9216.35977802842,-380.7838094387013
12279.714867793225,0.14768773284682302,0.1445338702902249,0.04138462654867631,0.016545356094426082,60.51996997762707,-10008.49101321995,-10903.1953923709,-572.3982760500726
12279.693194770589,0.14775371352637193,0.144492003177635,0.04141112880887939,0.01657928010336024,60.67666788568474,-8139.533862855498,-12255.784700859995,-746.6421684856746
12279.651086104503,0.14783780709742964,0.14446519752281617,0.04142920582003202,0.016611945546976474,60.836088173531586,-6017.261015778145,-13226.333440470968,-897.7848449411547
12279.910456342652,0.1479327091839377,0.14442927997585567,0.04144140121198307,0.016645995270336365,61.00037880141098,-3701.285277978063,-13769.678675104671,-1020.0809324963907
12280.293469704673,0.14805058279598196,0.14440779989529845,0.04144875554141991,0.016687267261724592,61.17190963737098,-1259.95430472146,-13843.24991895295,-1107.7321226914185
12281.0673901222,0.14818380553968846,0.14438355078537815,0.04144876849901258,0.016721257855477446,61.353370053224396,1226.4054769784136,-13408.211989412835,-1154.828720763894
12281.71191557844,0.1483143814320146,0.14440389294190964,0.041441746558321634,0.016758340598399844,61.54786379419468,3661.5324915910082,-12432.318709669455,-1155.465339969303
12282.81987687441,0.14846631148020176,0.14443333523527194,0.041428507629227194,0.016790608300569502,61.758962743982835,5928.90520522758,-10895.373656375135,-1104.0641827819
12284.916351954207,0.14867576241757263,0.14446911208111599,0.041425561923955516,0.016794855474430843,61.990661543526365,7888.0673005436,-8798.756496257334,-995.9347862166205
12287.76741221594,0.14892047764174285,0.14454693473940283,0.04142050718629332,0.016799273546741385,62.247079237918946,9374.09095270037,-6180.662426432056,-828.623666919003
12290.86764940153,0.1491521743515791,0.1447108221733943,0.041411172448192465,0.016803721778386058,62.531650039911455,10205.564066261155,-3137.3497275490336,-604.03198255727
12294.225449251655,0.14934315259973016,0.14496592408955913,0.04139705767704689,0.016805736839265683,62.845588233115066,10209.274336634602,154.01609736978293,-331.05797020478906
12297.107091193244,0.14941655921463773,0.14529066852047073,0.041379203726385955,0.0168023173553505,63.18572710776278,9267.95299498427,3425.147682040003,-28.042339483042745
12299.253255748214,0.14935344598258585,0.14561955620657785,0.041361330500608966,0.016791588619039233,63.54287358274623,7382.2706495976245,6342.902329147708,277.3343043061598
12298.51108036841,0.1491178249142603,0.1457630312701398,0.041338111004133045,0.016762570723323707,63.90271591437552,4710.886246298951,8584.757732197233,552.9224262789397
12300.235476129397,0.14902582283965296,0.14593837130023743,0.04133372489189066,0.016749284631304907,64.2500468255222,1545.545388139321,9933.349209559885,770.9244683334747
12302.099499705982,0.14891615777187145,0.14609496486424745,0.04133387871385758,0.016735417114411462,64.57361817325118,-1774.3379553792408,10327.6933150704,914.9753040186558
12303.943293627475,0.1487998749667107,0.14622470260620546,0.04133901460431279,0.016719810431024804,64.86826389966656,-4950.167330140768,9843.930247249007,981.3598721586661
12305.81672440376,0.14867794500571652,0.1463368739396163,0.04134578245692114,0.016709833229777177,65.13392757112115,-7769.15199169585,8636.947308048635,975.7856946691024
12307.701342933091,0.14854677617749432,0.14643284602977402,0.04134712367864201,0.016708587309592574,65.37348342642186,-10105.15714381472,6885.559354673565,908.8895137945636
12309.595909738908,0.14840736923689105,0.14651429105090863,0.04135867058914015,0.016702397659815706,65.59092603424855,-11898.649588112408,4759.810470240938,792.7680404042582
12311.414873894875,0.1482628336212787,0.14657573784593306,0.04136680242906128,0.01670001927510274,65.79034103367137,-13134.245260444446,2407.721181271504,639.1557365870831
12313.255296852154,0.14810588973684058,0.1466180855157301,0.041370846890757096,0.016699635284423413,65.97545764783196,-13823.301606046025,-46.8048491639618,458.72854266178666
12315.037370364837,0.1479453889284592,0.1466372819819722,0.04136848242321255,0.01669940400231198,66.14953200577884,-13992.446099795641,-2501.2314620682205,260.9059819291942
12316.773799332084,0.1477836542524249,0.14662644587346596,0.041375354318830125,0.016701217272509644,66.31537647814845,-13676.713461610438,-4870.240637159469,53.92702287758578
12318.421878635541,0.14763581473357945,0.14656814112115513,0.04138080242235308,0.016703654780780265,66.47544603193349,-12915.785068638885,-7081.6773177358555,-154.91785054684104
12319.826579964321,0.14751159566170513,0.14651124148205572,0.04139403778119043,0.016712325189001866,66.63193485335917,-11752.32063000566,-9073.110807176417,-359.0436656934023
12320.529473021836,0.1474874781953131,0.14643388011061714,0.04141320405846334,0.016729674211094735,66.78687061846163,-10231.468981600981,-10789.024250561226,-552.3798022944783
12320.348403206752,0.14756333240146957,0.14640126408223755,0.04143709718031581,0.016759213428310393,66.94220885753904,-8401.296875147109,-12178.72454774979,-729.1605233383907
12320.109929638014,0.14765169628611244,0.14639036172043243,0.04146030176500136,0.016799384669361338,67.09992761482508,-6313.948579642409,-13195.04372461804,-883.7686638996814
12320.1446374005,0.1477373051002664,0.14637429396804527,0.04147641797843005,0.016841665098456342,67.26211882983307,-4027.2774711720535,-13793.499640285134,-1010.5829385273098
12320.43712222281,0.14784141637452825,0.1463562782740396,0.04148500016369192,0.016884229120716875,67.43107886961138,-1607.205039976062,-13932.072800591382,-1103.8857343264556
12320.547083422707,0.147955894664502,0.1463835868438511,0.041486061756879876,0.016925436218793735,67.60940318234707,869.1642638162202,-13572.096973053951,-1157.8521369438804
12321.52834503916,0.1480946782913323,0.14637043026081276,0.041479969278008164,0.016963620287008995,67.80008656594636,3309.8480991413985,-12680.709055817548,-1166.627856537931
12322.47865490815,0.14823029900579637,0.14639508815783828,0.04146850345395538,0.01699444148024867,68.00658927124711,5603.724585930229,-11235.692506726216,-1124.5777017730322
12324.091901434233,0.14841254633546658,0.14644669881298392,0.04146660804755688,0.016997428253546606,68.23281332185059,7616.572614977663,-9233.983866036613,-1026.7904704235325
12326.784020183892,0.1486446786062579,0.14650484717655277,0.041459000621696086,0.017004691902432076,68.48288688796455,9189.750543069984,-6705.470233849527,-870.2894909813218
12329.67274821171,0.14886792461220408,0.14665582286297232,0.041452000084982794,0.017008483450707223,68.7604820702596,10145.821063813051,-3732.9293220204013,-655.9216324094018
12333.088781471031,0.14907443276095936,0.14689348393567092,0.04143204368269977,0.01701256693885591,69.06745647936783,10308.917263778292,-475.0089575121854,-390.9076508285928
12336.007714466494,0.14917042560545063,0.1471961695556687,0.0414197868717003,0.0170109948416509,69.40177525428408,9547.351586308316,2819.402509326992,-91.44514009704237
12338.068339168416,0.1491125914810951,0.14753040330073117,0.041402222360586424,0.017002036971521216,69.75559624027089,7834.073487254746,5827.893009072107,216.61896436036386
12337.207146782246,0.14885530685448425,0.14770087352717667,0.04137700388058855,0.016974719442286443,70.11547124675145,5294.842550354652,8220.064743625115,501.48944598598155
12339.232719334475,0.1487697120562357,0.14790239367304686,0.04137182798543783,0.01696200127275012,70.4659624245505,2198.7461754697692,9752.381513374472,733.8245931145681
12341.106335131128,0.14866445544093596,0.1480638542026954,0.0413710988882317,0.016948124393838863,70.79466749471027,-1117.825903981171,10332.205943162166,894.5876403673178
12342.953982858955,0.14855031956181178,0.1481975407364764,0.04137716487551972,0.01692534927223141,71.09509291391747,-4343.743551549054,10012.101080042796,977.5371121001021
12344.759566826902,0.14842604624752737,0.14830702740824758,0.04138713671566427,0.016908893506198407,71.36624070490173,-7248.454789549707,8935.860182562978,986.7583726616302
12346.651642428447,0.14829750974105887,0.14840651414847522,0.04138940152971532,0.01690663505540983,71.6105172554996,-9690.231516989666,7280.611249365134,932.2020949757458
12348.520822934988,0.14815675176419144,0.14848553347744284,0.04140114210115149,0.01689965631494618,71.83177466633957,-11598.52350722284,5219.412157233365,825.8527898461507
12350.400669194583,0.1480084363789041,0.1485504596789591,0.04140548582421023,0.01689817265846647,72.03412234438827,-12951.071192927682,2904.7043268725856,679.599435302648
12352.117818098808,0.14786100970066848,0.14858755802751833,0.041400116336788896,0.016898833783268303,72.22137290423917,-13755.258188334907,464.60524173805794,504.37358091739793
12353.926975370978,0.14769910944840786,0.1486074680726549,0.041400168383414614,0.01689881764783031,72.39687399970808,-14035.51076109014,-1994.9537764338356,309.8036954829716
12355.64338440644,0.14754025617584235,0.14859863706336762,0.04140749685508942,0.016900476258021747,72.56351680425357,-13825.633511833146,-4386.180465482764,104.28666909144971
12357.338474965907,0.14738369995500863,0.14856196356724208,0.041415048661956735,0.0169035473598947,72.7238117428456,-13164.531128867138,-6635.276556503502,-104.75566152309038
12358.53908276764,0.14727448744817706,0.14852211068952406,0.04143129409176007,0.01691339878206112,72.87998319855213,-12094.159176827294,-8678.831418176984,-310.6659037932664
12358.88893216113,0.14728035815672894,0.14845825754382275,0.041459740345819764,0.016937372442719312,73.03406548655889,-10658.774587441612,-10460.852844584464,-507.3628761951134
12358.348307273953,0.14738535148542053,0.1484410301019805,0.04149136977238971,0.016973676949867945,73.18799835999188,-8905.226712976968,-11930.596039408298,-689.1095226685918
12357.912030836324,0.14748171414003713,0.14844180615568098,0.04151103928627589,0.01700489875018011,73.34371997042486,-6883.93710875595,-13041.149049427155,-850.2930667512907
12357.542705384363,0.1475845128364422,0.14845575841895162,0.04152531289146885,0.017038207401619033,73.50325612532856,-4650.337565432377,-13748.376890729576,-985.3295687267134
12357.613809175888,0.1476883760563032,0.14845168743328846,0.041535899866167944,0.017080989822242817,73.6688079553784,-2266.989001448343,-14010.477265421076,-1088.6264794450835
12357.89253105462,0.1478068127105717,0.1484567248964812,0.04153847983212938,0.017116139195954075,73.84284567188091,193.5922377963842,-13788.53661301531,-1154.466988267031
12358.528860535806,0.14793726599817028,0.14846357847260375,0.041534292595801874,0.017155486259934086,74.0282091238709,2645.4179782506826,-13048.389009311257,-1177.0550321372123
12359.142152943405,0.14807126202768955,0.14851232165114386,0.04152458539774938,0.017187084015838208,74.22818456016756,4984.936377390344,-11764.533529012355,-1150.711872911286
12360.348129630132,0.14822481242173105,0.1485615464811504,0.04150838351310303,0.017216275805818373,74.44653165890014,7086.952562216376,-9927.228369971996,-1070.3095901215427
12362.990172717211,0.1484585368926815,0.1486037804633711,0.0415048605457496,0.01722019028355701,74.68734657129694,8802.124306844025,-7554.246454208266,-932.1065007831401
12365.643431841314,0.14867463073095594,0.14873005412309398,0.04149619870370209,0.017225877567243295,74.9545766084849,9959.50432445837,-4708.695020150975,-735.392804613946
12369.057323740299,0.14890006687714527,0.1489160441918567,0.041481873777008633,0.01723025761091883,75.25091035958509,10381.009669274945,-1521.5436318527127,-484.9463446352521
12371.978786312116,0.1490206621885001,0.14920183311448168,0.04146157798384322,0.01722991697625086,75.57590680240295,9915.876468547562,1789.293814753395,-193.7160850761932
12375.26013483235,0.14906654855904458,0.1495569406277026,0.041444631797029854,0.017223562484327104,75.92384438768394,8496.660253062113,4922.537539809705,115.57279340829287
12376.369624080513,0.14890307280668594,0.14984338672111386,0.04141683886806638,0.017199679111031162,76.28294828491383,6196.2730563886535,7542.191275203551,412.4290955994262
12378.323956275053,0.14882396611403456,0.1500494069453752,0.04140550329541359,0.01717901472523302,76.63785684639548,3241.7281623979416,9367.599457053826,665.6986930281108
12380.099138478881,0.14871854779553498,0.15021434671138756,0.04140390177034272,0.017168926192848478,76.97459040853315,-42.68460433955751,10254.359445804597,852.3190359799547
12381.901076579506,0.1485972015316061,0.1503532852981656,0.041408403214119274,0.0171414675259569,77.2845104777002,-3329.721942190517,10212.28739256472,961.8334981546271
12383.49018810251,0.1484798766224767,0.15045388558255526,0.04142043587803333,0.017116986078117766,77.56494057792743,-6360.252714238798,9362.521257156075,995.3354113273647
12385.289590066895,0.14834503842435914,0.15054781512801266,0.04142965782654768,0.017106489259368148,77.81738231907715,-8965.409112657098,7876.6308396194445,961.316922749166
12387.197227773802,0.14821274975746188,0.15063844090444498,0.04143818814557737,0.01710052041109581,78.04537640530451,-11054.655741996941,5931.541959616535,871.4165920280784
12388.991316991745,0.14807853903287577,0.1507088954726716,0.04144981734033404,0.017095721980721613,78.25303390394944,-12592.931676380007,3686.949003585532,737.7002797516836
12390.746462270772,0.14792744274687586,0.1507472463520527,0.041456217965755604,0.01709446734898148,78.44430061058392,-13580.068849282554,1278.315977661713,571.4254231047055
12392.461241061148,0.1477736053502043,0.15076452513744076,0.041450243961659604,0.017094476433238453,78.62268491285428,-14036.276115379802,-1182.2401647439992,382.6465471621841
12394.084321277982,0.14762513732580615,0.15076619597184007,0.04145614144387786,0.017095462277246114,78.79121861244325,-13993.064700359395,-3602.18349303722,180.13278565092645
12395.734635457133,0.14747310547200018,0.15073371967591306,0.04146975012232585,0.01710015347980898,78.95252140831509,-13487.984712253874,-5904.334836699106,-28.466642516343498
12397.344681656154,0.14732733294683886,0.15068343751017596,0.04148996818357454,0.017110961671985683,79.10889278468433,-12561.947590754327,-8023.06264920789,-236.33524763849647
12398.051421357839,0.14729746951263,0.1506024366678988,0.04151922899532707,0.017133013285634782,79.26240514985194,-11258.108654428703,-9901.047297242125,-437.2792109465338
12397.401704165291,0.14739019291869343,0.150600720001992,0.041547802932092016,0.017162355550108487,79.4149966268078,-9621.90506814233,-11486.852748532112,-625.501870061711
12396.912328915763,0.14747966642284316,0.15060288786658474,0.04157056784366633,0.017194289845510198,79.56856929146,-7701.735950274906,-12733.329747605432,-795.4214745662874
12396.295017524824,0.14758800795959132,0.15063117119244335,0.04159039382113003,0.017233855936166182,79.72507700227513,-5550.139164071226,-13596.345580095714,-941.5624642503082
12396.120982223045,0.1476849346063951,0.15064096705813187,0.041601476634085706,0.017268953538013727,79.88660817294151,-3225.6697155371203,-14034.09997518148,-1058.4181075930994
12396.688914962915,0.1477886625768724,0.15060611089820272,0.04160754565202425,0.01731171838078982,80.0554846018245,-795.3368741539381,-14007.258614057582,-1140.3940158533437
12397.509936571567,0.1479222394041261,0.15058387727915432,0.04160647584105531,0.017344782015410305,80.23435011306155,1662.1758089319376,-13480.09743562194,-1181.780157456833
12398.202379500313,0.1480502362714022,0.15060403500600306,0.04160004182451727,0.017373944761328784,80.42626432578307,4052.660699741727,-12423.412189143472,-1176.8421741652444
12399.438144458049,0.14818110636620047,0.1506032463550315,0.04158867244930551,0.01739962930479805,80.63476320824257,6262.323297424838,-10819.983124583328,-1120.1782869679228
12401.694188469182,0.14839329528351178,0.15063282593125887,0.041581802179559244,0.017408977184998863,80.86381380684914,8154.241660576526,-8673.806448926616,-1007.3059872588822
12404.648544373398,0.14863831267662533,0.15071062119199327,0.04157331351028603,0.017416059609299643,81.117526134898,9567.965490224955,-6024.966115180913,-835.9264429484657
12407.474185435718,0.1488431516532606,0.1508727106937327,0.04155999037697547,0.017422099517276583,81.39936711618266,10327.510662359524,-2970.366442927994,-607.9853123017052
12410.45233252335,0.14900216438095493,0.1511161086872744,0.04154104515003753,0.017424505026900794,81.71064535286217,10265.495853523154,314.18525986337926,-332.31355460340166
12413.498937464128,0.149078552568962,0.15144058701008078,0.04152591192745948,0.017421363983991505,82.04835759576218,9269.709457531319,3564.179600872153,-27.02515302270199
12414.968566847057,0.1489707077972658,0.1517460633435264,0.04150895239160459,0.01741090145378203,82.40348464097247,7343.738997764208,6452.032145729504,280.4802485279095
12414.244605806052,0.14873745657992507,0.15188502715846122,0.04148453195833393,0.017379755263686368,82.76179533053214,4646.368965999793,8661.123324718283,558.2290936274136
12416.379928988568,0.1486472843909357,0.15208505011559473,0.041479773090259284,0.01736493247843871,83.10800613313312,1467.2150560809107,9978.912363570367,778.4640020513608
12418.352779840447,0.14853545979289384,0.15224640471785558,0.04147995711361985,0.017355046304992173,83.43067669282787,-1857.4803753407643,10347.595368339562,924.7786431679493
12420.101234397896,0.14840964783081623,0.15236730563602313,0.041484064654247574,0.017342829523224905,83.72444531359587,-5032.552533655983,9845.063354899743,993.3922332204377
12421.973667337854,0.14828224453713013,0.15247585357249632,0.04149338339201436,0.017329324737003948,83.98912732518667,-7848.579880865365,8626.772097522595,989.9307493881049
12423.85093830736,0.14815477710106675,0.15257045024741836,0.04150315478403537,0.017320823044435864,84.22753394952456,-10182.476180929645,6871.13113686987,924.9557183977795
12425.457657230754,0.14803679186102703,0.15263748191470866,0.041518869966175244,0.01731249436720769,84.44363387344904,-11977.21826507538,4747.017235255633,810.5327748339107
12427.134532116657,0.1478967527944825,0.1526830175279578,0.041534061979581226,0.017308118950446004,84.64150263482865,-13219.31029170025,2400.73614713611,658.3603866936838
12428.957953830806,0.147744261944025,0.1527268822355941,0.04153148617645072,0.017308323410816014,84.82486485198284,-13921.426054312893,-45.85062537566899,479.0744583955961
12430.329865820759,0.14762394039284013,0.1527491262217679,0.04152573934096979,0.017307792462166297,84.99696218281069,-14110.97155574806,-2492.387262501992,282.0339082540951
12431.887286177336,0.14748037272438205,0.15273576033741745,0.0415287275105264,0.017308562990200168,85.16058694443213,-13823.229006081789,-4855.849558565646,75.35849595223559
12433.590475102677,0.1473240453161056,0.15269679601782662,0.041534572064856605,0.017311140124137998,85.3181671985228,-13097.688147332045,-7066.4893180937,-133.80632055029525
12434.728902177105,0.1472359778141342,0.15262694122243775,0.041561097761788866,0.017328219948382895,85.4718564080699,-11976.30684904638,-9064.269507149354,-339.0733261341781
12434.599870281414,0.1472896831966084,0.15258071529839573,0.04159012550612521,0.01735391831964948,85.62362622003333,-10503.031883333211,-10796.053318211041,-534.566559759917
12434.18127879755,0.14737218075007283,0.15256873394459605,0.041616429908000484,0.01738549064821904,85.77536414490464,-8724.20546626243,-12213.68929468154,-714.6849033468287
12433.838030652236,0.147478760468674,0.1525572759819764,0.04163251052596746,0.017412178512681453,85.92896259613147,-6689.462170926865,-13272.560451441901,-873.9635895129426
12433.51632153436,0.1475711773588704,0.1525707593601936,0.04164528993559711,0.01744353165064481,86.08640241460543,-4453.2586343275225,-13930.590924769556,-1006.9787140249749
12433.565235869904,0.14766349647160804,0.15257046835951768,0.04165468309207405,0.01748422236053073,86.24983971242318,-2076.969687329823,-14147.939044421444,-1108.289243400813
12434.280533691814,0.1477849036674363,0.15253848396285796,0.041656895237103225,0.017521263914146504,86.4217013387569,368.4300971659089,-13887.466316788932,-1172.3224050793128
12435.198452474062,0.14792375101419297,0.15252516031950503,0.04165220622942575,0.017561021726162,86.60478211811862,2798.8881454366488,-13116.588301974538,-1193.410844350416
12436.28983909564,0.1480419754683624,0.15251133905174602,0.04164106708323268,0.01759614069667596,86.80232417686179,5113.311130487013,-11811.146185229052,-1165.9893643514981
12437.616040387757,0.1481987432437171,0.15255271997327485,0.04162607184078927,0.017622754393682934,87.01804445130013,7189.5363310479,-9962.143618554708,-1084.9856195503303
12440.114513632887,0.14841130487703244,0.1525797357191437,0.04161523307469635,0.017634650452727343,87.25601850582686,8881.805366905524,-7587.1103629520985,-946.6676590644369
12442.946588805804,0.14863561409035042,0.15269467767864747,0.041608838209982436,0.01763884725165446,87.52022358433302,10023.060785606627,-4747.375750509212,-750.1882581978804
12446.19289538697,0.14884635727347914,0.15289679568382472,0.04159105452029604,0.01764434574608712,87.81348100843307,10438.433840424223,-1570.0521125438092,-499.9794449018847
12449.558504233932,0.14899374505524088,0.15318625686203508,0.041578676137790156,0.0176441700987862,88.13562545047179,9978.230575260879,1732.727843948237,-208.45139772453982
12452.145466460519,0.14899795886728434,0.15352123897502756,0.04155890610770339,0.017636965467604356,88.48132152002074,8572.37892357046,4865.759095196115,102.25817179979997
12452.886639085415,0.14883165013143865,0.15377586215563713,0.04152968997375736,0.01761235962659936,88.83912382285696,6287.568276703233,7496.5101677663315,401.9956841554595
12455.078151322115,0.14876938014274754,0.15398763504865778,0.04152527298059858,0.017604342933328104,89.19373229281571,3343.8179846404782,9343.17097259369,659.5657422554691
12457.028244671912,0.14867357310179607,0.15416030882329207,0.04152257813929418,0.017588476815261416,89.53089584095846,61.2346429684728,10256.679693873328,851.3447114836422
12458.742844106237,0.14855710292029473,0.1542922739451176,0.04152633484551894,0.017564086282834474,89.84156071151821,-3233.3035777960863,10241.982724712687,966.1682100846525
12460.602631062971,0.14844379784949993,0.15441147247990286,0.041536783578491804,0.017542325069284406,90.12270486063764,-6278.949137080951,9417.230742492338,1004.6601961442776
12462.513585358363,0.14832271338928482,0.15451758169877503,0.041543001954600346,0.017535095761631824,90.37563306776309,-8904.930195846364,7952.8764584768305,975.0529076450681
12464.481464757726,0.14818734528289187,0.15461061878223617,0.04154847838999919,0.017531175764941103,90.60380705533844,-11019.413610101485,6025.658797943474,888.8881213981344
12466.300722704089,0.1480534718644196,0.15468271404472247,0.04155927620030061,0.017526616517747517,90.81132646901582,-12586.700295078082,3795.280469033953,758.2052162539828
12468.141275813206,0.14790470466666875,0.15473549109881468,0.041568137013665275,0.017524814597457507,91.00215092908357,-13606.421195899271,1397.0725145235976,594.2567507949655
12470.027998797337,0.14774300934761522,0.15477093295494287,0.04156320871656978,0.017524862468134117,91.17980655243446,-14098.737774856376,-1057.2691349718546,407.0981760527174
12471.824470423513,0.14757952970563087,0.15477065917147687,0.04156133977110398,0.017524548614336125,91.34733713973078,-14095.042516353435,-3475.906959565064,205.50991590771258
12473.502723132797,0.14742471255416276,0.15475240738835294,0.04156739065248744,0.017526554534480168,91.5073636201176,-13632.649756244553,-5782.569055800109,-2.8716990184196134
12474.735391806762,0.14731961103246982,0.1546960045275551,0.041593491591160665,0.017540102125805274,91.66217400394362,-12752.013587158663,-7912.667276437134,-211.3182760943204
12474.729624892545,0.14735687290790378,0.15463430104656894,0.04162615274761441,0.017564009420298125,91.81381782133548,-11495.5507987657,-9810.057956363647,-413.7385528350171
12474.003724564585,0.14745835277785274,0.1546307546912757,0.041647089583101336,0.01758482859373485,91.9642013197513,-9907.636391322716,-11424.696232611308,-604.3977309283567
12472.92432649013,0.14759141416081545,0.15466973562131728,0.04167569201245133,0.01762343271593197,92.11518002874988,-8035.163636355286,-12710.884573085523,-777.8480939913319
12472.475502608346,0.14768943360309938,0.1546809796343664,0.041694755024834225,0.0176595421308075,92.26864188117823,-5928.575164519508,-13625.962652322614,-928.774781848884
12472.20525474192,0.14779643645613524,0.15469513786761935,0.04170567736961466,0.017691390066672266,92.42659165139455,-3643.58259011071,-14129.527465004041,-1051.8016097769607
12472.326185967418,0.14790202472188907,0.15469743732985045,0.04171310843200877,0.017734850143031576,92.59123845154272,-1243.4739732230507,-14183.334030828557,-1141.501475851706
12472.764293225346,0.14803319419659774,0.15470479333307144,0.04171313007316433,0.01777675510784238,92.76508962032055,1197.9969933732345,-13752.182170583337,-1192.3375696328717
12473.610735547945,0.14816542448458814,0.15470622792557928,0.041706123297050424,0.017815504230767415,92.95104969738041,3593.0558924938687,-12806.230456801019,-1198.6861067993248
12474.384725509364,0.14828304592661543,0.1547385622008333,0.041693085619223226,0.01784891916422331,93.15249142973703,5835.868602857605,-11325.538717188218,-1155.097120883533
12475.841647290092,0.14843924219855587,0.15478086630815532,0.041674560397159936,0.017877038615779304,93.37325681718123,7798.757212109496,-9307.906236546829,-1056.816361168117
12478.258129232832,0.14865045216566372,0.1548550307918359,0.04166568366754293,0.01788542506600746,93.61746986682999,9330.576887855625,-6781.712192393886,-900.7438725694054
12481.262356160458,0.14887551774590363,0.1549963671432494,0.041656991755814894,0.017890148676884904,93.88894823612087,10261.37693591346,-3824.7106154727812,-687.2194802481131
12484.511197646425,0.14906718100901062,0.1552191998189668,0.041640439566144376,0.01789366023244027,94.18992912041446,10420.524993701594,-586.3456420531702,-422.6221600098764
12487.884793445537,0.1491922744228982,0.15551473331102714,0.04162642960629517,0.017892082080966876,94.5190415453836,9675.91234481314,2696.7225268105235,-121.98499622389292
12490.996117779776,0.1492028917434612,0.15586032101802008,0.04161099351456426,0.017884535476132384,94.86923833942011,7992.143756936029,5712.944703114536,189.96072527689788
12491.327551932869,0.14898644248915752,0.15609801899214665,0.04158381938360062,0.017856283787411782,95.22756825319993,5481.0267665505435,8135.390392631939,481.8465216480253
12493.542672792986,0.14891369990574435,0.15630394168670447,0.04158014026151209,0.017847667635047443,95.57840920320847,2399.351082015881,9714.695806418527,723.712951285498
12495.500831423846,0.14880519264779538,0.15647085623523363,0.04157932133261214,0.017836218290474538,95.90859631990503,-921.4437214281251,10347.95393141314,895.2244441723994
12497.3182416715,0.14867734019651338,0.1566023681389322,0.04158558990299722,0.017810918016201112,96.21078086275973,-4168.566264174836,10079.349439358795,988.8270922268547
12499.108731661185,0.14854864214191837,0.15670887501468062,0.04159723687675718,0.01779100616589988,96.48336902682318,-7107.364894600851,9048.62418907307,1007.7525913374234
12500.73611161939,0.14843900053226802,0.1567932244155058,0.0416037193370804,0.017784506978404516,96.72847928253614,-9592.717879810147,7431.982634975944,961.5682377336449
12502.1460948681,0.1483395404220828,0.15685592431106862,0.041609706480108796,0.01778080266190944,96.94988250508513,-11552.25024300556,5402.707482609625,862.1920683264921
12503.991756054744,0.1481986729559028,0.15692164463961575,0.04161937241228906,0.017777386487811762,97.15170528784427,-12963.086984511312,3113.3255125641135,721.5267593076339
12505.871598770336,0.14804748350442903,0.1569750559526702,0.04162477044335494,0.017776584719922713,97.337810615078,-13832.592186866055,691.4552271493916,550.4835603145868
12507.750116653102,0.14788478636058972,0.15700482908012556,0.04161615710267922,0.017776250205589452,97.51158902888588,-14185.26367874224,-1758.0730344453043,358.727743976852
12509.591815881724,0.14771821161576373,0.15701263776604063,0.041619357841580475,0.017776902715937654,97.67595413216137,-14054.777124574442,-4149.105875705416,154.65132211872344
12511.164536123408,0.14757518406432374,0.1569764588870806,0.0416318843311036,0.017781692173243976,97.83341665647845,-13479.516567307324,-6409.893270945777,-54.446224194339884
12511.748396280545,0.14754055725026274,0.15691080141068278,0.04166253072994307,0.017799264184061764,97.98617648494086,-12500.34877335322,-8479.341835114503,-262.08561088520815
12510.740501830453,0.14765645624672602,0.15691295623982526,0.04169435747043408,0.01782457425822386,98.13621646592794,-11159.928948159812,-10304.0529177602,-462.3504218235815
12510.220793362578,0.14774979704003574,0.15689533866747163,0.04172055956514289,0.01785272372809834,98.28540418642937,-9502.73563867266,-11836.246558852126,-649.6681088067958
12509.719067288532,0.14784880560362035,0.1568950806363169,0.041741463257891964,0.017883268594587234,98.43557740190013,-7575.738620183824,-13032.069135623866,-818.6855944491408
12509.589122973717,0.14793766300383354,0.15688220999675295,0.04175625712557448,0.017913985634723094,98.5886186078833,-5429.703010612736,-13850.330003958094,-964.1310830315894
12509.618240149914,0.14804514902274263,0.1568738699926337,0.04176540165218178,0.017944222421148896,98.7465417219165,-3120.9483464498358,-14251.897996522574,-1080.6996026988647
12509.762232926492,0.14815124245572303,0.15687969307932742,0.04177064605026062,0.017983576253189578,98.91158227882438,-713.7374382897199,-14199.820876246684,-1163.0056037104746
12510.49388851111,0.14827524918520538,0.15686365114710993,0.04176910782788144,0.018025132128269204,99.08629432452992,1716.7791713291479,-13660.415872152036,-1205.5520767569863
12511.511796237455,0.14842264709788,0.15686589486055974,0.04176141966194355,0.018059924937692016,99.27364501817438,4080.9222341523987,-12605.809716707452,-1202.7652550073599
12512.447174982975,0.1485300516590286,0.15687613586059315,0.04174692455402587,0.018093063368030536,99.47708184233491,6270.448011491194,-11018.986188477618,-1149.3000368907956
12514.572027683882,0.14873292757127818,0.15691129366827636,0.04174337407162793,0.01809801400795644,99.70051172368869,8154.966815808039,-8902.201717476944,-1040.5472621854562
12517.087788986722,0.14894751451032132,0.15700083307096785,0.04173317762098593,0.0181067978409971,99.94807929104891,9580.93818747054,-6290.681655325162,-873.8288928719808
12520.180365153105,0.1491700821563722,0.15715578480139866,0.04173227713064437,0.0181072228213903,100.22347546848965,10377.967847468839,-3272.244712622308,-650.2945538406557
12523.612943157977,0.14936147233719976,0.15738905859862595,0.04172426164304341,0.018108444704323417,100.52855218800417,10379.725498913833,-9.309942184217967,-377.4792116475361
12526.384582099778,0.14942584268098144,0.15770032959791372,0.04170665520313337,0.018105452578696158,100.8611876802476,9466.566924878101,3248.340091485428,-71.98697197454939
12528.379952155345,0.14936128427546047,0.15800827995212022,0.041694545031419616,0.018098550831434967,101.21334191941958,7624.948192584198,6182.4966192688635,240.04767923188328
12528.176048034136,0.14911802358515172,0.15820737815315317,0.041671290186247684,0.018071187470608117,101.57130474413945,4992.36939534633,8473.510448534977,526.8550749285495
12530.213619407823,0.1490367684214155,0.1583972773119411,0.04166504749315212,0.018054069051135366,101.91943730985302,1843.6619196095405,9893.707775584737,759.4383147958085
12531.70718710094,0.14892957230801154,0.15852653893643975,0.04166460054096202,0.01802717690047844,102.24529214757747,-1487.2320793834551,10366.87495503546,919.3793648169076
12533.328609653181,0.14880740800650671,0.15863978722509453,0.041670856110217216,0.018006437755226288,102.54247474413293,-4698.24317876353,9957.742098160455,1001.1555964027486
12535.227207561167,0.14868756608054465,0.15875177652720476,0.04168074318279508,0.017991158710908978,102.81012410981269,-7570.515864248984,8816.1038233315,1009.4085804503944
12537.167387256884,0.14855522893928033,0.1588488384969981,0.04168558149483193,0.017986671643756603,103.05074995241041,-9973.275770320803,7119.782323090473,954.3236651278211
12539.096075594667,0.1484210578530757,0.15893352806385666,0.041700763623403095,0.017978120682075285,103.26825699351186,-11844.622790765607,5039.144073451971,847.9089571296242
12541.012561571106,0.14827087596717176,0.15899559162400403,0.04171136180766132,0.017974774977839066,103.46676490209688,-13168.420030367357,2722.2346936793397,701.9430657625641
12542.938608474762,0.14811416521461174,0.1590459460089915,0.04171622749585571,0.01797420231292752,103.65006939295712,-13956.014138679202,292.1203495785307,527.1564512615321
12544.820108727501,0.14795101757261886,0.15907408606793047,0.04170954572128761,0.017973753674688862,103.82148178499544,-14234.1106185529,-2150.401884424197,332.9830828359423
12546.616409748001,0.14778754999576155,0.15906748277237578,0.04170772001462827,0.017973310900162735,103.98384172703564,-14037.473096244928,-4522.533392047205,127.61383643561304
12548.334800054407,0.14763245472363531,0.1590229391035488,0.04172182953894938,0.017979097030427667,104.13959784945315,-13404.94097710055,-6755.259299322589,-81.8349889878127
12548.85429152437,0.14760369858868472,0.15896274237471084,0.041761750771427096,0.01800318652648441,104.29089894157077,-12377.510502436862,-8789.685328648546,-289.073886120713
12548.214912982274,0.1476934799188813,0.1589432591821603,0.04178901055397156,0.01802580938049754,104.43968810790098,-10997.74478995213,-10574.213163169716,-488.29669366930307
12547.757360073761,0.14778375655484144,0.15892314317304987,0.04181662969800769,0.018056682332215374,104.58780311653737,-9309.945976276249,-12062.54658397155,-674.0149749301036
12547.19896858279,0.14788495149682954,0.15893034900584016,0.041837824131451255,0.018088933624931074,104.73705633897949,-7360.916235219379,-13212.06477033895,-840.9730507374569
12546.701477193608,0.14798379458587782,0.1589532245185104,0.04185549317920547,0.018127370250798455,104.88931238430573,-5201.267136052831,-13982.66637389368,-983.9793569543224
12546.47545543798,0.14808450224907826,0.15897149281125691,0.04186803621294283,0.018171587625276774,105.04657405469597,-2887.1810077431187,-14336.238501567666,-1097.8178874521623
12546.607316091666,0.1482025621323318,0.15898324134817102,0.04187204520596838,0.018206002443399916,105.21107171255956,-482.7769067624262,-14236.79437266628,-1177.1224987284809
12546.982462065236,0.1483187024452208,0.15900032152348423,0.04186982924483329,0.018247714911681673,105.38536249041881,1936.8740224743706,-13651.646827447934,-1216.408796919331
12547.796638575019,0.14844899720108884,0.15901457902894992,0.041860971900516325,0.01828500285153684,105.57241973130273,4282.147407043337,-12554.053701600387,-1210.173180530519
12549.026365871476,0.14859062999249656,0.1590318553244244,0.04184873685512226,0.018311846998826323,105.77570366506133,6444.88492425381,-10928.223275901204,-1153.106291959449
12551.145488978576,0.14879101762177777,0.15907018396542663,0.04184802576525635,0.01831283984500874,105.99913888149935,8294.86683571605,-8777.957727287567,-1040.656991019059
12554.05924837104,0.14902485334453822,0.1591365823556551,0.041836435339599666,0.018322513986493767,106.24688081952668,9679.034107990632,-6140.483143384912,-870.2957661732654
12556.989243157655,0.14923244458154267,0.15929915900513328,0.04182317686064704,0.018328633394039655,106.52260483769842,10428.050994231999,-3106.0516310697863,-643.4153369931706
12560.51681161661,0.14942363188265947,0.15954347170545477,0.041805728082907716,0.018331072394173132,106.82809480554039,10377.80210749606,160.19556233059075,-367.84479474211855
12563.960095626859,0.14952293461496816,0.15986906097441722,0.04178745097233242,0.018327658389479196,107.16109428495999,9412.671768173008,3406.260069386008,-60.472523587609196
12566.376376538683,0.14946413653179783,0.1602057767328074,0.04177085203533013,0.018317910400529352,107.51336616878744,7524.88111030357,6313.615950676914,252.29490113860047
12565.409305513802,0.14920822728895172,0.1603480808543679,0.04174856110971952,0.01829077267176104,107.87102006587789,4858.065530541759,8565.642048412365,538.6098756896415
12567.5400033243,0.14912787237622843,0.16054127751921562,0.041742579287404644,0.018273513184054957,108.21837214372597,1690.8532473234495,9940.892924122152,769.719582122792
12569.51922456992,0.14902309070230602,0.16070011002114987,0.041742548751809404,0.018252233616941227,108.54309138646643,-1643.0444116197789,10370.182117968847,927.6595618595118
12571.408889247505,0.14889811731338248,0.1608294330998271,0.0417516867241724,0.018223494663031574,108.83895386375717,-4844.904374316395,9923.49766383026,1007.3181959005299
12573.3735869872,0.14877803188162847,0.1609445491241565,0.041765581554701794,0.018202653127388266,109.10523968342136,-7700.363418635025,8753.16657383713,1013.6002036628915
12575.340830397776,0.148647515696012,0.1610432708700611,0.04177159122822934,0.018197220886484056,109.34453959431144,-10082.754771836091,7037.332861019546,956.8638685405616
12577.264292373968,0.14851501068326836,0.16112763888413942,0.041784149276574103,0.018190301583078355,109.5607905227126,-11933.279933126243,4945.414925857422,849.1834187052268
12579.238777382092,0.14836567278944493,0.16119637814127583,0.041797903102843544,0.018186100495553928,109.75811474687046,-13237.897275618872,2623.9841359383513,702.3047778566911
12580.79110397923,0.14824168339327948,0.16124019023373928,0.04180015277324434,0.018185840068656763,109.94029579943987,-14009.239972142803,194.54260867244457,526.8982995986296
12582.55852363502,0.1480887726707826,0.1612659059970495,0.041799895917414315,0.01818580459673884,110.1106272768551,-14274.724539390392,-2243.6174664931455,332.31929360257305
12584.39068784657,0.14792278064262698,0.16126324622930382,0.04180191524805565,0.018186277962978014,110.27193273651558,-14069.45315965128,-4609.097444155247,126.6670023044325
12586.017504323712,0.1477798534378833,0.16120008517098575,0.04182885050022409,0.01819747210373146,110.4266420939754,-13432.298918752147,-6834.10960446738,-83.0308989235633
12585.782054621539,0.14782820170932867,0.16114164219276572,0.04185496506458198,0.018213345794814338,110.57688256218985,-12404.089028547405,-8860.804669616658,-290.50269526540177
12585.142041097479,0.14791444550378596,0.1611269442554103,0.041887490716064235,0.018240465210058968,110.72457979965179,-11027.117598309449,-10638.619127978684,-489.99336167578656
12584.198033332934,0.1480245781142537,0.16115174798843956,0.041916391845613174,0.018272846408731246,110.87155104003301,-9345.28877202008,-12122.251142190462,-676.1257033671595
12583.416189743188,0.14813912967428433,0.16117586972304204,0.041935866325493995,0.018302477323918907,111.01958378582795,-7404.796097256942,-13269.941628174236,-843.687112496554
12582.57981728359,0.14825938354802579,0.16122591728597552,0.04195460684788866,0.01834310718264579,111.17051757140769,-5255.431243534029,-14042.387832565699,-987.554408720074
12582.156233929409,0.14835204033502497,0.16126235445101433,0.041967327938580115,0.018387499260263163,111.32632488137045,-2952.3564173601353,-14402.240173636246,-1102.588897390766
12582.134331496483,0.14845344239253472,0.16128443563413622,0.04197214475310065,0.018427406727164336,111.48920176782443,-558.367553906738,-14314.17639132422,-1183.5016444588036
12582.579364379584,0.14857148037370527,0.1612949660482426,0.041970341638345975,0.018465639572775895,111.66166343223118,1853.1638733332486,-13745.905746709266,-1224.8556790530772
12583.28894701935,0.14871047741674767,0.16132527241916247,0.041962732744219335,0.018498837226315453,111.84663852190829,4194.724544665054,-12670.685010952924,-1221.1563777361348
12584.018308704515,0.14882465671725614,0.16137003239476028,0.04194783315690972,0.018532404155091237,112.04754327350635,6360.71930489611,-11072.134769825867,-1167.1174964039985
12585.741112729018,0.14899577788496327,0.16141527345394127,0.0419340678992107,0.0185513749401823,112.26827445463053,8223.914982202476,-8952.413820051035,-1058.177062397994
12588.2854238587,0.14920568920012922,0.16148908912098542,0.041927512880026115,0.018557029214520262,112.51300394040732,9634.236786732996,-6345.424852138674,-891.5356487256
12591.749089484883,0.14944951975966314,0.1616187207894399,0.041915123686939754,0.018563034536925826,112.7855375020912,10424.38257346354,-3335.889883990729,-668.0687439730019
12595.15633223845,0.1496382267965465,0.16184277782016107,0.04190268599793033,0.01856504547275676,113.08795496407268,10429.526690441236,-81.35924902425256,-394.8970964388683
12598.72381031648,0.14975608796136086,0.16215104700333574,0.041883306529516356,0.01856193940993425,113.41849223516627,9528.48064366881,3174.1050790707673,-88.03489262946526
12601.945573142182,0.14974565321566097,0.16251229034634926,0.04186743242850081,0.018553162686036954,113.76948296439183,7702.479904813795,6116.444973745125,226.82464211447063
12601.997653857128,0.149507103618743,0.16272944448183094,0.04184051392256069,0.01852217390564197,114.12736753463075,5082.115541955087,8425.93086153701,517.9112498331616
12604.16160909498,0.14942625788861988,0.16292719357526472,0.04183688444729395,0.0185124035987805,114.47628669295916,1937.3595047397594,9870.710404769517,755.7710335585618
12606.074694943292,0.1493063292868967,0.16308735524819146,0.04183635984227909,0.018491758283892868,114.80333150553906,-1398.745131252161,10369.35743495002,921.2903995459235
12607.78121735484,0.14915155440679537,0.16320731581255696,0.0418443904405551,0.018464456036220104,115.10166896732815,-4622.231215401098,9983.208820579377,1008.2857676633832
12609.679747072732,0.1490258289193925,0.1633173993360403,0.04185781290806159,0.018443453589790944,115.37017565614507,-7511.8819199772115,8861.043401521509,1021.0341307468907
12611.383117125293,0.14891450074140325,0.16340366835061707,0.04187018130783185,0.01843196516539414,115.6112614589488,-9935.434257102277,7180.994381260934,969.6275140707484
12613.390550124415,0.1487785403729372,0.16349308916278735,0.04188438718496792,0.01842385064476656,115.8288307885823,-11830.456555196863,5113.915816369139,866.1250301943791
12614.904754915648,0.14866538601951484,0.16354701217537426,0.041892626781308215,0.018421187365321817,116.02703786475591,-13180.851019809714,2808.056703273978,722.4005422481149
12616.812007161388,0.14850766453638709,0.16358999293707824,0.041902904763902904,0.018419936400689618,116.2097192663038,-13998.200372497184,386.2704843598664,549.2143168038821
12618.733546862139,0.14834324384294265,0.16362132334867632,0.04189791430781995,0.018419632438968724,116.38022242517101,-14309.430815902053,-2051.251983284995,356.0082894421212
12620.396919459388,0.14819329211935553,0.16361993253545207,0.041906269313995034,0.01842151275950962,116.54140601205462,-14149.383437311526,-4422.555150916585,150.95684883447936
12621.312229000809,0.1481160203600401,0.16356089976513793,0.04193096587317608,0.018431375887002013,116.69572283621937,-13556.694253405345,-6659.61063882782,-58.874271311843884
12620.722714234056,0.14819066644751497,0.16352185310120337,0.04196494370619311,0.018451367960473836,116.84531366767025,-12571.916912796178,-8704.648495477868,-267.20356917051004
12619.95457413942,0.14829014578760816,0.1635062155934804,0.0419958144234551,0.01847632268555606,116.99210834782228,-11236.90443894783,-10507.429646324392,-468.28854431077946
12619.047979080917,0.1484047018450133,0.16351926589584898,0.042022762234481294,0.018505547094024848,117.13791664604926,-9594.874337400921,-12023.091363696873,-656.7549024775085
12618.319184317947,0.1485178437085271,0.16353534711308015,0.042049447899444835,0.01854464649455903,117.28450651358663,-7691.087710597893,-13210.405495519459,-827.4711784879551
12618.037086781575,0.1486230035925696,0.16353187186228618,0.04206726284907146,0.018581405529150705,117.4336841489573,-5574.023559274871,-14030.642454850722,-975.3779132228716
12617.750599909607,0.14873122869215621,0.16355176193427612,0.04207946612131315,0.01862083659969002,117.5873747980467,-3297.0965393515366,-14446.940323011015,-1095.3690329709843
12618.114297509257,0.14883979497575914,0.16353652897506843,0.04208529497048338,0.018661188381603917,117.74771049432614,-920.8083041775565,-14424.293922407553,-1182.240228608534
12618.449169423526,0.1489691675954963,0.16355774951199217,0.04208454648651657,0.018696876011561097,117.91712401643952,1484.4686257515768,-13930.368372173112,-1230.6260892172209
12619.466204567974,0.14910897931613432,0.16355213237085847,0.04207751429143014,0.01873231814111606,118.09844873603996,3835.0953397295,-12937.661562319936,-1235.0698286543256
12620.43015870796,0.1492202615957208,0.16356069524681222,0.04206387285485857,0.018766052519528006,118.29499970032647,6030.311634130953,-11427.752444884924,-1190.2464899349218
12622.32988320508,0.14939439816294892,0.163575216687471,0.04204779834785507,0.01879007925806874,118.51059000661766,7948.426222823921,-9398.558810013723,-1091.395470548845
12624.765012841051,0.14959776492000013,0.16363610486095723,0.04204109544690507,0.018796395700892622,118.74938362764064,9444.868664198377,-6876.386988784807,-935.2240450213683
12627.973330264807,0.14983021865833726,0.1637615749427099,0.04203340134851731,0.01880061683047544,119.01537161322142,10355.879599707603,-3933.8351953641854,-721.6288438092461
12631.20134327578,0.15001548937809234,0.16398370681695235,0.042016581386177566,0.018804352246006656,119.31117978513407,10514.56532046221,-711.6891715526623,-456.21138244365466
12634.548503988604,0.15013299735767777,0.16428133190791772,0.04200068886345086,0.018802809471189657,119.63606505997242,9787.290377825053,2564.1660199406406,-152.98760111233574
12636.879573755143,0.15009581819025541,0.16460485314703382,0.04198759785036455,0.018796655794939315,119.98367907650334,8130.272281285732,5590.97513052401,164.20687808651013
12638.105068561843,0.14993346859182713,0.1648671327613817,0.0419620145512859,0.01877100461454781,120.34144589073502,5642.6417069119225,8043.650338061328,464.2003682691321
12640.313499871341,0.14983586522091172,0.16508515289637726,0.04195368548948086,0.01875269244824665,120.69344527610973,2570.8301068402156,9666.472509098907,716.1807349332609
12642.300377652668,0.14973210283504423,0.16525084180749988,0.04195194981406823,0.018733034423298076,121.02568453891327,-756.8745410668259,10346.937641692943,898.4019611272073
12643.969770405241,0.14961955755956924,0.16537027057987347,0.04195734614922815,0.018709795185044807,121.32995426639347,-4025.0005199251527,10122.388005523913,1002.1459498100107
12645.860902905242,0.14948813230199554,0.1654820939441701,0.041970446755279986,0.018686746713893997,121.60410794384559,-6994.7563371937185,9129.99129948874,1029.9720827852805
12647.852544221094,0.149362839595761,0.1655866179602923,0.0419794189660991,0.0186775718800816,121.85004704043016,-9518.198295328071,7546.018761261944,991.2011797834632
12649.821964983941,0.14923091995856919,0.1656762080889574,0.04198731474217482,0.018672580682987994,122.07152587603387,-11521.872889882272,5544.466443232872,897.7764622295025
12651.58761946839,0.14910111830378833,0.16574124597974743,0.04200326810006241,0.018666761145754676,122.27273173939753,-12982.929203557498,3278.1649166064617,761.6950067479767
12653.502542259155,0.1489503387127075,0.1657963743068514,0.04200547289294495,0.01866639076113241,122.45760422672946,-13909.181512133639,874.2838941053698,593.9728529912462
12655.435689381085,0.148787640979915,0.1658327437296096,0.0419984072668969,0.018666210631161376,122.62959750496022,-14325.555809403591,-1563.520948903771,404.3309708638891
12657.31121327955,0.1486210111319216,0.1658435736064744,0.04199400471836995,0.018665351927098492,122.79166521495351,-14265.853974630036,-3950.79200646439,201.1600418744913
12658.905886977554,0.1484791001205816,0.16578722212673921,0.042012314558534915,0.018671975869826933,122.94633253636921,-13768.118273404458,-6217.848875060271,-8.314074555370997
12658.967138566246,0.14849220243476946,0.1657275226666903,0.04204838462329363,0.018691646341806832,123.0957881040548,-12872.39404238188,-8305.90599481152,-217.74845602974167
12658.309894400269,0.14858312189832504,0.16569766650415496,0.04208343564414086,0.01871812057462349,123.24198266210063,-11619.939771313951,-10164.138274869072,-421.37073949209116
12657.543885045967,0.1486896671756571,0.16569329869881724,0.04211339225946614,0.018748483861735145,123.38672573050859,-10053.165213592685,-11747.486628771343,-613.7941526343598
12656.845960624454,0.1488020828826977,0.16570025958685256,0.042135171521570335,0.018778104161412613,123.5317651014417,-8216.170099445204,-13014.842505755492,-789.8778989133447
12656.169788536135,0.14892169684942252,0.16572528423609773,0.04215582094892826,0.018816990876272068,123.67886447557906,-6155.811954291257,-13927.747294524364,-944.6166874714581
12655.760327358985,0.14902131431354027,0.16575166116671225,0.042168534045251865,0.01885299976789845,123.8298818511181,-3923.223817863472,-14449.67073100889,-1073.0031708234326
12655.397877649717,0.14912374045343166,0.16579542183410484,0.0421751256187378,0.018888080143110334,123.98685537861725,-1575.8051656546074,-14545.788541976035,-1169.9113961588414
12655.755770261474,0.14925312171717658,0.1658062232045838,0.042176124596509816,0.018928090823437164,124.15209726180866,820.2553124568923,-14183.45739429066,-1230.0870834258762
12656.256781112743,0.14938400270961344,0.16583685302200527,0.04217015071788461,0.01896890677988333,124.32829082063343,3186.775520846367,-13333.919641610093,-1248.1548285185452
12656.967470070827,0.14949794378065354,0.16586753126156664,0.04216005123550239,0.018998594202793984,124.51857943239281,5429.832307276027,-11975.756963247431,-1218.7215497723969
12658.227763001487,0.14964114369736847,0.16590914335370907,0.04214217045449886,0.01902935172316433,124.72662179799825,7435.888163619763,-10100.927565950165,-1136.7808118507944
12660.410706490718,0.14983742583541904,0.1659751555638912,0.042132185059262105,0.01904019579312463,124.95651409161611,9068.92367748383,-7725.0093519262655,-998.4254964402256
12663.369773332002,0.15006240740413146,0.166086863033554,0.042119710400839415,0.019048430616318144,125.21243061172432,10171.640600614868,-4903.089282435494,-802.2553313780091
12666.729807499787,0.15027340353102717,0.16627824328085433,0.04210817177170525,0.01905213631671394,125.49768018468507,10576.407323282801,-1750.8051008263205,-551.6310411304441
12670.430705020455,0.15044019340749912,0.16654965171000655,0.042090337283604555,0.019052268250701852,125.81295533444845,10134.090782843276,1535.410159041386,-257.452523620726
