Episode: 138
5501626.294642888,0.20005668688303205,4.99684115158742,20.097637155709766,19.96873681607901,30.837637253019924
5503394.593320785,0.20008076136862898,4.996614862216542,20.164495912222907,19.964027395606355,50.443457071650336
5505000.614888299,0.20005859290204478,4.996330710392455,20.238862575068502,19.946245756436845,68.38552136212179
5506259.217181971,0.1999753284933585,4.996515229859465,20.305995685870855,19.928106234748192,84.58390526726888
5507936.004702475,0.1999361649882897,4.996324392127594,20.345384229128406,19.93318830708268,99.17625676889095
5509607.2185733225,0.19987496702912982,4.995737763627901,20.37816302776192,19.94223712325348,112.39701309996254
5511211.554504696,0.19980840928730945,4.996499624791987,20.4234445192579,19.934555605615785,124.50195719365985
5512727.046774676,0.19972935021512866,4.997764857207583,20.464891653196265,19.92634501338688,135.72798120688233
5514210.375874598,0.19963510745127222,4.999323036020715,20.50057641810685,19.920351552186577,146.28267743580398
5515673.439559082,0.1995207444288464,5.002050595060659,20.529126742472577,19.91586515537325,156.3490171841557
5517259.321961075,0.19938018780706526,5.005089320079593,-339.4520374302181,19.916933741397862,166.08418861698027
5518513.589548187,0.19925819366775344,5.0081068696975,-339.450299691548,19.923904519317283,175.63794511403327
5519705.405015193,0.19913813305488623,5.011817900359748,20.537156853730107,19.94014021837678,-174.8624840640044
5521188.870241199,0.198993011437302,5.01523961700892,20.505157561659576,19.96312297322188,-165.27876839474564
5522414.232971203,0.19889863683667341,5.018566030186176,20.45068465298539,19.995091254192012,-155.4761834968188
5523510.095556114,0.19882064426177398,5.020855994063327,20.399347629499825,20.026214823438426,-145.3270098141192
5523992.907186115,0.19885204437265505,5.02311808347489,20.333059780686998,20.071456440376398,-134.66854943078573
5524965.101752868,0.19891617691095484,5.024505796534989,20.25398398325629,20.117927759687163,-123.30785343801685
5525815.520700812,0.1990317264851615,5.024998752681507,20.18520130895918,20.162893381568885,-111.05530603274886
5527300.934290074,0.19918390519093565,5.024646416124391,20.11564009511325,20.204056021660495,-97.66015882919953
5529570.394741816,0.19939821666929805,5.02398429557653,20.065075096838353,20.22534055388446,-82.87374954100395
5532488.284190636,0.19966963097346815,5.023169810843378,20.032056337410097,20.23854957039963,-66.47788860633818
5535537.198432352,0.1999798829115063,5.02166644203423,20.028346375088972,20.25169402571054,-48.37017989779802
5538748.687290816,0.20029448596330346,5.019721314298755,20.061228589406692,20.25900641849254,-28.664450164812123
5540362.407088688,0.20047044601505376,5.016758226227771,20.148333744823294,20.25769420391864,-7.843482066293539
5541872.997227507,0.200563789667565,5.01343304440605,20.233888423834603,20.24129620784554,13.342731079670076
5543618.253913278,0.2006261923140393,5.011419807889778,20.31687682385687,20.218809864963738,33.9542669951207
5544765.074626928,0.20059903712901908,5.010725476583107,20.392397236315713,20.202402427468698,53.24616074677835
5545140.2298751585,0.2004531918547746,5.010346705557414,20.48029207421965,20.169158322132667,70.85120477529541
5546582.647144465,0.20041689145185257,5.0104575526707835,20.53169900610875,20.160982698855346,86.73837362842939
5548320.827870198,0.2003751968054982,5.010121489437104,20.568825533520595,20.16916844632034,101.05419579312235
5550064.509661809,0.20031626747737577,5.009828113556468,20.607464872912203,20.17331659473909,114.04318435439338
5551817.172859341,0.200243656142226,5.010324810850285,20.65281027487252,20.168606298445855,125.95542584208677
5553524.158269661,0.20014865577327481,5.010666499243902,20.69135629117991,20.166507707831574,137.02354694165004
5554965.46921525,0.2000560356090329,5.011602191753391,20.72310999476495,20.163207434841272,147.45348305762863
5556512.163080329,0.19993572302802357,5.014736496554075,20.752820450298366,20.15892248234765,157.41576567527775
5557673.120539872,0.19983156531301027,5.016998798206737,-339.23482200128893,20.160276030523004,167.0733119297954
5559111.898183538,0.19968857785359764,5.020325302615188,-339.2377066271535,20.168755846765087,176.56195197583597
5560588.720000306,0.1995405703055504,5.023577087936086,20.745510896012036,20.18377646142148,-173.98797279404036
5561997.251445895,0.1994026229671435,5.02688539317086,20.714428595147897,20.206895314993517,-164.44890852691663
5563584.48663515,0.19927019819940034,5.030261271892118,20.657543506047258,20.240453017390955,-154.67913921049123
5565043.841351351,0.19918148417820544,5.031790370071445,20.604923701480054,20.261924850969375,-144.5437065748635
5565545.852221001,0.19921805604346982,5.033841569946436,20.54026939744938,20.304535192731606,-133.90074328686327
5566325.45671309,0.19930303644422276,5.035157927816418,20.465044434233086,20.35108820106164,-122.55316640309783
5567501.816271575,0.19940370778894723,5.035535855342788,20.394487027734563,20.390895711097414,-110.29639292833691
5568816.361118775,0.199551866864507,5.035131428678598,20.330630546979204,20.4310176870428,-96.90367217646852
5571307.529555447,0.19976891922488915,5.0344991709372255,20.278155102565158,20.45025552802479,-82.10924332121478
5574027.240830254,0.2000382400626057,5.033222939501,20.244447345751162,20.470166702774055,-65.71895885637971
5576746.369502703,0.20033453553378852,5.032092208139535,20.25154618581672,20.479652003073877,-47.63045532552753
5579844.946806131,0.20063869003439186,5.029990336764951,20.28537419381719,20.487105626250855,-27.96097969097346
5582117.742017349,0.20085347712980373,5.027301039671538,20.368529520915157,20.485425162466633,-7.201876753843505
5582730.144423606,0.2008828722595501,5.02364181655368,20.471104867748018,20.46676060648502,13.873149393305347
5584658.224862885,0.2009559252934156,5.022340203553426,20.547064975913774,20.45183866036185,34.36964231371052
5586364.531750675,0.20097642935522483,5.021705668073966,20.619302532267103,20.436484795446873,53.54750048555325
5586993.109576631,0.20084410447002574,5.021405888241553,20.704961372735536,20.4085132303264,71.04292508007335
5587731.206437198,0.20071757403265597,5.021822441496819,20.774342156153416,20.380667064686403,86.83931629090318
5589454.06102,0.20068268386182395,5.021964864134195,20.82206858761001,20.37697155965932,101.07824297907749
5590888.567472484,0.2006378391296964,5.0214318940866685,20.84950169835308,20.384514504274016,114.00861048111962
5592627.686455406,0.20056589561057203,5.02223229912287,20.897104584512668,20.37702873907375,125.8634654004368
5594193.620561069,0.20046826431220452,5.02251641282169,20.930900570365402,20.375290097418596,136.883852298033
5595724.329918023,0.2003586448208643,5.023574427500286,20.962304594486426,20.371588046457514,147.26582231851046
5597375.380605932,0.2002285423368642,5.027216064160261,20.993542733791013,20.366645554827006,157.17993731082166
5598993.260365443,0.20008471924217264,5.030366872914096,-338.98887213705916,20.368520767180534,166.78409823589107
5600278.505875066,0.19995547231089228,5.0346593411727305,-338.99713142181787,20.379375886566027,176.2258999709297
5601546.695418183,0.19982856985898798,5.038573051119497,20.985735450034262,20.3972935504609,-174.38061521019623
5603045.195352508,0.19968750895644632,5.042128029710798,20.947335587176415,20.42188682881948,-164.89588683701
5604433.606036255,0.1995641167137427,5.045529111957937,20.89754628090981,20.455301371377317,-155.20163267818427
5605863.502876407,0.19948374071600453,5.047989236844158,20.831081592445102,20.489361674380053,-145.14466004571167
5606143.717632202,0.1995584075249805,5.0502377799278255,20.762949789506393,20.535125950952146,-134.59569670436852
5606708.9273967,0.19965871814556488,5.051585253348185,20.692026039035525,20.581175894586465,-123.36482763555969
5607555.604625832,0.19977002400945026,5.052038797033643,20.62552770259799,20.62424708077262,-111.2514172727237
5608985.886881463,0.19990277198678952,5.051672507868241,20.556492752127067,20.665552804445447,-98.01835172911753
5611189.028152343,0.20010388981399382,5.050789231710723,20.499200194971845,20.69378043752946,-83.4222441184213
5613968.652206035,0.2003682056809984,5.050226754305569,20.472304998777705,20.702925068497034,-67.25059842799836
5616793.551226404,0.20066608579891726,5.048489617908498,20.468574741467126,20.718291523266885,-49.39487766992048
5619735.894020222,0.2009620466655786,5.0461395845886665,20.499043621497602,20.727494824661207,-29.947839005422058
5621636.175964361,0.20115785792773602,5.04339744385587,20.579691597863004,20.72680492130303,-9.356278332456961
5622187.606821485,0.20119017323857954,5.0392601788052005,20.690991437676015,20.707710789447496,11.631747641740448
5624009.011249961,0.20125992219418049,5.037982105218109,20.76597264731569,20.6940801842189,32.14641450460744
5625755.260622786,0.20128822787133335,5.037650207142356,20.829870982618328,20.68675243789211,51.415319660777044
5626662.153291265,0.20121469087457589,5.037328039934457,20.90361766937156,20.663269682758322,69.0436227212445
5628284.353949871,0.2011738113946708,5.037576189388925,20.973117838978727,20.642865728111286,84.96170477250055
5629918.753136229,0.20113992850127518,5.037405610428361,21.01099457774084,20.647162818186303,99.3173517576109
5631615.0348541215,0.20109196110995953,5.0369244414683925,21.045127729478313,20.65432595368428,112.33424854557511
5633372.541708676,0.2010252931685531,5.037845298602926,21.09488505951267,20.64530174120456,124.25764911034408
5635108.463123517,0.20093967258451287,5.038771210335619,21.13869333861323,20.639417038844645,135.31830228179615
5636786.744021481,0.2008300737172069,5.03928945854118,21.17299991504032,20.637442945997474,145.72015690713076
5638328.988977632,0.20069974851014605,5.041185382013677,21.197699480596,20.634357480675355,155.64297777260057
5639554.40126746,0.20059397831464396,5.0439735179716605,-338.78717490840666,20.635268940826837,165.2346277984394
5641047.253977077,0.20045111571120966,5.046997946589663,-338.7828149949972,20.642040595064636,174.63198508460857
5642176.8893632665,0.2003382188225605,5.050494677844562,21.19852767158713,20.656889753022483,-176.02671825361156
5643292.544246605,0.20023392003019,5.05417103192867,21.16311648451238,20.68081943292086,-166.62398939917534
5644719.908822428,0.2001084692574886,5.056769566650572,21.121555290989637,20.704918231780933,-157.03415481152604
5646112.902157618,0.20001971959434733,5.059329647561373,21.059479641131162,20.738252407761422,-147.1161862232849
5646515.006392607,0.20009123691796207,5.061685382338572,20.987635041830814,20.782706922121665,-136.73297561562026
5647195.010129048,0.20018976119144172,5.063213155372488,20.911442465855373,20.82926886359787,-125.71045931914566
5648023.443523938,0.20029252072168052,5.063794614606188,20.845820809818697,20.87053078634552,-113.85955561423306
5649476.829868196,0.20043287468267823,5.063585482397469,20.77366663022654,20.912796312994484,-100.94571555057428
5651540.160385795,0.20062847061800185,5.062915160429057,20.719366376190305,20.938178652578248,-86.73277487938836
5654511.821708193,0.20088903750242176,5.062011177197556,20.675936753638517,20.954822526843593,-70.98911139653322
5657258.413776651,0.20117991350855866,5.06035174775098,20.665582277283267,20.971589009242837,-53.58925501796473
5660180.5893085,0.20148423437228752,5.058531170689853,20.692717488771546,20.980443104543987,-34.56120434225246
5662750.229654098,0.20173256933374156,5.055669620645304,20.758199451839854,20.982361977478558,-14.252816127137223
5662944.610475266,0.20176034775590965,5.051640116122952,20.867993905483047,20.968108351696426,6.638149710365763
5664961.192478932,0.20185510307481327,5.0501686405669535,20.940761880701235,20.95485253938706,27.275709523676184
5666779.020762807,0.20189672174959833,5.050069821019362,20.999885906391924,20.952982895622394,46.822436826722814
5668239.430229824,0.20186317285134267,5.04969976158638,21.07598389815112,20.934958415334645,64.79301751089132
5669582.446064649,0.20180038131696276,5.04979289773491,21.14027373418649,20.919433935063438,81.06276785352895
5671321.3956099,0.20176680323820428,5.049939176051469,21.190664492686302,20.9145366885817,95.72794086727737
5673115.133534327,0.20172439592084745,5.0496340129126835,21.229329525250957,20.91959827038872,109.00147343743902
5674799.261396881,0.20166262992669776,5.050264271633936,21.27547733602357,20.912717240682042,121.12957161045705
5676270.881097268,0.20159077234080844,5.049908196713017,21.305241518120052,20.915186490179476,132.3469615936885
5677935.564419914,0.20148741852884966,5.050884704863132,21.342423721214345,20.91089788670892,142.85226662554967
5679524.005967163,0.20136907747385246,5.051913798312715,21.371478727162085,20.908657668492694,152.83165146159115
5680808.352142071,0.20126141542657025,5.0555245239271525,-338.6100359747702,20.90796498674852,162.44440372481296
5682040.738734009,0.20114430775592704,5.05855802093595,-338.60577556407884,20.913123445806225,171.82919496159758
5683358.060596265,0.2010141353240492,5.061876371357483,21.386092027232987,20.925235396514665,-178.88845072661172
5684681.800839471,0.20088461442444616,5.065714914643356,21.357714949241164,20.947500175338256,-169.58049435879875
5686089.21251948,0.2007602198366819,5.069435682549935,21.309514152512875,20.9786014085895,-160.12202114225155
5687231.880221879,0.2006773892681351,5.0723494532757964,21.254833594452187,21.012693469631795,-150.39021490570377
5687897.939517513,0.20069155355253068,5.074941392929754,21.185394020751858,21.05585352867592,-140.2404168585507
5688666.853598544,0.2007726589712001,5.076776573073555,21.105298426488584,21.10279277284739,-129.51052842748194
5689478.741124945,0.20088496757374458,5.077718965399658,21.031182074328093,21.14949656454237,-118.0280559044898
5690183.5357804,0.20099795116049501,5.077786234524671,20.97117282408501,21.19366816386697,-105.5866911689598
5692222.147717545,0.20117542337542144,5.077406349289788,20.916819808058225,21.213982257217364,-91.92114242866006
5694753.268611662,0.20139323100755005,5.076843797296987,20.875747787267237,21.226874005039267,-76.8159391438068
5697738.945615085,0.2016779188496542,5.0755231488338355,20.849668780676758,21.243310425234792,-60.0909782564366
5700637.909408573,0.20197465496384556,5.073540980833225,20.858104455368636,21.256262836058628,-41.70708402943298
5703616.087378649,0.20225801468393903,5.071378040945106,20.903623650298556,21.26083081857523,-21.878639815279666
5704981.391897641,0.20238946878331115,5.068857883586249,20.99405467155962,21.255853046464527,-1.1836296171099925
5706688.075079549,0.20247841107616582,5.065394792200726,21.081215524058518,21.232703159664972,19.58500427361932
5708541.439993296,0.2025362404831932,5.0653021343994,21.140634344234698,21.231294116072604,39.5439552854943
5709275.800488951,0.20246062363903966,5.064466944639186,21.224938952454007,21.205124534718937,58.074317703845566
5709698.097403616,0.20231897015715483,5.064363230805272,21.304716092021863,21.174235161671163,74.92966883955924
5711272.88927844,0.20229653577760767,5.064496990228107,21.352917570055602,21.167806801063524,90.13561859574989
5712866.303454401,0.20225810314933618,5.0642492269828985,21.38778521015767,21.17280656580375,103.86876447087734
5714664.158752907,0.20220387142509433,5.064984187184226,21.439695543596443,21.16336453522016,116.3612504416104
5716350.522831293,0.20212406061257346,5.066265750917018,21.487834176199165,21.152643512510096,127.85785941437413
5717838.537777536,0.20204379747834636,5.067015476275159,21.523010747386056,21.14861504253502,138.5747314078173
5719561.404258365,0.20193211481276152,5.069357522741239,21.562807228579786,21.14160525234542,148.69168153272804
5721086.811213009,0.20180927244488175,5.0727313091932995,21.58870068327905,21.138352803888406,158.38365252309916
5722453.642196538,0.20168169137181371,5.076016051855501,-338.4023436636334,21.14139640784003,167.7948963589206
5723793.647639314,0.20154993380103225,5.080954631305911,-338.4115225232828,21.15532122770759,177.05250670716518
5724971.254087003,0.2014327516539051,5.084469762897214,21.57396004574522,21.17234528583679,-173.7256010517504
5726073.973911637,0.20132944148879653,5.087740623378303,21.54111988344212,21.195807044789685,-164.40869018763928
5727594.209905952,0.2011986440058953,5.0902417833419,21.49670184676085,21.221033996703206,-154.87382151344116
5728140.048212843,0.20122011307277785,5.092777665239351,21.433506374066496,21.256902738105715,-144.98843010387725
5729005.981305974,0.20126513138385968,5.09448724218136,21.36340087446317,21.292363695021415,-134.60370487902085
5729534.360554028,0.20138427295283165,5.09583331055614,21.291102737993356,21.339334818974645,-123.56508823896715
5730349.150713434,0.2014854316407509,5.0962948417022895,21.22358404525889,21.38478901696972,-111.66960802962265
5731581.746886237,0.20160783326442486,5.095917082345039,21.15856040841239,21.426548944395922,-98.6896248154888
5734127.825204456,0.20180568418942735,5.095469127731097,21.106959755446375,21.440934552315777,-84.37335395403906
5736880.90862859,0.2020631374693895,5.094713661795098,21.07604240290035,21.453340797986012,-68.53102935908086
5739413.583569204,0.20234103665603295,5.093246994743004,21.075724758997787,21.466599365576943,-51.040791808822426
5742527.547140606,0.2026475179233343,5.091810137454738,21.105560305476182,21.472515036677084,-31.96061218053519
5745002.3854905125,0.20287886274228017,5.089351448593152,21.17336421481827,21.472661189878963,-11.68664258876931
5745620.285612969,0.20292364366160273,5.0854749416739065,21.271012460635944,21.45656821317173,9.073572179817134
5747730.633108981,0.2030184960157271,5.083499679373751,21.34976798929307,21.437210970303443,29.466218609155906
5749535.105360212,0.20305042718738997,5.083255292985573,21.413639353845834,21.43226231063406,48.70812551502216
5750150.713503227,0.20292389543418904,5.0828145564868805,21.50066287642358,21.406525023710003,66.36186559892754
5750828.588175364,0.20279954775061293,5.083042141717935,21.568869121278354,21.38159590398276,82.34565046302723
5752142.928620618,0.20275934774496968,5.083375420676267,21.6142716898268,21.371729140822147,96.76532084915843
5753663.90463987,0.20272093865283058,5.08259387353284,21.638514236119843,21.38417450267394,109.82752279102753
5755468.735130111,0.20266149709655903,5.08397366280745,21.69437953350483,21.36988208109813,121.76731488517885
5757255.518342281,0.20258245813513479,5.0849004096378545,21.73992374675299,21.363583217049847,132.81781775143855
5758966.043867139,0.20248458769678368,5.085155655259032,21.775677927217004,21.36249656776583,143.18130340296352
5760676.919432171,0.20236586734373035,5.0871804588522345,21.810434045231233,21.358429078118554,153.03090824108938
5762004.745336212,0.2022548665339186,5.089114676775223,-338.17136352587875,21.35827318235548,162.52690849514715
5763618.36042507,0.2021033461216223,5.092176978535655,-338.16390168210546,21.363733655181353,171.79705620419043
5764551.663417555,0.2020125700455575,5.095542135012293,21.829135075536524,21.376195722486063,-179.03176405141022
5765907.970434893,0.20188272785598757,5.098942981444985,21.799040045639803,21.395998704110248,-169.83151544497355
5767174.352221254,0.20177011667060615,5.102286309354056,21.756774499241757,21.423899226978044,-160.49347604835154
5768257.751969282,0.20170633209448222,5.105461947627767,21.694855023187223,21.460834393682916,-150.88481641983196
5768177.461971197,0.20180096310376597,5.108197097214872,21.629871757052904,21.505876144188978,-140.8834988670279
5768484.774506306,0.2019019271772316,5.1099908256248785,21.561744397686592,21.55086964232899,-130.3257683203654
5769616.490775894,0.20199855087801216,5.110978080988513,21.480057193014808,21.597782179292874,-119.02393908204768
5770553.182443606,0.20209831520011928,5.11109138386222,21.41391075868503,21.642245704153222,-106.79725409939533
5772556.530586276,0.20226329418333683,5.110661827709687,21.354612670495353,21.666936415410493,-93.39066722786934
5775152.11603746,0.20248844017752374,5.10995593463405,21.308231092243656,21.68386753626725,-78.5859853229122
5777525.546011213,0.20273959663697794,5.108766772453581,21.28968716454491,21.699372323038972,-62.206075369297956
5780210.273710886,0.20302820317900852,5.107222197533918,21.301175899526235,21.710148229559117,-44.17554474287088
5783133.995274141,0.20331495647919343,5.105149017594168,21.34513275758254,21.715441852181538,-24.66771740010241
5784859.7118144985,0.20347891512279298,5.101983134420995,21.431893856699993,21.71089006447408,-4.2021880543889525
5786684.198859207,0.20358278718371475,5.098661386172845,21.51376723287694,21.69107435115225,16.465396305320976
5788664.501757119,0.20365726701670112,5.097483256069091,21.584281600764804,21.676129850036137,36.45130413144137
5790366.6835421845,0.20368104454245764,5.09665258867748,21.658449111768466,21.653508738268243,55.100451054289
5792197.3024555985,0.20368372990111375,5.096492922568654,21.73094246680316,21.6316512464978,72.10372193562738
5794032.419937449,0.20366958521811507,5.096611359040922,21.78490733460782,21.624793983404707,87.4529715820333
5795871.281699792,0.20363920816358635,5.096579182229192,21.829221517588344,21.625353317286095,101.30771677227449
5797699.1188047435,0.2035902028945443,5.096537009263558,21.87170108458644,21.62583535615106,113.89577997815736
5799407.973502623,0.2035280270466331,5.0978949479776015,21.922362767368345,21.61370382793948,125.45469627481734
5801190.361693542,0.2034407401517828,5.099358923742935,21.96870639554676,21.60522379220315,136.19648678860761
5802926.608094273,0.2033326142464796,5.1009444029809945,22.007407489289974,21.599851455946542,146.31419143666824
5804297.584951531,0.20323464476402509,5.103543922749138,22.034700972311633,21.596354636141687,155.97682326696133
5805649.837451711,0.20311367247807696,5.1064752990045665,-337.95244870667625,21.59790691820266,165.32813172768286
5807074.927056907,0.20297647541019218,5.109835162815288,-337.952565571872,21.605896446357193,174.49484885164284
5808244.754510919,0.20286098180675247,5.113589931456572,22.029458607525125,21.622132907069503,-176.3991712249518
5809319.992336394,0.20276056331265827,5.117060192136082,21.997097587367946,21.644752823092627,-167.23809843851913
5810584.935464349,0.2026482781940931,5.1205036201776455,21.951688575943763,21.676405475943938,-157.90624904859223
5811171.283270534,0.20265496133271102,5.123136385151466,21.891312307469548,21.710053994814906,-148.26774173189912
5811562.493051648,0.2027193427347611,5.1256460996670565,21.819291605764413,21.755974957270247,-138.19602931417424
5812306.507504681,0.202813824620712,5.126853026919192,21.752826178935806,21.79080458585751,-127.52566516325122
5812869.341462642,0.2029397786402825,5.127605605248489,21.68641688789577,21.83745205665507,-116.090522517911
5814302.972093483,0.20304334347396893,5.127496842533795,21.61178992671078,21.88115207374067,-103.65763742353239
5816215.573126953,0.20322012468801234,5.126917650086119,21.55825237872426,21.90617944772283,-90.00927494753233
5819171.929265322,0.20345498456577288,5.125960449756678,21.50615352836194,21.925628473988528,-74.9076558085589
5822309.551002925,0.20374461139356434,5.124831379337357,21.484585399351825,21.938344105433206,-58.20238636337276
5825422.5920472015,0.20404506779939208,5.123183671948223,21.495003778060255,21.947930100595187,-39.86887012009843
5827830.217262292,0.20429379932862118,5.120719770176259,21.552067468875418,21.951922822614666,-20.16153766096518
5829364.651479082,0.2044300112394938,5.117355774996732,21.6472524564935,21.94390144026865,0.3473880389839366
5830526.805537954,0.20448122816697598,5.114275064843943,21.72642798291243,21.921783999514716,20.87179489330259
5832289.044185881,0.20453311185795628,5.114233419521081,21.781442410219643,21.921056481613125,40.546100623684175
5833223.249953525,0.20445989561104025,5.113449545718345,21.870046980596843,21.894586912471933,58.78208759420362
5833635.954173634,0.20433383333883526,5.1134084567468125,21.940595008943294,21.867642260376414,75.37411803248911
5835353.685240779,0.20431913748369734,5.1137473996385845,21.99812766086502,21.853136822762554,90.34068520377255
5837033.463162165,0.20429068119955693,5.113611704555656,22.03579068302867,21.85570311649219,103.86482502903333
5838893.027068559,0.20424326718270047,5.114126530632448,22.085215472569168,21.84925488718413,116.17207794553326
5840658.428500021,0.2041784191353412,5.114756614489295,22.129765021858205,21.844079494078457,127.49927462407565
5842479.751554951,0.20408913262596137,5.116050642453832,22.174925045938306,21.837283004086256,138.05246123623678
5844199.039779538,0.2039773800494865,5.116836890110568,22.209083020680353,21.834945391465983,148.01934948455215
5845723.089473125,0.20386160824999125,5.11982953651323,22.236161315718626,21.83202643017468,157.55910740371291
5846749.983455239,0.20376162441401968,5.122388697696734,-337.75989340365464,21.83424630158064,166.8211168470088
5847699.566129984,0.20367161962313016,5.126604129403307,-337.7646775732365,21.845666138663308,175.91274308114384
5848684.418194843,0.20357491009283724,5.130371478692387,22.215396110737455,21.86324882237516,-175.03839645294502
5849788.232165752,0.2034723780957273,5.1324134502267995,22.19164685055817,21.87733895219494,-165.91814600218817
5850741.936928082,0.2034078501294764,5.135168507933859,22.14420922501002,21.903967387126535,-156.6039445270726
5850746.08985408,0.20347019548809814,5.1378616831260135,22.088203035423586,21.940143722484446,-146.98132993295476
5850873.165654171,0.20356489552344237,5.140255089018922,22.019428740641427,21.986465978292962,-136.90614940429128
5851641.543561235,0.2036542383693274,5.141777735964785,21.941775092315606,22.03393893241426,-126.21281360525568
5852375.677460365,0.20377911041065488,5.142415486906712,21.872836204047857,22.080370731720983,-114.73190624461228
5853310.050337503,0.20388988224081517,5.142222297001048,21.81554602879163,22.119331994229224,-102.24904828384008
5855693.993938776,0.2040708388074267,5.141493666189673,21.750339454814434,22.14735666753977,-88.51000489399951
5858163.906169817,0.2042876373542746,5.140668722435778,21.712593577209454,22.16292963852897,-73.32110009091306
5860983.027692603,0.20456715344245685,5.139236209052789,21.697091780916956,22.178012446648303,-56.521350656801204
5863033.506874448,0.20481272029743677,5.137600368177928,21.724930607965973,22.186709261829304,-38.116684036293826
5865730.692425529,0.2050729939106135,5.13503490014465,21.781860335644588,22.189819669945035,-18.364199870797002
5867192.8335601855,0.20519453806869953,5.131332408278417,21.870797466032638,22.179505590863396,2.1281463838065697
5868627.91973469,0.20525988943794216,5.1292418287229316,21.94297584958235,22.16334770365741,22.552111637435072
5870604.275850616,0.20532145647675004,5.128383081770412,22.011856071416407,22.149826152013162,42.06575700266297
5872439.9370277785,0.20534316408734846,5.127880463288557,22.082414193181055,22.13117783703602,60.12566553924957
5873988.856990738,0.2052936879854713,5.127900004505951,22.161743717930875,22.104883491765356,76.52193178756328
5875755.753678275,0.20527515014954623,5.128131670305671,22.215042419967787,22.095724421377604,91.31633403308206
5877571.033677865,0.2052385002874144,5.128054854409119,22.2571220420122,22.097054542747895,104.68709040661075
5878995.472313542,0.20520005457915969,5.128404032894675,22.294007047484186,22.09281789931476,116.87525279339113
5880808.570160881,0.205127880974063,5.129817762661262,22.34493299249394,22.081661390344895,128.09083238668683
5882579.309649942,0.20503272444552617,5.130440701701651,22.384078643845562,22.078494712245465,138.55034658999446
5884144.567939568,0.20493771255718252,5.132465025917611,22.41986772712275,22.07281121231698,148.43479977981184
5885675.861390231,0.20481756239777305,5.135309667842349,-337.5549589031145,22.07037262699019,157.9010171784886
5887244.132444268,0.20467452330224056,5.137585133321704,-337.5426790929169,22.07256948397652,167.08675022045725
5888029.460020566,0.20460251444051658,5.140753561581064,-337.5432553871402,22.081421110181264,176.11363773966184
5889353.018030433,0.20447293495425378,5.143744539930614,22.439169024109038,22.09561011751709,-174.89655692873382
5890279.087798525,0.2043922641151829,5.146140730329423,22.40892863677332,22.112320099279295,-165.83115115964716
5890510.141518779,0.204410823707951,5.149776261416796,22.35075885870542,22.14770400263367,-156.57415712263946
5890615.134061674,0.20447533699820758,5.15276981788212,22.286034599730968,22.188094785220304,-147.00817677791392
5891125.950985013,0.20454191783989287,5.15480391308492,22.217804077038135,22.227571275449925,-136.9911338873477
5891467.909815237,0.20464942357041055,5.156324990314944,22.14952511490311,22.27506948571189,-126.37688141513514
5892776.278945731,0.20475527041189254,5.156913707268886,22.07149949467125,22.317838817509497,-114.96024038083276
5893773.303725986,0.20486948922505563,5.156742810154575,22.016702845375814,22.35302373165298,-102.5624038301339
5896177.807869801,0.2050561992384441,5.15632721664,21.9635511234906,22.369165532822798,-88.92102374532168
5899216.010504747,0.20530153158085854,5.155459183233311,21.916214694934208,22.38567074122929,-73.83218268552282
5902335.918672696,0.2055891350676642,5.154065565926676,21.894780706114982,22.400494837540858,-57.14306537867587
5905728.556798659,0.20590572412022168,5.152237125152162,21.904898372066192,22.41042350955083,-38.83813402675724
5908555.244097505,0.20617296783792147,5.149891637331789,21.958473002617637,22.41352072597742,-19.183649265814523
5909117.821064256,0.20623683376845875,5.145693176293165,22.043027118111485,22.402478628831783,1.2422215513990922
5910678.222313028,0.2063107702485647,5.142410922534616,22.12563308902974,22.37795332790731,21.630498171774267
5912475.819718208,0.20636425552301202,5.14160003251241,22.190842231273603,22.365533400672113,41.14711257168411
5914036.683592854,0.20637089060892147,5.1410461573192086,22.259615248122305,22.34594204280093,59.230946805169545
5915757.260533569,0.2063507649136416,5.141036237049541,22.335292775121143,22.320677072340565,75.65810791277045
5917637.19587123,0.20633913582671976,5.141399268645303,22.3956889818254,22.305867192544362,90.47670107061418
5919356.554209759,0.20631122822647519,5.141497289322541,22.438153525778183,22.303812509159293,103.86837101281748
5921098.691870093,0.2062675843216756,5.141571394886327,22.478782048583298,22.302834732501154,116.05782370420732
5922834.369298758,0.20620605340707424,5.143027424670666,22.52868405875829,22.291105123125643,127.27320406619718
5924663.015118688,0.2061192674764163,5.145242138874543,22.578329870345765,22.27962633132178,137.7186712351336
5926308.057483256,0.20601239339600919,5.14685520362213,22.612929311506907,22.274889690609903,147.58175147561386
5927909.918766174,0.20589192649013116,5.148808990027983,22.640013820305857,22.272956376839943,157.0141684229654
5929010.694731452,0.2057962786891793,5.152778952988172,-337.35070604695755,22.2762372664835,166.16017147286473
5930216.766064456,0.20568133006793518,5.15668958755522,-337.3541952953533,22.286521825280943,175.13602177155417
5931122.657984598,0.2055926635878501,5.160103920355497,22.628763914125777,22.302033761450485,-175.94053555333068
5932254.108634785,0.20549302840240802,5.163103477340241,22.592469933607056,22.322172838551953,-166.95073701830427
5932636.164001491,0.20549176447199946,5.1669376655226245,22.534445975877524,22.358102921958125,-157.78854369440776
5932337.353185143,0.20558868580774772,5.169413636350597,22.48242260404826,22.39014776945876,-148.3401582836597
5932432.975438595,0.20568628108479275,5.171930723674523,22.412875386378946,22.436562478730256,-138.46507322970538
5932816.339494135,0.20579817624530813,5.173583860984733,22.341472171024343,22.484404394899048,-128.01219926208947
5933303.200060431,0.20592861471473614,5.17424514647075,22.282850338973695,22.524981101862362,-116.81027068007879
5934099.007700805,0.2060253732120545,5.174151423347514,22.222332038500742,22.56918865036449,-104.6520131614255
5936025.494125493,0.20619985718259698,5.173613524216936,22.16957887204029,22.59313953609245,-91.29740017578973
5938765.036268029,0.20642253075766132,5.172849929021826,22.12435717579201,22.609077870279197,-76.52860049147439
5941700.615920175,0.20669608511730025,5.171248396303504,22.097480635912287,22.627736588196257,-60.18091648530694
5944930.778180286,0.20700552460388547,5.169226081200337,22.102757171587015,22.64021209641009,-42.205167568870465
5947870.665834323,0.20728657403219916,5.167006733771574,22.15019794197246,22.644594061250874,-22.807626991037154
5949480.980745843,0.20743429015880566,5.162871665069988,22.239386108645686,22.636691229016485,-2.5195541539281465
5950746.616098067,0.207496046170585,5.159743422795865,22.32158591243961,22.61637983297466,17.896588886607834
5952580.908434087,0.20755850162489253,5.158745448264621,22.387552205858086,22.602915134383863,37.58305181086465
5954376.301572062,0.2075783093320309,5.157844977242969,22.468100404574884,22.576388936788927,55.91020849255535
5955903.203099331,0.2075262254382995,5.157697938789005,22.55319994688385,22.54695330756934,72.59936488195513
5957787.742194092,0.20751936741047924,5.157894274641042,22.60858668564039,22.5370408319815,87.66531460243984
5959693.597379282,0.20749649586358934,5.157878623109846,22.65269117311059,22.537220345050997,101.26208343161669
5961322.978235576,0.207455160004636,5.1582877637840365,22.695242991929554,22.53175956507808,113.61993065436505
5963185.8012284,0.20739533662291593,5.159659137640737,22.74814816832881,22.519844685958667,124.95692363476512
5965018.901581336,0.20730893240477227,5.160739058173524,22.792308994929154,22.51371443959365,135.48950891088398
5966804.494531754,0.20720116369929584,5.162007579586578,22.830202858352134,22.509466854749167,145.4023337650764
5968521.936600434,0.20707069003408268,5.163883692562132,22.85896837367512,22.506897760289498,154.8570678880402
5969763.13080783,0.2069632133544854,5.167247222508561,-337.1285012709053,22.508400038995312,163.99698094826107
5970956.452626746,0.2068488084743709,5.171305998479248,-337.1315680594865,22.51743553633987,172.94204237449532
5972069.433681592,0.20673873082636124,5.175002917692672,22.848389670789153,22.532539525576983,-178.18984984654318
5973131.146085018,0.2066435628843346,5.178494210774189,22.81108836040222,22.554045684211566,-169.28764303053873
5972979.239811551,0.20668690148902863,5.182694529161061,22.75696990031769,22.59036211941009,-160.24833139022195
5972474.296021329,0.20680152053400094,5.186210036059071,22.69445178501469,22.632185400312725,-150.95324323495757
5972262.487665689,0.20690803340538788,5.18894594457767,22.63100441081588,22.677853083422338,-141.27855152410223
5972336.504560277,0.20701967739027421,5.190834997771942,22.565728915094496,22.725477579836205,-131.0748614264363
5973047.836166358,0.20713672282733278,5.191844999365864,22.49311875944257,22.772997682166466,-120.16585785329431
5973828.775294207,0.20727584827812098,5.191979651502762,22.431838471830805,22.816284856515257,-108.37154506169811
5974954.9942881875,0.2074001376549189,5.191305200724004,22.373668637354427,22.857336807338832,-95.46646548068739
5977585.655890377,0.20760463536285806,5.1907495301934645,22.32701039298699,22.871288277377,-81.20284694981622
5980389.103667216,0.20785572442687728,5.18964885689028,22.296939914253358,22.88640520935905,-65.40696191903814
5983674.8583782185,0.20815831545058325,5.188286899419477,22.2924270301324,22.896712539792,-47.97419300413399
5986562.071382966,0.20843535041153208,5.1859730857736395,22.323342488799096,22.904067462043898,-29.021862845454876
5989159.656156739,0.208659245458648,5.183629179817999,22.39096862636809,22.902359479790782,-8.971620840274776
5988961.60454658,0.20864217014067957,5.179428296361135,22.498179801170824,22.88170723417817,11.440689426210605
5990671.2492724005,0.20870832150596688,5.178346930118024,22.561658870515302,22.869939752601947,31.40365868433659
5992550.092651689,0.20874834869425274,5.177686930187844,22.628956089899763,22.855230638468658,50.16994362499669
5993303.491973512,0.20864435600388578,5.1773280981482,22.71051430831934,22.828664311153474,67.3516351153131
5994938.777585056,0.20860102420833962,5.177552240497647,22.776953199994622,22.810510378203983,82.88399027545805
5996829.768140072,0.208584272503477,5.177922880493488,22.830843711140187,22.80057509589211,96.88918874811853
5998719.30385768,0.2085488854527632,5.177409167834576,22.866076209818555,22.80824227847158,109.57621438120698
6000494.2339891065,0.2085000382483756,5.178672866359086,22.917741705380234,22.795747386924997,121.17826838929055
6002345.757963048,0.20842170906163351,5.180386229539352,22.967929483589675,22.78456699298002,131.9081648768051
6004161.059251351,0.20832784286608574,5.181396100596698,23.008364858676778,22.78047003205139,141.95938284109755
6005922.043238768,0.20820886719805592,5.181730334995663,23.03945338079208,22.779785916721412,151.50041711988766
6007233.535519125,0.20810069810545623,5.184410547756236,-336.9432095540811,22.779345208486617,160.68233738244464
6008240.54839324,0.20800135786141963,5.186748133257043,-336.943310330949,22.7830763417806,169.63204255154866
6009097.982413743,0.2079166241522944,5.189503269547736,-336.9532462414333,22.79244032800279,178.45674956855555
6009890.2292050235,0.20784194653355473,5.193695492230082,23.014839687539,22.814914351193305,-172.7283314112342
6009620.4037693925,0.2078971338848877,5.198147322071119,22.957061840443664,22.8489370211241,-163.80832305324492
6009022.836098395,0.20799968933406904,5.201715794626245,22.90317982726039,22.886474624856305,-154.69143150624197
6008653.257239392,0.20811316376651737,5.204474405512928,22.844834873732374,22.92660559540987,-145.24529407945914
6009049.4892561175,0.20819962614831716,5.206357458275794,22.778619896365196,22.966363390629073,-135.32562121377208
6009775.489931641,0.20830244384418925,5.207637035642077,22.705803572543626,23.01127487604587,-124.7812659226987
6010552.020914424,0.20842468703737108,5.208108827982596,22.639592345624713,23.056294524065393,-113.438088121625
6011501.028854089,0.20855084127858747,5.2077758410996315,22.582600996845628,23.09687925206712,-101.08572875474252
6013716.770796526,0.20873908980300088,5.207290573167849,22.536234541929385,23.113317065759812,-87.47759783333935
6016277.220383035,0.20897093424357074,5.2064099199149725,22.501972034456283,23.128636908209874,-72.41413813415652
6019260.463663254,0.2092529677874238,5.2048854568306435,22.48583534958446,23.143603479610185,-55.73914986166045
6021938.388143217,0.20953073728892543,5.2027595814017475,22.506944474366886,23.154054759142426,-37.46422434589559
6024602.37225827,0.20978244715173636,5.199715520534383,22.562898136986863,23.15693949551886,-17.860423662001295
6024880.7272595875,0.20982663719665143,5.195494975024989,22.657273308830664,23.144324763482235,2.460569187052204
6026202.826177608,0.20988353074623256,5.192805802297347,22.73172651054262,23.123052574236304,22.704327379490895
6028281.427569898,0.20994957019302618,5.191799356331812,22.802357100207633,23.106915780753567,42.029609083473375
6030182.613952441,0.2099701892025742,5.19130538764777,22.87389684346824,23.088034877946562,59.90160268766761
6031956.887985246,0.20997201229853518,5.191347462992369,22.946376062055123,23.06036768750122,76.1254227940934
6033689.967989646,0.20995899664269305,5.191862173786949,23.006949215937226,23.04100758114006,90.74888795553842
6035607.838950669,0.20993307086014917,5.191863464339281,23.05059686729769,23.04085174339363,103.95081280823221
6037386.386365147,0.20989210180848025,5.191792617380245,23.08923313314963,23.041612685622923,115.96586283803428
6038936.777294343,0.20983229181519347,5.193152111847207,23.132926541579895,23.03093608383568,127.02091224743818
6040596.843896443,0.20974673660730817,5.194475204368408,23.172632628176505,23.02421554411132,137.31187785556943
6042414.574297173,0.20964287579987834,5.194956388831404,23.208777314570856,23.022811725817014,147.01280010224423
6044147.451045528,0.20951383029130982,5.196203958311919,23.236628375994925,23.02157036324034,156.28546562078697
6045365.789915452,0.20940514962255957,5.198561420732964,-336.7534235266804,23.023399312683576,165.2694944053199
6046377.275083024,0.20930822009222366,5.202180929014146,-336.75810093194144,23.032557537886593,174.0767903254871
6047157.321971048,0.2092318973812,5.20649234426508,23.220081939827466,23.051441995016134,-177.18126949424882
6047211.816121189,0.20923690207108314,5.2101829118285234,23.181724438821416,23.075283492725646,-168.39268845364873
6046442.3544447925,0.20934667328765114,5.213308360902077,23.136277591114073,23.103338383726275,-159.45685840322022
6046376.1007591,0.20942467779839022,5.216774543709224,23.06892363251638,23.14597883787424,-150.25301499559902
6046285.54648185,0.2095360775352275,5.219455302032459,23.000935811646464,23.192249930253837,-140.66331995052582
6046649.991074622,0.2096392892480188,5.221080705295703,22.93493939489198,23.234883837458124,-130.53795029359435
6046827.667898182,0.20977976478264224,5.22193177642154,22.87928908467947,23.277581927995424,-119.72150634280993
6047583.231160225,0.20988076322337024,5.222014171634062,22.818721379059053,23.32165823756744,-108.00652724421144
6049042.97340991,0.2100259638251883,5.221288343613093,22.755479211053842,23.362670573407918,-95.17225208007618
6051289.231187332,0.210227707137305,5.2204891565658915,22.712862279725094,23.382020457390418,-80.99256826644947
6054069.280209383,0.21048329612182415,5.219833717513102,22.69183619476703,23.39079324703087,-65.27251287685012
6057395.487652069,0.21077881559295658,5.218275367801288,22.683776684513514,23.402320104567707,-47.90823894980905
6060587.172059942,0.21107633400092093,5.216454539583593,22.71666461435006,23.407879792569574,-29.023391449632026
6062862.4407919515,0.21128157467491906,5.21444936136101,22.78833582511623,23.406254674855212,-9.04003929401621
6062479.639559137,0.2112534644266306,5.210551271016972,22.89097981113522,23.386925772929054,11.317177605099257
6064473.336170264,0.21133684525181,5.2087510638041294,22.96251649147843,23.367405206788877,31.22442959785018
6066377.9901469,0.2113816110676445,5.207869568995599,23.032393299086234,23.347698033331017,49.938350695223136
6067211.999078853,0.21128207124559092,5.207471585085521,23.11786390646681,23.317796469256304,67.06323760139482
6069130.844138866,0.21128189990529714,5.207717612068361,23.183035899129425,23.298278240477607,82.53936286918629
6071105.979090873,0.21126958605420076,5.208405617038347,23.245686396327805,23.280143994585,96.48173172670282
6073078.61619989,0.21123791026645297,5.209203256221944,23.301473520015332,23.26804694009969,109.10194882128918
6074968.3370289095,0.21117489769689285,5.210461160422597,23.35479245864025,23.25565415186059,120.63231945897782
6076854.785883751,0.21109710938036197,5.210957959429068,23.397278680342218,23.25238686083969,131.28764430154158
6078724.356478596,0.21100408007998755,5.211491317985207,23.436652928940394,23.250197547064552,141.25841439141215
6080543.813971024,0.21089188644125048,5.21344809424317,23.47380161588717,23.246185969404284,150.71090012131526
6081947.809205459,0.21077695024879342,5.215460745206148,-336.5077697976352,23.245699018903586,159.79854298890183
6083186.80433863,0.21066677943712142,5.218437359467405,-336.50029281159703,23.250135345830966,168.63780289867128
6084164.215763817,0.21056893011606925,5.221728027774923,-336.5132916262763,23.26083622956738,177.35118761665444
6084587.681841992,0.2105303462808448,5.225343619776663,23.45301231941567,23.279482706494434,-173.9547613166945
6083468.472484924,0.21065734584434342,5.229346454875863,23.40951871309229,23.308929940407108,-165.18752749118747
6082867.9986203,0.2107575751004655,5.2332677990984,23.35308242125813,23.348516951208964,-156.23337724784793
6082380.169373531,0.2108763111021209,5.236431974532369,23.29228427330407,23.392361916121978,-146.97634337186093
6082075.765978081,0.21100799765639655,5.238647553478174,23.233001303988665,23.436234258446472,-137.28596614040936
6082278.626564974,0.21113212817842897,5.240168307473358,23.16658264156974,23.484450875646118,-127.00674186507935
6082576.64885187,0.21127342017672715,5.2407338541207,23.112692665580287,23.52592249479023,-115.97227378433297
6083662.760465816,0.2113775109915648,5.240527006425111,23.04756324036785,23.570019860785326,-103.96638381486132
6085466.098508412,0.2115374371470365,5.239967887447605,23.000292652233806,23.592205039931272,-90.76902683210612
6088051.105932325,0.21175527310471662,5.239428574083493,22.965749795317183,23.602742844101606,-76.15615311320576
6091491.563336203,0.21203484939230774,5.2379491226080255,22.93238893138235,23.619087841806977,-59.94666782535056
6094336.743301731,0.2123096308407208,5.236445222802135,22.942235681026503,23.627846274773642,-42.11342271359225
6097186.386052001,0.2125792909218987,5.234369268808178,22.989011659817038,23.63153564485195,-22.84868203433747
6098911.859195389,0.21273196134375327,5.232278755145195,23.072069264839186,23.627185098192616,-2.683056044800561
6097000.905067546,0.21258710938987496,5.228806074060271,23.17142050675393,23.604427461209095,17.600784628340882
6099032.441548964,0.21266137689876677,5.227594375618828,23.23931831537062,23.588044011883934,37.17535264142451
6100859.643228628,0.21268986710220616,5.227134361808047,23.30269379599924,23.574430620827965,55.39536167385086
6101565.427505771,0.21258657051462132,5.226993466500674,23.3805575333466,23.543916426483147,71.97899592706042
6103457.197939398,0.2125812771212875,5.227418697681259,23.445045783522016,23.523442057451625,86.92817705572737
6105336.136229631,0.21256410565459724,5.227484516351516,23.488419375448295,23.52189294613588,100.403758788367
6107244.077556791,0.21252224645365006,5.227970000292577,23.536712104198674,23.515499568191885,112.6267442442326
6109182.839442512,0.2124678746231802,5.229227082966994,23.58903581462408,23.504635503150105,123.82573126606688
6111092.373091709,0.21239219271769336,5.230791140263322,23.63741199190737,23.495755470827007,134.2103699487387
6112545.607073111,0.21230835221578281,5.231589403661188,23.667137261731284,23.49302507544659,143.97263036216927
6114339.664999748,0.21218721317832148,5.232992143019046,23.699357473482436,23.490941516446526,153.25334402012209
6115449.437204199,0.2121006445145406,5.23570155486935,-336.2856203829439,23.491690889959848,162.20597240193723
6116265.96398212,0.21201551530674312,5.239855369009511,-336.29500546203434,23.499956323210057,170.95376755611755
6116508.868183391,0.2119870994301516,5.24446682672059,-336.3223092423478,23.517299441126198,179.59961445371718
6115766.060505191,0.21206904968655063,5.24940216982528,23.624929668048775,23.54546856153758,-171.744855876215
6115010.882802166,0.21217306662602953,5.2538030821051445,23.568882572582606,23.58065639494164,-162.99212742462808
6114366.183855306,0.2122943063242998,5.257537281529004,23.507497036734836,23.621396268729193,-154.027910810168
6113947.62865499,0.21240327154543237,5.259805088439367,23.45931287210081,23.655490311518115,-144.73820831867872
6114166.715339227,0.21248502283296059,5.261981197235091,23.39239981304404,23.703052862391463,-134.97585345069277
6114627.628065977,0.21259384434253115,5.2630452415400795,23.332564170496518,23.742118205460773,-124.58940370436223
6114932.060668092,0.21273552607559978,5.26348208157263,23.275730038479523,23.788674389623143,-113.41063340643795
6116181.422342693,0.21284684960405253,5.263084457530833,23.210299800226736,23.83168482903413,-101.20984358836765
6118370.068529194,0.21301943589395989,5.262354361090398,23.1569569796581,23.855516963128213,-87.7638722079078
6121190.893360937,0.21325727301144687,5.261210027085253,23.11482765055573,23.875024240216263,-72.86051106259066
6124298.86430667,0.21353122375533126,5.259882050399879,23.096251476794688,23.887883926035965,-56.340464311051036
6127572.510447364,0.2138275956698583,5.258593568183179,23.1098405217831,23.894122256300133,-38.19757917661553
6130232.356910206,0.21406977505167005,5.2567671112988865,23.15883983409974,23.89582230582007,-18.69946495577165
6130905.504937882,0.214138799014437,5.252922293256129,23.243248729558697,23.884659063450297,1.5563061022567617
6132204.236441908,0.21419009417170187,5.250155435305108,23.327072606334262,23.86327772958157,21.755436029745088
6134119.563892653,0.2142508010580416,5.249687979331878,23.384113139678906,23.855923032871964,41.07454126201748
6135988.853318416,0.2142690666521442,5.249070949148652,23.45872020914739,23.83314573451974,58.94247913916718
6137823.5143133905,0.2142662266415557,5.249098213753999,23.5345547427335,23.80401481715146,75.15203747675015
6139791.050558133,0.21426223691882518,5.249308393062243,23.586933554963963,23.795817949354497,89.74587700082293
6141766.547989497,0.21424172643057068,5.249297840261226,23.630112078381366,23.795887440122414,102.90489065701054
6143498.4169133995,0.21419813342513147,5.249578024497693,23.67102331175487,23.792493999997884,114.86238041659045
6145206.722921692,0.21414750989807924,5.251013615965572,23.71840237759809,23.781117194741583,125.8396753802015
6147061.522491455,0.2140593912716083,5.251299421855035,23.756551390015925,23.779616832808966,136.0375975385083
6148894.66540413,0.2139555340397272,5.251274801167582,23.7905342207739,23.779670669989898,145.6353065691566
6150475.556088315,0.21383703927016506,5.253036712550283,23.815772219878177,23.777654635409828,154.7923555301038
6151568.7590571735,0.2137512221866487,5.254783227631333,-336.16991306692864,23.77866533404008,163.63755468327986
6152547.60783945,0.21365451894389934,5.257718791962197,-336.1747791899587,23.785355500940927,172.29406598354186
6152892.7106450405,0.21361822704948827,5.262104864233834,23.799407242085113,23.803135717034234,-179.13319685273018
6151778.259736359,0.21373945890365578,5.266336890755334,23.74990334999162,23.828621880940037,-170.53408559677894
6151129.092377311,0.2138330046483725,5.270170812124008,23.699308900740732,23.860675285293606,-161.82511637777222
6150531.295855032,0.21394543035829341,5.273677497774967,23.642119593813515,23.90056176643513,-152.89147367038345
6150465.220916962,0.2140299816254074,5.276359959087068,23.581542805906757,23.942687544346096,-143.61004153533682
6150329.791660171,0.21414761372158342,5.278426025757015,23.51990314298841,23.99027379679287,-133.8502378571077
6150486.2110759225,0.21428028295437765,5.279638745320271,23.45741848157178,24.03852559416799,-123.45067548106884
6151238.70386162,0.21441029538493947,5.279911006578493,23.401723421030038,24.07557885483101,-112.22469033933625
6152710.016436249,0.2145350775410242,5.279487910442011,23.339305347008004,24.11255376698702,-99.96021288293639
6155270.098204045,0.21471867393324545,5.278967362216643,23.288939526638234,24.128218486026668,-86.42499209628062
6158160.365292184,0.21495834222032523,5.278238955686002,23.255279322204437,24.139900716676532,-71.4160788134418
6161483.169347556,0.21525121363561112,5.2769746223734995,23.240081483088677,24.1514026859522,-54.77750173007221
6164908.997116223,0.21555494575605105,5.275469490292747,23.25460240812964,24.158079787788516,-36.519372444353685
6167050.028674308,0.21577116433238816,5.272864924889801,23.316131494913513,24.159650222446718,-16.950426814584503
6167297.369119212,0.2158096908172128,5.268626448685245,23.409442419749393,24.145736204144907,3.318575681234035
6169390.696818836,0.21591097820233682,5.266075000876609,23.484793031957913,24.12465621087342,23.46786943414131
6171403.330354914,0.2159713199468153,5.265700198495098,23.54280178241905,24.118359848368495,42.661102273674366
6173279.166001352,0.21598920161702478,5.264707111659682,23.634242528561316,24.077285190771793,60.368432136794084
6175058.046752105,0.21597003158980035,5.264802412071241,23.710746561440683,24.048971613097244,76.40378769191298
6176968.386476027,0.21596552205423405,5.265201828720623,23.766996594942043,24.034940163457446,90.8339955337443
6178781.111597786,0.21593875406994392,5.265282097343384,23.808333236283808,24.033375173006252,103.84619321155178
6180716.075797079,0.2158900036402049,5.2665231403855275,23.86385072983361,24.01916779872786,115.6669065731169
6182392.979998054,0.2158383422280561,5.267569186721487,23.906737012316874,24.011172745702755,126.52865748654851
6184078.095800988,0.21576675591178296,5.268604680216344,23.94562240175487,24.006025987859818,136.62669213166487
6185869.057515087,0.21565548932471165,5.269521607499191,23.97944208999002,24.003407036303667,146.1358399366257
6187617.305013925,0.21552343056813494,5.271403474917006,24.00642476663855,24.001496113978465,155.20885320305072
6188670.971196678,0.21542961799963664,5.273681505240004,-335.98540579689455,24.00306055453806,163.98463447445093
6189284.314866718,0.21536430136050383,5.278437309313191,-335.99951580600646,24.01433171205304,172.57613718129141
6188554.795766948,0.2154276944322783,5.282735250927147,23.960231061625596,24.032081083811914,-178.90277635118485
6187664.915422628,0.21552884404994735,5.2873658728433135,23.90581784871757,24.060270750142834,-170.36506892026352
6187039.587037383,0.2156241984771813,5.291414049632961,23.85077938671491,24.09433990083489,-161.71565850160394
6186364.213649958,0.21574093061539068,5.294324179179892,23.80227005746251,24.127577954919555,-152.84562799352497
6186145.288192255,0.21583905985250715,5.29723591690411,23.7399723801694,24.173424539586332,-143.62842771339007
6185901.212452712,0.21596066406790648,5.2986655788954025,23.69540590585443,24.206386698404597,-133.9351494259323
6186454.8253114745,0.21607399465467708,5.299787302148932,23.628949607473142,24.25103000369029,-123.59467346331286
6186904.281602861,0.2162167289086772,5.300125377831589,23.570971733706124,24.296861076665053,-112.4453571933356
6188087.445541456,0.216332428523593,5.299638438989952,23.50851443460051,24.339746201324736,-100.26115737045215
6190447.3339481335,0.2165092607584123,5.299002841322521,23.45845641166164,24.35895548158279,-86.80803547157707
6193543.36386317,0.21675117877278535,5.2977744323437905,23.412762403157014,24.378767601180297,-71.87502366590105
6196693.187694581,0.21702726889731216,5.296554720234886,23.397680612691776,24.38996547123201,-55.31259909361358
6200243.726260157,0.21733766082707487,5.294439071410919,23.407799792530888,24.399579473158617,-37.11731662336385
6203403.924555803,0.21760629774463755,5.2922837140977474,23.455863710993235,24.401033671100254,-17.576342326323136
6204883.893892027,0.21772356272982593,5.28805594731369,23.548198673467624,24.38762715529237,2.6814825235094917
6206657.525699886,0.21780597789188694,5.285251858813515,23.623763878917583,24.364966666671197,22.847667222906402
6208364.935411163,0.21785176316300014,5.284919849823715,23.676812712217124,24.35949854194826,42.076096040079975
6209343.348363914,0.21776597242123033,5.284298876157157,23.76474373076998,24.334765966875693,59.804125549500206
6210445.225712022,0.21765646002839295,5.284386904867716,23.850727134867913,24.302620779615697,75.86113458269628
6212292.5352444295,0.21765224921073445,5.284899344808926,23.909523665530838,24.284329373956282,90.3104616481161
6214284.591046786,0.21763314115592,5.2852477738765185,23.958434019456945,24.27788776832948,103.32656627515915
6216218.603496458,0.21759786906095407,5.285899726083324,24.006632627418785,24.270321910807915,115.14433864780979
6217642.97976375,0.21756032838918865,5.286906434302548,24.04395767415279,24.262544620544507,125.99843591647225
6219542.236926867,0.21748182011452044,5.2874777780189754,24.084670260538644,24.25964991562655,136.07111132686316
6221274.320664946,0.21738761865767908,5.288996178582542,24.121186254582064,24.255209605481816,145.55052168808405
6222957.687530948,0.21726766646516774,5.290327028630271,24.148427930335437,24.25374161810686,154.5866523235806
6223841.55563231,0.21719167282348875,5.294030817985122,-335.84451790675314,24.255930753034296,163.319375185512
6224010.032380374,0.21715875492615774,5.298155990557635,-335.8658118100712,24.265222157215128,171.86869412633172
6223176.096852794,0.2172284825788902,5.303250130889658,24.08642230257243,24.28551955738836,-179.66496045359412
6222385.352239609,0.21731532386624666,5.30727312886426,24.041427836282452,24.309254130523563,-171.20120013200184
6221655.438815039,0.217414336270381,5.311014421424198,23.993261868880115,24.33979749914857,-162.63486973892364
6220892.6029513925,0.2175401290009132,5.3146103045031605,23.93747236124744,24.379556396706683,-153.85655977575885
6220336.626698893,0.21767043141665704,5.317617007066649,23.877718230108577,24.425120734289507,-144.7494744589875
6220210.521872371,0.21778444973529407,5.319801875202708,23.815465659312054,24.473014437982098,-135.1795777868185
6220395.6322540175,0.2179129300745487,5.320972359056134,23.757359189714833,24.5158630250461,-124.99384531629856
6220498.604827778,0.21806276315131,5.321422276115589,23.7047423102569,24.562645230658052,-114.02508507949078
6221565.196513116,0.2181567378574717,5.321059416682654,23.64528685637238,24.603566528417733,-102.04568338119256
6223601.6326859575,0.21833706903765482,5.320449404895987,23.600224811141533,24.62387767323473,-88.8332115117638
6226405.49047978,0.21856818160730335,5.319360419314394,23.55871576733747,24.642778060293132,-74.1642384704918
6229494.955783237,0.21884008434200422,5.318143491007386,23.541067751008775,24.654842170208287,-57.870647899380586
6232270.2153193895,0.21910986284379272,5.315906964273308,23.553400673416377,24.666265126508574,-39.92604921329997
6234927.263911746,0.21935909163881037,5.313521446853032,23.603462671000923,24.669149893220812,-20.561992972035043
6235771.862870675,0.2194416669891708,5.309312850602584,23.68101155728314,24.658308262495403,-0.3457008416001193
6233908.307756944,0.2192966441440145,5.305238729458492,23.779732437861377,24.628887344803864,19.883060348864
6236104.614973482,0.2193752904941986,5.303760399715307,23.851897679156302,24.607139812300886,39.291079775865676
6238097.279990004,0.2194093338997947,5.3033178188874075,23.915854441162573,24.592204312867555,57.26629467283815
6239344.658846134,0.21933406312930437,5.303289528417679,23.99765608020845,24.56107592865146,73.56092316298009
6241226.801330095,0.21932342921285977,5.303822966542737,24.06185171218803,24.539396157092433,88.21560464415467
6243200.387231784,0.21930498397493878,5.303997362092337,24.107380274646506,24.535863263208938,101.40177710077492
6245090.3207420185,0.21927302213758246,5.304951695279157,24.158458189753045,24.524181276274877,113.35178421681198
6246849.264519677,0.2192152698293611,5.3066515861584245,24.208172969071267,24.51034368930236,124.29556014498999
6248791.667805126,0.21914079578058943,5.307392217881107,24.250912963404172,24.506353966023816,134.43288186769095
6250543.4347235,0.21905238439304867,5.308961206551097,24.28900250628506,24.501319728595963,143.95043482045938
6252345.802084453,0.2189367123528352,5.3108215992145364,24.321881796454576,24.498775886894233,152.99787189004397
6253657.836961281,0.21882580650509212,5.31323234667321,-335.66451326306594,24.499547114075735,161.72037611280285
6254010.322723886,0.21877565508394473,5.316944199666168,-335.68101480020607,24.506840120505615,170.24213174249167
6253000.80077463,0.21885681812862695,5.320927193267119,-335.72487903558573,24.521423162992267,178.6660057269404
6251861.878098868,0.21897337221673896,5.325932624776988,24.225783426647606,24.549034937157018,-172.93417689907483
6250877.328874761,0.2190947818228334,5.3304750967846966,24.172290253193673,24.58389993837705,-164.45285875566884
6250096.661598753,0.21921421532779237,5.334236144616077,24.118270454331963,24.622960037908843,-155.7855467734623
6249601.020201739,0.2193399760731846,5.337419095589016,24.05612174801525,24.66793781096932,-146.81264850654827
6249300.762086591,0.2194720404352895,5.339411206859601,24.001705228017446,24.707927517545954,-137.41173276389318
6249200.257463355,0.2196048194758834,5.3409038322483635,23.943276802218115,24.755703498193924,-127.43721062332783
6249136.239972532,0.21974885524291435,5.341465981726616,23.897916822972118,24.79711926345391,-116.72116482730875
6249761.436011566,0.21984103077873815,5.341262459295839,23.842758560922086,24.841545044399872,-105.05104024633495
6252129.168066803,0.2200088562176013,5.340834527492768,23.791055937587746,24.858762796554803,-92.18472074195189
6254698.350205548,0.2202218102855664,5.339741214222848,23.746483276507675,24.88041359689909,-77.9214773174799
6257816.66876433,0.22048722446749927,5.338344825110629,23.71922779088055,24.896191675674103,-62.057167471475196
6261317.567462407,0.22078517317167778,5.336824805934974,23.717130697649786,24.905450545496087,-44.51109881418084
6264731.956652332,0.22107475198571935,5.335185435918409,23.749153879709226,24.908836890937863,-25.445638507350573
6267274.190847574,0.22128145138513813,5.332486861482343,23.824532613429696,24.904371233180573,-5.366171295738081
6265902.610553794,0.2211816272195621,5.328915263252637,23.921170094197386,24.883102709298726,14.948281944397744
6267904.617359944,0.22125886077778603,5.327546957194045,23.985475834690607,24.86608822338639,34.640609941245344
6269505.014038805,0.22127770599804206,5.326637013725654,24.055610627668255,24.841838637077753,53.00380155595781
6270681.240126859,0.22121290765249277,5.32641548745569,24.135252336417846,24.811372478431707,69.70382124656089
6272705.4638020005,0.22121668564320615,5.326739008879898,24.196440705934318,24.793952650479422,84.72608671914753
6274693.650261326,0.2211951315125894,5.327471899130034,24.255699897984332,24.77751796452824,98.22173056305834
6276742.261284903,0.2211668860941052,5.3283708017014275,24.310137637649177,24.765371583139533,110.41655848569398
6278531.098071655,0.22112495452049927,5.329935136775465,24.3605976189276,24.751407056392807,121.54933994073859
6280485.805090906,0.22105152436221323,5.3315586499306855,24.40888735247544,24.74175556025723,131.8254765904442
6282351.441357322,0.22096480144850592,5.332545366136134,24.448155436500866,24.738105563444467,141.4354206258
6284162.490247982,0.2208446244872138,5.334540036846666,24.48082277689297,24.734502026589176,150.54111165508755
6285292.974992916,0.22073417489755615,5.338225822194504,-335.5112360874447,24.73410331763111,159.29372556128516
6285753.062308472,0.22067400002337076,5.34160682224328,-335.52284816722727,24.739235741854838,167.80515026702054
6285066.298206262,0.22071914763578998,5.345786648759116,-335.5621317302076,24.75249190251257,176.1887417278962
6284089.205486873,0.22081395991427524,5.3500451617701055,24.39697488380358,24.77356611807348,-175.47986368178678
6283347.30415377,0.22090983830251154,5.35476669100009,24.339782533643863,24.806513445413053,-167.0902992548308
6282427.054168176,0.2210375043014975,5.358892987481838,24.285160474076623,24.845554028911984,-158.5534190270233
6281699.858284453,0.22117292132541846,5.362244222528997,24.227339174922626,24.88838075648719,-149.75183012182586
6281228.43305954,0.22130279155581958,5.364852515413712,24.16902728150908,24.9347593066839,-140.5665107625229
6281121.417050516,0.221413960110344,5.366652983663556,24.11003145467815,24.98322223380971,-130.85686266571844
6281357.613745516,0.22154837398693697,5.367583101222322,24.049438981362254,25.03123855080553,-120.45767259454443
6281492.153157465,0.2216892500979884,5.367654129724545,24.001393864673123,25.07683016955661,-109.19201528668881
6282887.710533757,0.22181461478902553,5.366919196478365,23.939832763123025,25.118099477671556,-96.81441854560694
6285499.593995385,0.2220138622721046,5.366200994075442,23.893316866643147,25.135579888801182,-83.09734830162154
6288652.202924356,0.22225502610645737,5.3653246271362764,23.859450260319882,25.147483005798787,-67.83185662700983
6291641.540971117,0.22252795865200828,5.363708237098785,23.852920735633056,25.159846872923588,-50.89497508980205
6294742.640162356,0.22280345858958606,5.361501903088403,23.87336445334142,25.167344454693765,-32.332523693891815
6297462.125849143,0.22303463100557408,5.359262678752123,23.932460900044866,25.166569718140302,-12.524315112624436
6296381.317605594,0.2229770140340402,5.355196463181794,24.03290576284638,25.149087150941263,7.813099033474806
6298683.40561947,0.22308325684534228,5.35366583750699,24.09657685346241,25.134152041137856,27.83523686758216
6300633.458877262,0.22313475028172722,5.352965201313895,24.157741354922756,25.120244754765608,46.72240895420818
6301052.863176471,0.2230175388708844,5.352390441780009,24.24318810740451,25.086412513865238,64.01021304148999
